helipistas/1493500819_153_430/INPUT/LCP/Elevation.asc
ncols        198
nrows        222
xllcorner    366353.824162221397
yllcorner    4565457.789070339873
cellsize     100.000000000000
NODATA_value -9999
[rows 0 to 41 of 222, columns 0 to 93 of 198]
32767 32767 32767 32767 532 532 593 593 651 671 671 694 694 712 732 732 756 756 785 785 786 793 793 773 773 725 725 729 761 761 762 762 779 779 32767 32767 32767 32767 32767 32767 32767 32767 32767 32767 32767 32767 32767 32767 32767 32767 32767 32767 32767 32767 32767 32767 32767 32767 32767 32767 32767 32767 32767 32767 32767 32767 32767 32767 32767 32767 32767 32767 32767 32767 32767 32767 32767 32767 32767 32767 32767 32767 32767 32767 32767 32767 32767 32767 32767 32767 32767 32767 32767 32767
32767 32767 32767 32767 532 532 593 651 651 671 671 694 694 712 732 732 756 756 785 785 786 793 793 773 773 725 725 729 761 761 762 762 779 779 790 813 813 828 828 836 836 839 857 857 854 854 854 888 888 900 900 883 883 871 855 855 819 819 819 819 816 820 820 833 833 805 805 796 819 819 825 825 796 796 790 790 790 777 777 779 779 792 778 778 751 751 721 720 720 727 727 744 32767 32767
32767 32767 32767 32767 527 527 542 584 584 629 629 657 657 695 725 732 756 756 785 785 786 793 793 773 773 725 725 729 761 761 762 762 779 779 790 813 813 828 828 836 836 839 857 857 854 854 854 888 888 900 900 883 883 871 855 855 819 819 819 819 816 820 820 833 833 805 805 796 819 819 825 825 796 796 790 790 790 777 777 779 792 792 778 778 751 751 721 720 720 727 727 744 744 751
32767 32767 32767 32767 527 527 542 584 584 629 629 657 657 695 725 725 751 751 768 768 782 797 797 791 791 759 759 746 774 774 803 803 821 821 846 857 857 859 859 878 885 885 896 896 911 911 904 886 886 855 855 833 833 823 824 824 797 797 775 775 766 788 788 800 800 785 785 767 782 782 796 796 769 769 790 790 790 777 777 779 792 792 778 778 751 751 721 720 720 727 727 744 744 751
32767 32767 32767 32767 527 527 542 584 584 629 629 657 657 695 725 725 751 751 768 768 782 797 797 791 791 759 759 746 774 774 803 803 821 821 846 857 857 859 859 878 885 885 896 896 911 911 904 886 886 855 855 833 833 823 824 824 797 797 775 775 766 788 788 800 800 785 785 767 782 782 796 796 769 769 766 770 770 758 758 752 744 744 736 736 724 724 714 710 710 710 710 715 715 718
32767 32767 32767 32767 574 574 563 557 557 584 584 602 602 631 678 678 691 691 709 709 716 740 740 756 756 772 772 782 797 797 834 834 858 887 887 902 902 919 919 933 942 942 933 933 885 885 846 832 832 806 806 789 789 775 786 786 797 797 775 775 766 788 788 800 800 785 785 767 782 782 796 796 769 766 766 770 770 758 758 752 744 744 736 736 724 724 714 710 710 710 710 715 715 718
32767 32767 32767 32767 574 574 563 557 557 584 584 602 602 631 678 678 691 691 709 709 716 740 740 756 756 772 772 782 797 797 834 834 858 887 887 902 902 919 919 933 942 942 933 933 885 885 846 832 832 806 806 789 789 775 786 786 776 776 758 758 741 747 747 757 757 766 766 764 750 750 752 752 743 737 737 732 732 720 720 714 707 707 707 707 702 702 692 687 687 686 686 693 693 696
32767 32767 32767 32767 660 660 639 606 606 602 602 586 586 627 647 647 664 664 702 702 715 732 732 746 746 767 767 795 828 828 866 866 890 928 928 956 956 919 919 933 942 942 933 933 885 885 846 832 832 806 806 789 789 775 786 786 776 776 758 758 741 747 747 757 757 766 764 764 750 750 752 752 743 737 737 732 732 720 720 714 707 707 707 707 702 702 692 687 687 686 686 693 693 696
32767 32767 32767 32767 660 660 639 606 606 602 602 586 586 627 647 647 664 664 702 702 715 732 732 746 746 767 795 795 828 828 866 866 890 928 928 956 956 965 965 953 918 918 869 869 825 825 797 788 788 774 774 762 762 762 777 777 763 763 745 745 727 740 740 747 747 740 739 739 728 728 717 717 711 709 709 707 707 696 696 691 691 691 690 690 690 690 684 673 673 672 672 680 680 680
32767 32767 32767 32767 673 673 694 674 674 677 677 626 626 629 681 681 718 718 751 702 715 732 732 746 746 767 795 795 828 828 866 866 890 928 928 956 956 965 965 953 918 918 869 869 825 825 797 788 788 774 774 762 762 762 777 777 763 763 745 745 727 740 740 747 747 740 739 739 728 728 717 717 711 709 709 707 707 696 696 691 691 691 690 690 690 690 684 673 673 672 672 680 680 680
32767 32767 32767 32767 673 673 694 674 674 677 677 626 626 629 681 681 718 718 751 785 785 792 792 788 788 794 806 806 840 840 876 876 909 953 953 967 967 930 930 895 869 869 830 830 803 803 785 771 771 760 760 754 754 743 757 757 742 742 731 720 720 734 734 728 728 715 711 711 703 703 697 697 695 695 695 695 695 687 696 691 691 691 690 690 690 690 684 673 673 672 672 680 680 680
32767 32767 32767 32767 673 673 694 674 674 677 677 626 626 629 681 681 718 718 751 785 785 792 792 788 788 794 806 806 840 840 876 876 909 953 953 967 967 930 930 895 869 869 830 830 803 803 785 771 771 760 760 754 754 743 757 757 742 742 731 720 720 734 734 728 728 715 711 711 703 703 697 697 695 695 695 695 695 687 687 682 679 679 677 677 681 681 680 675 675 655 655 651 651 660
32767 32767 32767 32767 705 705 722 720 720 738 738 696 696 660 658 658 716 716 767 796 796 825 825 837 837 829 842 842 857 857 861 861 881 904 904 916 916 898 898 859 830 830 810 810 782 782 768 756 756 749 749 729 719 719 735 735 733 733 727 720 720 734 734 728 728 715 711 711 703 703 697 697 695 695 695 695 695 687 687 682 679 679 677 677 681 681 680 675 675 655 655 651 660 660
32767 32767 32767 32767 705 705 722 720 720 738 738 696 660 660 658 658 716 716 767 796 796 825 825 837 837 829 842 842 857 857 861 861 881 904 904 916 916 898 898 859 830 830 810 810 782 782 768 756 756 749 749 729 719 719 735 735 733 733 727 710 710 707 707 698 698 695 690 690 685 685 686 686 684 683 683 684 684 683 683 682 676 676 669 669 669 669 675 668 668 647 647 622 616 616
32767 32767 32767 32767 712 712 733 773 773 783 783 765 756 756 702 702 705 705 773 820 820 833 833 848 848 869 867 867 882 882 879 879 875 872 872 883 883 872 872 856 824 830 810 810 782 782 768 756 756 749 749 729 719 719 735 735 733 733 727 710 710 707 707 698 698 695 690 690 685 685 686 686 684 683 683 684 684 683 683 682 676 676 669 669 669 669 675 668 668 647 647 622 616 616
32767 32767 32767 32767 712 733 733 773 773 783 783 765 756 756 702 702 705 705 773 820 820 833 833 848 848 869 867 867 882 882 879 879 875 872 872 883 883 872 872 856 824 824 804 804 778 762 762 736 736 717 717 699 698 698 720 720 715 715 706 692 692 689 689 684 684 679 679 679 680 680 681 681 679 684 684 681 681 685 685 679 673 673 670 670 665 658 658 639 639 652 652 647 637 637
32767 32767 32767 32767 728 758 758 785 785 818 818 817 804 804 781 781 736 736 748 794 794 829 829 848 848 869 867 867 882 882 879 879 875 872 872 883 883 872 872 856 824 824 804 804 778 762 762 736 736 717 717 699 698 698 720 720 715 715 706 692 692 689 689 684 684 679 679 679 680 680 681 681 679 684 684 681 681 685 685 679 673 673 670 670 665 658 658 639 639 652 652 647 637 637
32767 32767 32767 32767 728 758 758 785 785 818 818 817 804 804 781 781 736 736 748 794 794 829 829 856 856 874 888 888 901 901 900 900 871 851 851 854 854 825 819 819 779 779 772 772 741 738 738 732 732 713 713 710 698 698 696 696 699 699 691 684 684 679 679 678 678 670 674 674 673 673 676 676 679 682 682 685 685 687 685 685 683 683 670 670 665 658 658 639 639 652 652 647 637 637
32767 32767 32767 32767 773 758 758 785 785 818 818 817 804 804 781 781 736 736 748 794 794 829 829 856 856 874 888 888 901 901 900 900 871 851 851 854 854 825 819 819 779 779 772 772 741 738 738 732 732 713 713 710 698 698 696 696 699 699 691 684 684 679 679 678 678 670 674 674 673 673 676 676 679 682 682 685 685 687 685 685 683 683 684 684 684 684 684 656 656 674 674 693 664 664
32767 32767 32767 32767 773 790 790 826 826 853 853 870 845 845 809 809 776 776 780 797 797 829 829 853 853 868 879 879 885 885 870 870 844 823 823 818 818 788 761 761 734 734 734 734 710 703 703 724 724 708 708 712 710 710 680 680 686 686 686 692 692 688 688 678 678 670 674 674 673 673 676 676 679 682 682 685 685 687 685 685 683 683 684 684 684 684 684 656 656 674 674 693 664 664
32767 32767 32767 32767 773 790 790 826 826 853 853 870 845 845 809 809 776 776 780 797 797 829 829 853 853 868 879 879 885 885 870 844 844 823 823 818 818 788 761 761 734 734 734 734 710 703 703 724 724 708 708 712 710 710 680 680 686 686 686 692 692 688 688 671 671 659 673 673 681 681 684 688 688 688 688 692 692 695 696 696 697 697 699 699 704 700 700 667 667 678 678 695 656 656
32767 32767 32767 32767 764 800 800 839 839 880 880 888 851 851 816 816 836 836 846 841 841 837 837 854 854 859 847 847 827 827 816 825 825 802 802 767 767 768 753 753 725 725 698 698 691 703 703 724 724 708 708 712 710 710 680 680 686 686 686 692 692 688 688 671 671 659 673 673 681 681 684 688 688 688 688 692 692 695 696 696 697 697 699 699 704 700 700 667 667 678 678 695 656 656
32767 32767 32767 32767 764 800 800 839 839 880 880 888 851 851 816 816 836 836 846 841 841 837 837 854 859 859 847 847 827 827 816 825 825 802 802 767 767 768 753 753 725 725 698 698 691 687 687 709 709 717 717 705 694 694 676 676 669 669 699 708 708 701 701 678 649 649 669 669 684 684 690 698 698 702 702 703 703 708 710 710 710 710 716 716 724 711 711 678 678 699 699 694 656 656
32767 32767 32767 32767 743 788 788 819 819 848 848 848 844 844 840 840 858 858 888 875 875 856 856 835 825 825 810 847 827 827 816 825 825 802 802 767 767 768 753 753 725 725 698 698 691 687 687 709 709 717 717 705 694 694 676 676 669 669 699 708 708 701 701 678 649 649 669 669 684 684 690 698 698 702 702 703 703 708 710 710 710 710 716 716 724 711 711 678 678 699 699 694 656 656
32767 32767 32767 32767 743 788 788 819 819 848 848 848 844 844 840 840 858 888 888 875 875 856 856 835 825 825 810 810 784 784 773 800 800 803 803 768 768 727 721 721 702 702 683 683 674 694 694 735 735 728 728 707 689 689 673 673 649 649 665 701 701 701 701 668 647 647 683 683 693 693 705 715 715 719 719 719 719 722 726 726 733 733 741 741 749 711 711 678 678 699 699 694 656 656
32767 32767 32767 32767 719 761 761 798 798 848 848 848 844 844 840 840 858 888 888 875 875 856 856 835 825 825 810 810 784 784 773 800 800 803 803 768 768 727 721 721 702 702 683 683 674 694 694 735 735 728 728 707 689 689 673 673 649 665 665 701 701 701 701 668 647 647 683 683 693 693 705 715 715 719 719 719 719 722 726 726 733 733 741 741 749 716 716 698 698 717 717 693 680 680
32767 32767 32767 32767 719 761 761 798 798 809 809 827 831 831 857 857 888 927 927 913 913 875 875 845 816 816 810 810 785 785 768 735 735 745 745 748 748 707 689 689 683 683 669 669 661 696 696 735 735 727 727 712 706 706 685 685 660 640 640 653 653 654 654 642 644 644 682 683 693 693 705 715 715 719 719 719 719 722 726 726 733 733 741 741 749 716 716 698 698 717 717 693 680 680
32767 32767 32767 32767 719 761 761 798 798 809 827 827 831 831 857 857 888 927 927 913 913 875 875 845 816 816 810 810 785 785 768 735 735 745 745 748 748 707 689 689 683 683 669 669 661 696 696 735 735 727 712 712 706 706 685 685 660 640 640 653 653 654 654 642 644 644 682 682 706 706 727 745 745 745 745 738 738 732 743 743 759 759 776 776 757 717 717 708 708 736 726 726 715 715
32767 32767 32767 32767 777 761 761 768 768 785 807 807 811 811 838 838 859 882 882 886 886 866 866 841 805 805 769 769 750 750 739 726 726 697 697 705 705 694 670 670 670 670 660 660 652 679 679 712 712 727 712 712 706 706 685 685 660 640 640 653 653 654 654 642 644 644 682 682 706 706 727 745 745 745 745 738 738 732 743 743 759 759 776 776 757 717 717 708 708 736 726 726 715 715
32767 32767 32767 777 777 761 761 768 768 785 807 807 811 811 838 838 859 882 882 886 886 866 866 841 805 805 769 769 750 750 739 726 726 697 697 705 705 694 670 670 670 670 660 652 652 679 679 712 712 749 745 745 731 731 725 725 684 656 656 631 631 619 619 626 654 654 683 683 703 703 719 742 742 759 759 754 754 748 755 755 785 785 782 782 744 717 717 725 725 758 767 767 758 758
32767 32767 32767 836 836 813 813 788 788 774 788 788 796 796 821 821 839 844 844 858 858 844 844 821 797 797 765 765 741 741 713 726 726 697 697 705 705 694 670 670 670 670 660 652 652 679 679 712 712 749 745 745 731 731 725 725 684 656 656 631 631 619 619 626 654 654 683 683 703 703 719 742 742 759 759 754 754 748 755 755 785 785 782 744 744 717 717 725 725 758 767 767 758 758
32767 32767 32767 836 836 813 813 788 788 774 788 788 796 796 821 821 839 844 844 858 858 844 844 821 797 797 765 765 741 741 713 699 699 682 682 670 670 663 655 655 657 657 656 646 646 662 662 689 689 715 734 734 745 745 731 731 696 670 670 640 640 615 615 620 648 648 676 676 719 719 745 759 759 775 775 783 783 780 787 787 788 788 754 729 729 730 730 764 764 758 767 767 758 758
32767 32767 32767 838 838 819 819 804 804 812 828 828 796 796 821 821 839 844 844 858 858 844 844 821 797 797 765 765 741 741 713 699 699 682 682 670 663 663 655 655 657 657 656 646 646 662 662 689 689 715 734 734 745 745 731 731 696 670 670 640 640 615 615 620 648 648 676 676 719 719 745 759 759 775 775 783 780 780 787 787 788 788 754 729 729 730 730 764 764 782 796 796 790 790
32767 32767 32767 838 838 819 819 804 804 812 828 828 827 827 813 813 823 831 831 826 826 831 831 808 777 777 755 755 735 735 713 695 695 681 681 669 661 661 648 648 641 641 643 639 639 657 657 675 675 676 688 688 699 699 709 709 693 652 652 622 622 606 606 623 646 646 668 668 684 684 707 759 759 775 775 783 780 780 787 787 788 788 754 729 729 730 730 764 764 782 796 796 790 790
32767 32767 32767 838 838 819 819 804 804 812 828 828 827 827 813 813 823 831 831 826 826 831 831 808 777 777 755 755 735 713 713 695 695 681 681 669 661 661 648 648 641 641 643 639 639 657 657 675 675 676 688 688 699 699 709 709 693 652 652 622 622 606 606 623 646 646 668 668 684 684 707 732 732 756 756 775 789 789 809 809 774 774 742 740 740 760 760 788 788 790 809 809 798 798
32767 32767 32767 807 807 810 810 798 798 825 840 840 836 836 832 832 829 820 820 809 809 808 808 783 754 754 733 733 709 699 699 682 682 671 671 658 659 659 654 654 645 645 633 629 629 635 635 640 640 644 646 646 656 699 709 709 693 652 652 622 622 606 606 623 646 646 668 668 684 707 707 732 732 756 756 775 789 789 809 809 774 774 742 740 740 760 760 788 788 790 809 809 798 798
32767 32767 32767 807 807 810 810 798 798 825 840 840 836 836 832 832 829 820 820 809 809 808 783 783 754 754 733 733 709 699 699 682 682 671 671 658 659 659 654 654 645 645 633 629 629 635 635 640 640 644 646 646 656 656 658 658 661 648 648 619 619 603 603 628 654 654 678 678 670 681 681 704 704 736 736 772 802 802 782 782 762 762 762 765 765 763 763 754 754 760 780 780 786 786
32767 32767 32767 774 774 773 773 799 799 826 832 832 832 832 833 833 824 811 811 793 793 796 763 763 731 731 713 713 696 674 674 664 664 659 659 658 659 659 654 654 645 645 633 629 629 635 635 640 640 644 646 646 656 656 658 658 661 648 648 619 619 603 628 628 654 654 678 678 670 681 681 704 704 736 736 772 802 802 782 782 762 762 762 765 765 763 763 754 754 760 780 780 786 786
32767 32767 32767 774 774 773 773 799 799 826 832 832 832 832 833 833 824 811 811 793 793 796 763 763 731 731 713 713 696 674 674 664 664 659 659 655 648 648 640 640 633 633 625 617 617 619 619 626 626 632 631 631 633 633 621 621 616 619 619 607 607 601 616 616 636 636 652 652 660 689 689 722 722 763 763 792 775 775 749 749 753 753 782 754 754 720 720 741 741 777 780 780 785 786
32767 32767 32767 752 752 773 773 798 798 819 829 829 830 830 854 837 824 811 811 793 793 796 763 763 731 731 713 713 696 674 674 664 664 659 659 655 648 648 640 640 633 633 625 617 617 619 619 626 626 632 631 631 633 633 621 616 616 619 619 607 607 601 616 616 636 636 652 652 660 689 689 722 722 763 763 792 775 775 749 749 753 753 782 754 754 720 720 741 741 777 780 780 785 785
32767 32767 32767 752 752 773 773 798 798 819 829 829 830 830 854 837 837 812 812 783 783 788 776 776 747 747 705 705 683 665 665 662 662 660 660 647 639 639 634 634 626 626 619 612 612 614 614 618 618 625 632 632 625 625 614 607 607 595 595 602 602 615 631 631 652 652 666 666 680 687 687 712 712 741 741 792 775 775 749 749 753 753 782 754 754 720 720 741 741 777 780 780 785 785
32767 32767 32767 752 752 773 773 798 819 819 829 829 830 830 854 837 837 812 812 783 783 788 776 776 747 747 705 705 683 665 665 662 662 660 660 647 639 639 634 634 626 626 619 612 612 614 614 618 618 625 632 632 625 625 614 607 607 595 595 602 602 615 631 631 652 652 666 666 680 687 687 712 712 741 741 751 739 739 719 719 739 739 765 744 744 704 704 730 730 756 751 751 768 768
