helipistas/1493500819_153_430/INPUT/LCP/Elevation.asc
ncols        198
nrows        222
xllcorner    366353.824162221397
yllcorner    4565457.789070339873
cellsize     100.000000000000
NODATA_value -9999
[rows 42 to 83 of 222, columns 0 to 93 of 198]
32767 32767 32767 768 768 782 782 805 813 813 817 817 812 812 825 813 813 797 797 766 766 771 779 779 752 752 722 722 689 678 678 691 691 675 675 658 648 648 642 642 639 639 634 618 618 607 607 613 640 640 638 638 624 624 625 620 620 595 595 602 602 615 631 631 652 652 666 666 680 687 687 712 712 741 741 751 739 739 719 719 739 739 765 744 744 704 704 730 756 756 751 751 768 768
32767 32767 32767 768 768 782 782 805 813 813 817 817 812 812 825 813 813 797 797 766 766 771 779 779 752 752 722 722 689 678 678 691 691 675 675 658 648 648 642 642 639 639 634 618 618 607 607 613 640 640 638 638 624 624 625 620 620 600 600 615 615 648 660 660 660 660 670 670 675 684 684 696 696 717 717 723 720 720 706 706 706 706 734 711 711 667 667 698 715 715 700 700 705 705
32767 32767 32767 716 716 764 764 792 790 790 797 797 796 796 786 752 752 750 750 774 774 778 775 775 749 749 725 725 698 690 690 691 691 678 678 661 655 655 642 642 639 634 634 618 618 607 607 613 640 640 638 638 624 624 625 620 620 600 600 615 615 648 660 660 660 660 670 670 675 684 684 696 696 717 717 723 720 720 706 706 706 706 734 711 711 667 667 698 715 715 700 700 705 705
32767 32767 32767 716 716 764 764 792 790 790 797 797 796 796 786 752 752 750 750 774 774 778 775 775 749 749 725 725 698 690 690 691 691 678 678 661 655 655 652 652 642 635 635 629 629 634 634 624 615 615 614 614 590 590 606 621 621 593 593 628 628 654 666 666 678 678 686 686 688 685 685 700 700 714 714 722 725 725 710 710 678 703 703 676 676 642 642 675 655 655 658 658 661 661
32767 32767 32767 695 695 729 729 750 773 773 775 775 790 790 746 723 723 767 767 764 774 778 775 775 749 749 725 725 698 690 690 691 691 678 661 661 655 655 652 652 642 635 635 629 629 634 634 624 615 615 614 614 590 590 606 621 621 593 593 628 628 654 666 666 678 678 686 686 688 685 685 700 700 714 714 722 725 725 710 710 678 703 703 676 676 642 642 675 655 655 658 658 661 661
32767 32767 32767 695 695 729 729 750 773 773 775 775 790 790 746 723 723 767 767 764 764 751 745 745 712 712 709 709 717 731 731 732 732 719 696 696 693 693 683 683 669 652 652 645 645 639 639 633 650 650 654 654 636 636 607 580 580 588 588 633 633 659 674 674 688 688 688 688 693 716 716 722 722 735 726 726 717 717 669 710 678 703 703 676 676 642 642 675 655 655 658 658 661 661
32767 32767 32767 695 695 729 729 750 773 773 775 775 790 790 746 723 723 767 767 764 764 751 745 745 712 712 709 709 717 731 731 732 732 719 696 696 693 693 683 683 669 652 652 645 645 639 639 633 650 650 654 654 636 636 607 580 580 588 588 633 633 659 674 674 688 688 688 688 693 716 716 722 722 735 726 726 717 717 669 669 627 652 652 631 631 615 615 632 614 614 626 626 646 646
32767 32767 32767 635 635 653 653 719 766 766 740 740 727 727 698 729 729 751 751 729 729 705 688 688 697 697 726 753 753 787 787 796 796 767 749 749 741 741 729 729 710 688 688 670 670 654 654 646 665 665 671 671 665 665 655 623 623 575 575 581 581 659 674 674 688 688 688 688 693 716 716 722 722 735 726 726 717 717 669 669 627 652 652 631 631 615 615 632 614 614 626 626 646 646
32767 32767 32767 635 635 653 653 719 766 766 740 740 727 727 698 729 729 751 751 729 729 705 688 688 697 697 726 753 753 787 787 796 796 767 749 749 741 741 729 729 710 688 688 670 670 654 654 646 665 665 671 671 665 665 655 623 623 575 575 581 581 654 673 673 667 667 688 714 714 738 738 749 749 741 693 693 672 672 640 640 602 609 609 587 587 582 582 592 580 580 580 580 584 584
32767 32767 32767 585 585 615 615 661 717 717 686 686 659 659 646 708 708 697 697 678 654 654 678 678 707 707 746 785 785 786 786 784 784 783 785 785 793 793 783 783 754 731 688 670 670 654 654 646 665 665 671 671 665 665 655 623 623 575 575 581 581 654 673 673 667 667 688 714 714 738 738 749 749 741 693 693 672 672 640 640 602 609 609 587 587 582 582 592 580 580 580 580 584 584
32767 32767 32767 585 585 615 615 661 717 717 686 686 659 659 646 708 708 697 697 678 654 654 678 678 707 707 746 785 785 786 786 784 784 783 785 785 793 793 783 783 754 731 731 697 697 664 664 661 687 687 703 703 696 696 671 655 655 605 605 569 634 634 638 638 667 667 690 706 706 721 721 729 729 700 649 649 630 630 647 647 593 563 563 566 566 587 587 597 587 587 577 577 572 572
32767 32767 32767 609 609 615 615 638 646 646 643 643 613 612 612 651 651 628 628 620 630 630 665 665 707 707 746 785 785 786 786 784 784 783 785 785 793 793 783 783 754 731 731 697 697 664 664 661 687 687 703 703 696 696 671 655 655 605 605 569 634 634 638 638 667 667 690 706 706 721 721 729 729 700 649 649 630 630 647 647 593 563 563 566 566 587 587 597 587 587 577 577 572 572
32767 32767 32767 609 609 615 615 638 646 646 643 643 613 612 612 651 651 628 628 620 630 630 665 665 705 705 765 749 749 730 730 717 717 723 739 739 770 770 790 790 784 750 750 706 706 680 680 679 667 667 659 659 648 635 635 625 625 593 593 556 587 587 627 627 640 640 674 685 685 695 695 672 672 660 621 621 592 592 583 583 554 561 561 566 566 587 587 597 587 587 577 577 572 572
32767 32767 32767 580 580 607 638 638 646 646 643 643 613 612 612 651 651 628 628 620 630 630 665 665 705 705 765 749 749 730 730 717 717 723 739 739 770 770 790 790 784 750 750 706 706 680 680 679 667 667 659 659 648 635 635 625 625 593 593 556 587 587 627 627 640 640 674 685 685 695 695 672 672 660 621 621 592 592 583 583 554 561 561 586 586 575 575 580 569 569 589 589 577 558
32767 32767 32767 580 580 607 583 583 580 580 595 595 570 611 611 622 622 594 594 581 618 618 655 655 696 696 727 699 699 682 682 672 672 709 745 745 771 771 792 792 809 776 776 744 744 715 710 710 679 679 651 651 628 615 615 618 618 623 623 563 544 544 547 547 640 640 674 685 685 695 695 672 672 660 621 621 592 592 583 583 554 561 561 586 586 575 575 580 569 569 589 589 577 558
32767 32767 32767 580 580 607 583 583 580 580 595 595 570 611 611 622 622 594 594 581 618 618 655 655 696 696 727 699 699 682 682 672 672 709 745 745 771 771 792 792 809 776 776 744 744 715 710 710 679 679 651 651 628 615 615 618 618 623 623 563 544 544 547 547 586 586 614 612 612 634 634 622 622 597 568 568 549 549 544 544 535 549 549 558 558 549 549 544 541 541 560 560 569 554
32767 32767 32767 543 543 554 541 541 559 559 581 581 556 559 559 572 572 566 566 572 600 600 640 640 684 684 694 656 656 639 639 677 677 699 722 722 729 729 774 774 827 780 780 735 735 731 710 710 679 679 651 651 628 615 615 618 618 623 623 563 544 544 547 547 586 586 614 612 612 634 634 622 622 597 568 568 549 549 544 544 535 549 549 558 558 549 544 544 541 541 560 560 569 554
32767 32767 32767 543 543 554 541 541 559 559 581 581 556 559 559 572 572 566 566 572 600 600 640 640 684 684 694 656 656 639 639 677 677 699 722 722 729 729 774 827 827 780 780 735 735 731 690 690 650 650 626 626 607 601 601 592 592 602 602 607 604 604 552 552 526 526 546 565 565 566 566 559 559 541 531 531 533 533 532 532 524 516 516 528 528 534 537 537 536 536 534 534 546 533
32767 32767 32767 514 514 518 552 552 562 562 543 543 532 553 553 541 541 544 544 561 584 584 611 611 665 665 688 658 656 639 639 677 677 699 722 722 729 729 774 827 827 780 780 735 735 731 690 690 650 650 626 626 607 601 601 592 592 602 602 607 604 604 552 552 526 526 546 565 565 566 566 559 559 541 531 531 533 533 532 524 524 516 516 528 528 534 537 537 536 536 534 534 546 533
32767 32767 32767 514 514 518 552 552 562 562 543 543 532 553 553 541 541 544 544 561 584 584 611 611 665 665 688 658 658 611 611 629 643 643 656 656 692 692 744 788 788 782 782 707 707 673 643 643 622 622 626 626 638 620 620 599 599 568 568 560 557 557 553 553 531 531 518 522 522 515 515 513 513 516 519 519 520 520 521 517 517 506 506 513 513 522 537 537 536 536 534 534 546 533
32767 32767 32767 490 490 509 526 526 515 515 543 543 532 553 553 541 541 544 544 561 584 584 611 611 665 665 688 658 658 611 611 629 643 643 656 656 692 692 744 788 788 782 782 707 707 673 643 643 622 622 626 626 638 620 620 599 599 568 568 560 557 557 553 553 531 531 518 522 522 515 515 513 516 516 519 519 520 520 521 517 517 506 506 513 513 522 519 519 518 518 514 514 517 516
32767 32767 32767 490 490 509 526 526 515 515 522 522 545 541 541 528 528 554 554 564 578 578 596 596 616 616 616 608 608 589 589 621 644 644 656 656 690 690 725 731 731 735 735 684 684 649 639 639 650 650 660 660 651 619 619 599 599 576 576 560 570 570 564 564 552 552 561 540 522 515 515 513 516 516 519 519 520 520 521 517 517 506 506 513 513 522 519 519 518 518 514 514 517 516
32767 32767 32767 490 490 509 526 526 515 515 522 522 545 541 541 528 528 554 554 564 578 578 596 596 616 616 616 608 608 589 589 621 644 644 656 656 690 690 725 731 731 735 735 684 684 649 639 639 650 650 660 660 651 619 619 599 599 576 576 560 570 570 564 564 552 561 561 540 540 525 525 514 499 499 496 496 496 496 497 499 499 494 494 500 500 505 503 503 505 505 506 506 508 501
32767 32767 32767 491 491 497 500 500 490 490 498 498 502 512 512 546 546 580 582 582 597 597 600 600 581 566 566 563 563 564 564 580 604 604 629 629 661 661 684 681 681 677 677 667 667 665 664 664 679 679 660 660 651 619 619 599 599 576 576 560 570 570 564 564 552 561 561 540 540 525 525 514 499 499 496 496 496 496 497 499 499 494 494 500 500 505 503 503 505 505 506 506 508 501
32767 32767 32767 491 491 497 500 500 490 490 498 498 502 512 512 546 546 580 582 582 597 597 600 600 581 566 566 563 563 564 564 580 604 604 629 629 661 661 684 681 681 677 677 667 667 665 664 664 679 679 674 674 654 653 653 625 625 590 590 580 588 588 576 576 574 556 556 535 535 523 523 511 500 500 488 488 485 485 482 483 483 483 483 487 487 493 495 495 500 500 505 505 510 500
32767 32767 32767 484 484 487 486 486 484 484 498 506 506 518 518 531 531 528 535 535 539 539 545 545 545 541 541 550 550 559 559 588 604 604 629 629 661 661 684 681 681 677 677 667 667 665 664 664 679 679 674 674 654 653 653 625 625 590 580 580 588 588 576 576 574 556 556 535 535 523 523 511 500 500 488 488 485 485 482 483 483 483 483 487 487 493 495 495 500 500 505 505 510 500
32767 32767 32767 484 484 487 486 486 484 484 498 506 506 518 518 531 531 528 535 535 539 539 545 545 545 541 541 550 550 559 559 588 626 626 667 667 706 706 709 666 666 662 662 701 701 714 724 724 759 759 734 734 704 689 689 641 641 603 585 585 559 559 547 547 543 547 547 538 538 529 529 521 512 512 508 508 504 504 499 493 493 480 480 480 480 490 489 489 486 486 505 505 510 500
32767 32767 32767 478 480 480 469 469 473 473 482 489 489 501 518 531 531 528 535 535 539 539 545 545 545 541 541 550 550 559 559 588 626 626 667 667 706 706 709 666 666 662 662 701 701 714 724 724 759 759 734 704 704 689 689 641 641 603 585 585 559 559 547 547 543 547 547 538 538 529 529 521 512 512 508 508 504 504 499 493 493 480 480 480 480 490 489 489 486 486 500 500 507 505
32767 32767 32767 478 480 480 469 469 473 473 482 489 489 501 501 505 505 503 521 521 540 540 550 550 571 594 594 603 603 600 600 625 672 672 689 689 690 690 670 641 641 657 657 699 699 693 729 729 742 742 731 695 695 658 658 639 639 605 580 580 578 578 571 571 567 560 560 539 539 522 522 524 512 512 508 508 504 504 499 493 493 480 480 480 480 490 489 489 486 486 500 507 507 505
32767 32767 32767 478 480 480 469 469 473 473 482 489 489 501 501 505 505 503 521 521 540 540 550 550 571 594 594 603 603 600 600 625 672 672 689 689 690 690 670 641 641 657 657 699 693 693 729 729 742 742 731 695 695 658 658 639 639 605 580 580 578 578 571 571 567 560 560 539 539 522 522 524 520 520 513 513 521 521 523 513 513 497 497 480 480 478 483 483 479 479 493 511 511 520
32767 32767 32767 473 468 468 457 457 471 471 482 487 487 486 486 513 513 526 542 542 551 551 580 580 596 582 582 590 590 603 603 623 645 645 617 617 617 617 620 619 619 640 640 664 684 684 699 699 712 712 698 675 675 649 658 639 639 605 580 580 578 578 571 571 567 560 560 539 539 522 522 524 520 520 513 513 521 521 523 513 513 497 497 480 480 478 483 483 479 479 493 511 511 520
32767 32767 32767 473 468 468 457 457 471 471 482 487 487 486 486 513 513 526 542 542 551 551 580 580 596 582 582 590 590 603 603 623 645 645 617 617 617 620 620 619 619 640 640 664 684 684 699 699 712 712 698 675 675 649 649 630 630 631 637 637 612 612 579 579 559 547 547 542 542 563 563 566 547 547 531 531 526 526 528 514 514 506 506 488 470 470 465 465 468 468 488 501 501 505
32767 32767 32767 463 454 454 450 450 465 465 466 475 475 492 492 522 522 534 528 528 525 525 552 552 553 566 566 584 584 563 563 576 593 593 616 616 617 620 620 619 619 640 640 664 684 684 699 699 712 712 698 675 675 649 649 630 630 631 637 637 612 612 579 579 559 547 547 542 542 563 563 566 547 547 531 531 526 526 528 514 514 506 506 488 470 470 465 465 468 468 488 501 501 505
32767 32767 32767 463 454 454 450 450 465 465 466 475 475 492 492 522 522 534 528 528 525 525 552 552 553 566 566 584 584 563 576 576 593 593 616 616 629 612 612 643 643 672 672 700 710 710 708 708 689 689 674 674 674 663 663 668 668 645 607 607 596 596 610 610 613 579 579 568 568 597 597 592 561 561 558 558 552 540 540 520 520 501 501 488 476 476 466 466 463 463 469 489 489 484
32767 32767 32767 443 442 442 444 444 456 456 471 485 485 506 506 521 521 534 528 528 525 525 552 552 553 566 566 584 584 563 576 576 593 593 616 616 629 612 612 643 643 672 672 700 710 710 708 708 689 689 674 674 674 663 663 668 668 645 607 607 596 596 610 610 613 579 579 568 568 597 597 592 561 561 558 558 552 540 540 520 520 501 501 488 476 476 466 466 463 463 469 489 489 484
32767 32767 32767 443 442 442 444 444 456 456 471 485 485 506 506 521 521 520 505 505 514 514 522 522 522 529 529 540 540 555 598 598 638 638 643 643 620 617 617 653 653 647 647 661 669 669 665 665 653 653 645 648 648 658 658 632 632 612 629 629 661 661 655 655 610 578 578 585 585 599 603 603 597 597 599 599 552 540 540 520 520 501 501 488 476 476 466 466 463 463 469 489 489 484
32767 32767 32767 443 442 442 444 444 456 456 471 485 485 506 506 521 521 520 505 505 514 514 522 522 522 529 529 540 540 555 598 598 638 638 643 643 620 617 617 653 653 647 647 661 669 669 665 665 653 653 645 648 648 658 658 632 632 612 629 629 661 661 655 655 610 578 578 585 585 599 603 603 597 597 599 599 593 570 570 545 545 536 536 506 484 484 484 484 478 478 468 460 460 466
32767 32767 32767 425 432 432 448 448 453 453 460 477 477 491 491 492 492 492 524 524 544 544 558 571 571 573 573 548 548 559 583 583 596 596 593 593 594 611 611 646 646 629 629 617 621 621 633 633 616 616 622 628 628 633 633 644 644 654 629 629 661 661 655 610 610 578 578 585 585 599 603 603 597 597 599 599 593 570 570 545 545 536 536 506 484 484 484 484 478 478 468 460 460 466
32767 32767 32767 425 432 432 448 448 453 453 460 477 477 491 491 492 492 492 524 524 544 544 558 571 571 573 573 548 548 559 583 583 596 596 593 593 594 611 611 646 646 629 629 617 621 621 633 633 616 616 622 628 628 633 633 644 644 654 652 652 634 634 622 611 611 620 620 641 641 652 670 670 661 661 642 642 609 586 586 555 555 533 533 519 499 499 495 495 484 484 475 461 461 448
32767 32767 32767 431 453 453 470 470 487 485 485 485 485 489 489 482 510 510 560 560 601 601 622 620 620 607 607 580 580 575 587 587 608 608 614 614 617 606 606 646 646 629 629 617 621 621 633 633 616 616 622 628 628 633 633 644 654 654 652 652 634 634 622 611 611 620 620 641 641 652 670 670 661 661 642 642 609 586 586 555 555 533 533 519 499 499 495 495 484 484 475 461 461 448
32767 32767 32767 431 453 453 470 470 487 485 485 485 485 489 489 482 510 510 560 560 601 601 622 620 620 607 607 580 580 575 587 587 608 608 614 614 617 606 606 617 617 624 624 594 596 596 602 602 608 608 636 654 654 655 655 649 634 634 631 631 647 647 668 684 684 696 696 714 714 730 725 725 712 712 708 708 697 656 656 583 583 536 536 522 510 510 498 498 483 483 477 473 473 460
32767 32767 454 454 468 468 488 488 497 503 503 514 514 525 525 522 531 531 575 575 604 601 622 620 620 607 607 580 580 575 587 587 608 608 614 614 617 606 606 617 617 624 624 594 596 596 602 602 608 636 636 654 654 655 655 649 634 634 631 631 647 647 668 684 684 696 696 714 714 730 725 725 712 712 708 708 697 656 656 583 583 536 536 522 510 510 498 498 483 483 477 473 473 460
