helipistas/1493500819_153_430/INPUT/LCP/Elevation.asc
ncols        198
nrows        222
xllcorner    366353.824162221397
yllcorner    4565457.789070339873
cellsize     100.000000000000
NODATA_value -9999
[rows 168 to 209 of 222, columns 94 to 187 of 198]
170 164 164 159 159 156 156 156 157 157 157 157 153 156 156 158 158 159 159 159 160 160 156 156 153 155 155 155 155 151 151 150 157 157 153 153 152 152 154 155 155 153 153 152 152 151 150 150 153 153 156 156 166 165 165 165 165 162 162 162 162 162 160 160 161 161 159 159 159 157 157 158 161 161 158 158 152 152 148 142 142 142 142 133 133 132 133 133 133 133 134 134 135 139
170 164 164 159 159 156 156 156 157 157 157 153 153 156 156 158 158 159 159 159 160 160 156 156 153 155 155 155 155 151 151 150 150 150 149 149 146 146 147 148 148 148 148 145 145 144 147 147 150 150 154 154 164 171 171 166 166 160 160 159 159 159 159 159 157 157 155 154 154 154 154 152 153 153 151 151 145 145 142 141 141 139 139 136 136 131 126 126 130 130 132 134 135 139
164 160 160 156 154 154 151 151 150 150 148 150 150 152 156 158 158 159 159 159 160 160 156 156 153 155 155 155 155 151 151 150 150 150 149 149 146 146 147 148 148 148 148 145 145 144 147 147 150 150 154 154 164 171 171 166 166 160 160 159 159 159 159 159 157 155 155 154 154 154 154 152 153 153 151 151 145 145 142 141 141 139 139 136 136 131 126 126 130 130 132 132 132 133
164 160 160 156 154 154 151 151 150 150 148 150 150 152 152 153 153 158 156 156 153 153 151 151 148 151 151 150 150 147 147 144 147 147 148 148 148 148 142 143 143 142 142 139 139 141 145 145 144 144 148 148 160 165 165 161 161 157 157 156 159 159 158 158 155 152 152 154 154 151 151 151 153 153 151 151 145 145 142 141 141 139 139 136 136 131 126 126 130 130 132 132 132 133
164 160 160 156 154 154 151 151 150 150 148 150 150 152 152 153 153 158 156 156 153 153 151 151 148 151 151 150 150 147 147 144 147 147 148 148 148 148 142 143 143 142 142 139 139 141 145 145 144 144 148 148 160 165 165 161 161 157 156 156 159 159 158 158 155 152 152 154 154 151 151 151 153 153 148 148 142 142 138 137 137 135 135 134 134 131 126 126 125 125 129 129 129 128
157 156 156 153 149 149 146 146 145 145 144 146 146 147 147 148 148 152 155 155 152 152 147 147 145 145 145 144 144 142 142 142 142 142 140 140 140 140 138 135 135 136 136 140 140 139 141 141 142 142 142 142 146 155 155 161 161 157 156 156 159 159 158 158 155 152 152 154 154 151 151 151 153 153 148 148 142 142 138 137 137 135 135 134 134 131 126 126 125 125 129 129 129 128
157 156 156 153 149 149 146 146 145 145 144 146 146 147 147 148 148 152 155 155 152 152 147 147 145 145 145 144 144 142 142 142 142 142 140 140 140 140 138 135 135 136 136 140 140 139 141 141 142 142 142 146 146 155 155 156 156 151 152 152 150 150 152 152 152 150 150 151 151 149 149 149 151 151 148 148 144 144 139 135 135 132 132 130 130 131 129 129 124 124 123 123 125 124
152 151 151 149 146 146 142 142 139 139 139 142 142 142 142 142 142 144 146 146 142 142 142 142 139 138 138 134 134 134 134 134 133 133 135 135 140 140 138 135 135 136 136 140 139 139 141 141 142 142 142 146 146 155 155 156 156 151 152 152 150 150 152 152 152 150 150 151 151 149 149 149 151 151 148 148 144 144 139 135 135 132 132 130 130 131 129 129 124 124 123 123 125 124
152 151 151 149 146 146 142 142 139 139 139 142 142 142 142 142 142 144 146 146 142 142 142 142 139 138 138 134 134 134 134 134 133 133 135 135 134 134 130 128 128 133 133 134 134 134 136 136 139 139 144 145 145 154 154 152 152 147 146 146 146 146 147 147 148 145 145 145 145 148 148 149 147 147 144 144 143 143 138 134 134 130 130 127 127 128 128 128 125 125 121 121 119 124
144 144 144 146 141 141 137 137 136 136 136 138 138 137 137 138 138 140 146 146 142 142 142 142 139 138 138 134 134 134 134 134 133 133 135 135 134 130 130 128 128 133 133 134 134 134 136 136 139 139 144 145 145 154 154 152 152 147 146 146 146 146 147 147 148 145 145 145 145 148 148 149 147 147 144 144 143 143 138 134 134 130 130 127 127 128 128 128 125 125 121 121 119 124
144 144 144 146 141 141 137 137 136 136 136 138 138 137 137 138 138 140 141 141 135 135 134 134 134 129 129 129 129 132 132 133 133 133 131 131 130 125 125 127 127 130 130 131 134 134 143 143 144 144 148 144 144 149 149 147 147 145 143 143 145 145 145 145 145 142 142 143 143 151 151 156 153 153 143 143 136 143 138 134 134 130 130 127 127 128 128 128 125 125 121 121 119 124
144 144 144 146 141 141 137 137 136 136 136 138 138 137 137 138 138 140 141 141 135 135 134 134 134 129 129 129 129 132 133 133 133 133 131 131 130 125 125 127 127 130 130 131 134 134 143 143 144 144 148 144 144 149 149 147 147 145 143 143 145 145 145 145 145 142 142 143 143 151 151 156 153 153 143 143 136 136 133 130 130 130 130 129 129 128 126 126 124 124 122 118 118 123
139 138 138 139 137 137 133 133 130 130 131 132 132 134 134 135 135 135 136 136 130 130 129 130 130 127 127 125 125 129 134 134 137 137 129 129 123 121 121 124 124 124 124 126 131 131 134 134 135 135 142 144 144 147 147 145 145 141 141 143 145 145 145 145 145 142 142 143 143 151 151 156 153 153 143 143 136 136 133 130 130 130 130 129 129 128 126 126 124 124 122 118 118 123
139 138 138 139 137 137 133 133 130 130 131 132 132 134 134 135 135 135 136 136 130 130 129 130 130 127 127 125 125 129 134 134 137 137 129 129 123 121 121 124 124 124 124 126 131 131 134 134 135 135 142 144 144 147 147 145 145 141 141 141 138 138 138 138 137 138 138 147 147 152 152 157 163 163 154 154 146 146 141 135 135 132 132 129 129 129 125 125 124 124 131 133 133 123
132 131 131 130 131 131 132 132 126 126 126 126 126 129 129 130 129 129 127 127 124 124 123 125 125 124 124 119 119 123 123 123 124 124 121 121 117 119 119 121 124 124 124 126 131 131 134 134 135 135 142 144 144 147 147 145 145 141 141 141 138 138 138 138 137 138 138 147 147 152 152 157 163 163 154 154 146 146 141 135 135 132 132 129 129 129 125 125 124 124 131 133 133 123
132 131 131 130 131 131 132 132 126 126 126 126 126 129 129 130 129 129 127 127 124 124 123 125 125 124 124 119 119 123 123 123 124 124 121 121 117 119 119 121 121 123 123 127 128 128 129 129 129 129 134 135 135 141 141 141 141 138 135 135 133 133 132 132 135 143 143 153 153 159 159 165 172 172 165 165 149 140 140 135 135 131 131 128 128 128 128 128 132 132 141 141 141 138
128 127 127 127 128 128 130 130 122 121 121 124 124 124 124 126 126 126 122 122 118 118 123 125 125 124 124 119 119 123 123 123 124 124 121 121 117 119 119 121 121 123 123 127 128 128 129 129 129 129 134 135 135 141 141 141 141 138 135 135 133 133 132 132 135 143 143 153 153 159 165 165 172 172 165 165 149 140 140 135 135 131 131 128 128 128 128 128 132 132 141 141 141 138
128 127 127 127 128 128 130 130 122 121 121 124 124 124 124 126 126 126 122 122 118 118 118 121 121 116 116 116 116 126 121 121 116 116 116 116 117 117 117 117 117 120 120 131 136 136 133 133 131 131 130 131 131 135 135 136 136 136 133 133 132 132 132 132 136 141 141 144 144 150 155 155 160 160 157 157 149 141 141 134 134 131 131 128 128 128 128 128 132 132 141 141 141 138
123 120 121 121 128 128 130 130 122 121 121 124 124 124 124 126 126 126 122 122 118 118 118 121 121 116 116 116 116 126 121 121 116 116 116 116 117 117 117 117 117 120 120 131 136 136 133 133 131 131 130 131 131 135 135 136 136 136 133 133 132 132 132 136 136 141 141 144 144 150 155 155 160 160 157 157 149 141 141 134 134 131 131 128 126 126 126 126 128 128 125 119 119 115
123 120 121 121 123 123 125 125 122 116 116 118 118 118 118 120 122 122 120 120 112 112 114 116 116 115 115 114 114 119 114 114 112 112 113 113 114 113 113 114 114 118 118 122 129 129 130 130 133 133 131 130 130 132 132 132 132 131 132 132 131 131 132 136 136 141 141 144 144 150 155 155 160 160 157 157 149 141 141 134 134 131 131 128 126 126 126 126 128 128 125 119 119 115
123 120 121 121 123 123 125 125 122 116 116 118 118 118 118 120 122 122 120 120 112 112 114 116 116 115 115 114 114 119 114 114 112 112 113 113 114 113 113 114 114 118 118 122 129 129 130 130 133 133 131 130 130 132 132 132 131 131 132 132 131 131 132 134 134 138 138 140 140 144 148 148 152 152 150 150 146 141 141 136 136 133 133 133 131 131 137 137 146 146 152 135 135 119
115 115 113 113 116 116 116 116 114 112 112 113 113 113 113 114 113 113 114 114 108 108 110 115 115 114 114 110 110 108 106 106 107 107 109 109 110 112 112 117 117 125 125 130 129 129 130 130 133 131 131 130 130 132 132 132 131 131 132 132 131 131 132 134 134 138 138 140 140 144 148 148 152 152 150 150 146 141 141 136 136 133 133 133 131 131 137 137 146 146 152 135 135 119
115 115 113 113 116 116 116 116 114 112 112 113 113 113 113 114 113 113 114 114 108 108 110 115 115 114 114 110 110 108 106 106 107 107 109 109 110 112 112 117 117 125 125 130 135 135 139 139 136 129 129 128 128 129 129 130 126 126 126 126 130 130 127 129 129 130 130 131 131 136 141 141 144 144 148 148 150 147 147 143 143 139 139 138 141 141 148 148 154 154 163 167 167 143
112 112 112 112 110 110 111 111 110 108 108 111 111 111 111 112 112 112 106 106 103 103 107 108 108 105 114 110 110 108 106 106 107 107 109 109 110 112 112 117 117 125 130 130 135 135 139 139 136 129 129 128 128 129 129 130 126 126 126 126 130 130 127 129 129 130 130 131 131 136 141 141 144 144 148 148 150 147 147 143 143 139 139 138 141 141 148 148 154 154 163 167 167 143
112 112 112 112 110 110 111 111 110 108 108 111 111 111 111 112 112 112 106 106 103 103 107 108 108 105 105 104 104 103 103 103 105 105 108 108 109 113 113 117 117 121 132 132 134 134 131 131 126 122 122 124 124 123 123 124 121 121 123 123 124 124 123 125 125 127 127 129 129 132 135 135 138 138 143 143 149 158 158 154 154 148 148 148 155 141 148 148 154 154 163 167 167 143
106 105 105 105 104 104 102 102 110 108 108 111 111 111 111 112 112 112 106 106 103 103 107 108 108 105 105 104 104 103 103 103 105 105 108 109 109 113 113 117 117 121 132 132 134 134 131 131 126 122 122 124 124 123 123 124 121 121 123 123 124 124 123 125 125 127 127 129 129 132 135 135 138 138 143 143 149 158 158 154 154 148 148 148 155 155 163 163 165 165 172 178 178 172
106 105 105 105 104 104 102 102 103 105 105 107 107 106 106 105 106 106 105 105 101 101 102 100 100 98 98 97 96 96 102 102 112 112 112 115 115 114 114 118 118 125 128 128 126 126 123 123 117 116 116 116 116 118 118 116 114 114 116 116 120 120 121 121 121 126 127 129 129 132 135 135 138 138 143 143 149 158 158 154 154 148 148 148 155 155 163 163 165 165 172 178 178 172
106 105 105 105 104 104 102 102 103 105 105 107 107 106 106 105 106 106 105 105 101 101 102 100 100 98 98 97 96 96 102 102 112 112 112 115 115 114 114 118 118 125 128 128 126 126 123 123 117 116 116 116 116 118 118 116 114 114 116 116 120 120 121 121 121 126 126 132 132 136 135 135 137 137 142 142 149 158 158 158 158 156 156 157 164 164 177 177 181 186 186 190 190 158
101 100 99 99 100 100 100 100 99 103 103 104 104 102 102 100 101 101 101 101 97 97 97 95 95 92 92 95 103 103 108 108 109 109 110 108 108 110 110 114 114 115 118 118 117 117 116 116 117 116 116 116 116 118 118 116 114 114 116 116 120 120 121 121 121 126 126 132 132 136 135 135 137 137 142 142 149 158 158 158 158 156 156 157 164 164 177 177 181 186 186 190 190 158
101 100 99 99 100 100 100 100 99 103 103 104 104 102 100 100 101 101 101 101 97 97 97 95 95 92 92 95 103 103 108 108 109 109 110 108 108 110 110 114 114 115 118 118 117 117 116 116 114 113 113 113 113 114 114 112 111 111 117 117 124 124 130 131 131 129 129 131 131 135 141 141 148 148 153 153 157 160 160 172 172 168 174 174 177 177 176 176 193 202 202 198 198 154
103 100 97 97 98 98 96 96 97 98 98 100 100 98 98 98 96 96 95 95 92 90 90 91 91 92 92 97 100 100 108 108 109 109 110 108 108 110 110 114 114 115 118 118 117 117 116 116 114 113 113 113 113 114 114 112 111 111 117 117 124 124 130 131 131 129 129 131 131 135 141 141 148 148 153 153 157 160 160 172 172 168 174 174 177 177 176 176 193 202 202 198 198 154
103 100 97 97 98 98 96 97 97 98 98 100 100 98 98 98 96 96 95 95 92 90 90 91 91 92 92 97 100 100 99 99 98 98 100 100 100 100 100 101 101 104 104 104 106 106 108 108 109 110 110 110 110 111 111 112 111 111 114 114 121 121 131 135 135 135 135 135 135 136 140 140 147 147 161 172 172 163 163 161 161 178 184 184 185 185 189 189 198 202 202 198 198 154
100 100 97 97 94 94 92 90 90 91 91 100 100 98 98 98 96 96 95 95 92 90 90 91 91 92 92 97 100 100 99 99 98 98 100 100 100 100 100 101 101 104 104 104 106 106 108 108 109 110 110 110 110 111 111 112 111 111 114 114 121 121 131 135 135 135 135 135 136 136 140 140 147 147 161 172 172 163 163 161 161 178 184 184 185 185 189 189 198 196 196 173 173 154
100 100 97 97 94 94 92 90 90 91 91 92 92 94 94 94 95 95 93 93 90 89 89 88 88 88 88 90 89 89 89 89 91 91 92 94 94 95 95 96 96 97 99 99 102 102 104 104 107 107 107 107 107 108 108 106 110 110 114 114 122 122 130 131 131 129 129 131 136 136 140 140 147 147 161 172 172 163 163 161 161 178 184 184 185 185 189 189 198 196 196 173 173 154
100 100 97 97 94 94 92 90 90 91 91 92 92 94 94 94 95 95 93 93 90 89 89 88 88 88 88 90 89 89 89 89 91 91 92 94 94 95 95 96 96 97 99 99 102 102 104 104 107 107 107 107 107 108 108 106 110 110 114 114 122 130 130 131 131 129 129 131 136 136 142 142 152 152 167 182 182 188 188 180 180 188 193 193 190 190 190 190 190 182 182 182 182 187
97 97 95 95 92 92 89 87 87 86 86 88 88 89 92 92 93 93 90 90 88 88 88 85 85 85 85 86 84 84 85 85 87 87 89 88 88 89 89 91 91 95 98 98 99 99 100 100 101 103 103 106 107 108 106 106 110 110 114 114 122 130 130 131 131 129 129 131 136 136 142 142 152 152 167 182 182 188 188 180 180 188 193 193 190 190 190 190 190 182 182 182 182 187
97 97 95 95 92 92 89 87 87 86 86 88 88 89 92 92 93 93 90 90 88 88 88 85 85 85 85 86 84 84 85 85 87 87 89 88 88 89 89 91 91 95 98 98 99 99 100 100 101 103 103 106 106 103 105 105 110 110 115 115 125 132 132 128 128 125 125 129 140 140 157 157 156 156 165 174 174 168 168 172 172 183 189 189 194 194 200 200 210 211 211 215 215 211
95 95 91 91 90 90 87 83 83 84 84 85 85 87 89 89 90 90 86 86 84 83 83 83 83 80 80 82 82 82 82 82 86 86 89 88 88 89 89 91 91 95 98 98 99 99 100 101 101 103 103 106 106 103 105 105 110 110 115 115 125 132 132 128 128 125 125 129 140 140 157 157 156 156 165 174 174 168 168 172 172 183 189 189 194 194 200 200 210 211 211 215 215 211
95 95 91 91 90 90 87 83 83 84 84 85 85 87 89 89 90 90 86 86 84 83 83 83 83 80 80 82 82 82 82 82 86 86 85 86 86 87 87 91 93 93 96 96 97 97 98 99 99 100 100 100 100 101 109 109 116 116 120 120 123 127 127 123 123 123 123 133 127 127 139 139 145 145 166 172 172 163 163 153 153 183 193 193 206 206 215 215 238 244 244 220 215 211
111 111 98 98 89 89 93 80 80 83 83 82 82 83 83 89 90 90 86 86 84 83 83 83 83 80 80 82 82 82 82 82 86 86 85 86 86 87 87 91 93 93 96 96 97 97 98 99 99 100 100 100 100 101 109 109 116 116 120 120 123 127 127 123 123 123 123 133 127 127 139 139 145 145 166 172 172 163 163 153 153 183 193 193 206 206 215 215 238 244 244 220 220 191
111 111 98 98 89 89 93 80 80 83 83 82 82 83 83 83 84 84 81 81 80 79 79 80 80 80 80 80 80 80 81 81 82 84 84 87 87 88 88 90 91 91 94 94 95 95 96 93 93 95 95 97 97 99 110 110 119 119 121 121 114 116 116 119 119 137 137 148 153 153 148 148 159 159 166 172 172 163 163 153 153 183 193 193 206 206 215 215 238 244 244 220 220 191
111 111 98 98 89 89 93 80 80 83 83 82 82 83 83 83 84 84 81 81 80 79 79 80 80 80 80 80 80 80 81 81 82 84 84 87 87 88 88 90 91 91 94 94 95 95 96 93 93 95 95 97 97 99 110 110 119 119 121 121 114 116 116 119 119 137 137 148 153 153 148 148 159 159 175 181 181 186 186 188 188 194 207 207 213 213 222 222 247 239 239 200 200 178
