helipistas/1493500819_153_430/INPUT/LCP/Elevation.asc
ncols        198
nrows        222
xllcorner    366353.824162221397
yllcorner    4565457.789070339873
cellsize     100.000000000000
NODATA_value -9999
[rows 126 to 167 of 222, columns 0 to 93 of 198]
32767 32767 372 384 384 392 392 386 386 375 367 367 367 367 375 375 384 396 396 411 411 423 423 435 455 455 498 498 556 556 624 595 595 577 577 541 541 481 454 454 452 452 441 441 435 438 438 420 420 448 472 472 461 461 463 463 493 538 538 599 599 584 584 564 518 518 484 484 496 496 476 466 466 487 487 466 466 422 419 419 418 418 417 417 438 426 426 414 414 388 388 389 369 369
32767 32767 376 378 378 363 363 353 353 354 367 367 383 383 402 402 400 422 422 435 435 457 457 479 492 492 498 498 556 556 624 595 595 577 577 541 541 481 454 454 452 452 441 435 435 438 438 420 420 448 472 472 461 461 463 463 493 538 538 599 599 584 584 564 518 518 484 484 496 496 476 466 466 487 487 466 466 422 419 419 418 418 417 417 438 426 426 414 414 388 388 389 369 369
32767 32767 376 378 378 363 363 353 353 354 367 367 383 383 402 402 400 422 422 435 435 457 457 479 492 492 534 534 603 603 597 535 535 497 497 464 464 447 430 430 418 418 424 432 432 420 420 414 414 438 425 425 432 432 456 456 494 551 551 620 620 641 641 589 541 541 490 490 442 442 443 435 435 441 441 439 439 420 396 396 415 415 413 413 386 426 426 414 414 388 388 389 369 369
32767 32767 367 357 357 344 344 353 353 354 367 367 383 383 402 402 400 422 422 435 435 457 457 479 492 492 534 534 603 603 597 535 535 497 497 464 447 447 430 430 418 418 424 432 432 420 420 414 414 438 425 425 432 432 456 456 494 551 551 620 620 641 641 589 541 541 490 490 442 442 443 435 435 441 441 439 439 420 396 396 415 415 413 413 386 379 379 374 374 388 359 359 355 355
32767 32767 367 357 357 344 344 353 353 379 389 389 410 410 428 428 422 439 439 474 474 521 521 576 587 587 570 570 567 567 570 549 549 503 503 454 421 421 405 405 402 402 407 416 416 410 410 403 403 400 399 399 432 432 474 474 532 559 559 554 554 572 572 592 544 544 471 490 442 442 443 435 435 441 441 439 439 420 396 396 415 415 413 413 386 379 379 374 374 388 359 359 355 355
32767 32767 367 357 357 344 344 353 353 379 389 389 410 410 428 428 422 439 439 474 474 521 521 576 587 587 570 570 567 570 570 549 549 503 503 454 421 421 405 405 402 402 407 416 416 410 410 403 403 400 399 399 432 432 474 474 532 559 559 554 554 572 572 592 544 544 471 471 433 433 404 402 402 415 415 419 419 411 386 386 389 389 416 413 413 386 386 354 354 349 341 341 329 329
32767 32767 351 343 343 343 343 385 385 396 405 405 418 418 433 433 456 463 463 499 499 547 547 581 546 546 524 524 480 483 483 471 471 445 445 423 395 395 388 388 390 390 388 391 391 412 412 399 403 400 399 399 432 432 474 474 532 559 559 554 554 572 572 592 544 544 471 471 433 433 404 402 402 415 415 419 411 411 386 386 389 389 416 413 413 386 386 354 354 349 341 341 329 329
32767 32767 351 343 343 343 343 385 385 396 405 405 418 418 433 433 456 463 463 499 499 547 581 581 546 546 524 524 480 483 483 471 471 445 445 423 395 395 388 388 390 390 388 391 391 412 412 399 399 378 392 392 421 421 474 474 528 498 498 459 459 470 470 511 513 513 496 496 451 451 412 388 388 363 363 379 413 413 391 391 365 365 403 410 410 384 384 363 363 364 353 353 321 321
32767 32767 327 331 331 354 354 386 386 394 402 402 413 413 433 461 461 489 489 515 515 531 512 512 471 471 487 487 476 426 483 471 471 445 445 423 395 395 388 388 390 390 388 391 391 412 412 399 399 378 392 392 421 421 474 474 528 498 498 459 459 470 470 511 513 513 496 496 451 412 412 388 388 363 363 379 413 413 391 391 365 365 403 410 410 384 384 363 363 364 353 353 321 321
32767 32767 327 331 331 354 354 386 386 394 402 402 413 413 433 461 461 489 489 515 515 531 512 512 471 471 487 487 476 426 426 425 425 412 412 392 375 375 377 377 375 375 376 402 402 401 401 388 388 375 373 373 395 395 439 439 445 434 434 401 401 414 414 457 461 461 425 425 410 401 401 397 397 375 375 356 351 351 354 354 397 397 434 421 421 400 400 396 396 364 353 353 321 321
32767 32767 342 365 365 381 381 382 389 389 399 399 413 413 433 461 461 489 489 515 515 531 512 512 471 471 487 487 476 426 426 425 425 412 412 392 375 375 377 377 375 375 376 402 402 401 401 388 388 375 373 373 395 395 439 439 445 434 434 401 401 414 457 457 461 461 425 425 410 401 401 397 397 375 375 356 351 351 354 354 397 397 434 421 421 400 400 396 396 379 350 350 311 311
32767 32767 342 365 365 381 381 382 389 389 399 399 412 412 426 446 446 479 479 490 490 460 451 451 432 432 427 427 418 396 396 394 394 387 387 374 369 369 364 364 363 363 378 409 409 405 405 422 422 404 375 375 361 361 368 368 380 375 375 382 382 406 431 431 399 399 379 379 363 356 401 397 397 375 375 356 351 351 354 354 397 397 434 421 421 400 400 396 396 379 350 350 311 311
32767 342 342 365 365 381 381 382 389 389 399 399 412 412 426 446 446 479 479 490 490 460 451 451 432 432 427 427 418 396 396 394 394 387 387 374 369 369 364 364 363 363 378 409 409 405 405 422 422 404 375 375 361 361 368 380 380 375 375 382 382 406 431 431 399 399 379 379 363 356 356 365 365 379 379 357 335 335 389 389 438 438 419 392 392 347 347 365 365 334 306 306 291 291
32767 372 372 375 375 375 375 376 386 386 404 404 440 440 466 454 454 485 485 458 458 417 408 408 399 399 389 389 374 368 368 376 376 373 373 363 363 363 351 351 371 371 411 436 436 440 440 438 438 407 390 390 361 361 368 380 380 375 375 382 382 406 431 431 399 399 379 379 363 356 356 365 365 379 379 357 335 335 389 389 438 438 419 392 392 347 347 365 365 334 306 306 291 291
32767 372 372 375 375 375 375 376 386 386 404 404 440 440 466 454 454 485 485 458 458 417 408 408 399 399 389 389 374 368 368 376 376 373 373 363 363 363 351 351 371 371 411 436 436 440 440 438 407 407 390 390 378 378 362 342 342 350 350 356 356 364 371 371 352 352 341 341 344 344 344 339 339 341 341 325 333 333 391 391 418 418 393 351 351 315 315 299 299 287 277 277 307 307
32767 367 367 365 365 368 368 377 391 391 419 419 470 470 485 455 455 423 423 404 404 386 381 381 377 377 365 365 365 351 351 361 361 370 373 363 363 363 351 351 371 371 411 436 436 440 440 438 407 407 390 390 378 378 362 342 342 350 350 356 356 364 371 371 352 352 341 341 344 344 344 339 339 341 341 325 333 333 391 391 418 418 393 351 351 315 315 299 299 287 277 277 307 307
32767 367 367 365 365 368 368 377 391 391 419 419 470 470 485 455 455 423 423 404 404 386 381 381 377 377 365 365 365 351 351 361 361 370 370 365 345 345 350 350 373 397 397 441 441 485 485 471 472 472 450 450 427 427 400 356 356 333 333 326 326 327 318 318 322 322 324 324 354 367 367 347 347 316 316 302 329 329 377 377 401 401 389 347 347 295 295 268 268 257 280 280 308 307
32767 359 359 368 368 385 385 392 405 405 444 444 469 469 433 402 455 423 423 404 404 386 381 381 377 377 365 365 365 351 351 361 361 370 365 365 345 345 350 350 373 397 397 441 441 485 485 471 472 472 450 450 427 427 400 356 356 333 333 326 326 327 318 318 322 322 324 324 354 367 367 347 347 316 316 302 329 329 377 377 401 401 389 347 347 295 295 268 268 257 280 280 308 308
32767 359 359 368 368 385 385 392 405 405 444 444 469 469 433 402 402 377 377 361 361 358 361 361 362 362 355 355 356 344 344 335 335 334 342 342 330 330 340 340 360 390 390 433 433 490 490 524 472 472 431 431 416 416 390 365 365 352 352 341 341 321 304 304 305 305 327 327 343 339 339 330 330 297 316 302 329 329 377 377 401 401 389 347 347 295 295 268 257 257 280 280 308 308
32767 359 359 368 368 385 385 392 405 405 444 444 469 469 433 402 402 377 377 361 361 358 361 361 362 362 355 356 356 344 344 335 335 334 342 342 330 330 340 340 360 390 390 433 433 490 490 524 472 472 431 431 416 416 390 365 365 352 352 341 341 321 304 304 305 305 327 327 343 339 339 330 330 297 297 296 335 335 373 373 388 353 353 312 312 267 267 246 261 261 282 282 292 292
32767 386 386 420 420 437 437 422 437 437 444 444 417 417 388 371 371 360 360 347 347 346 351 351 351 351 348 340 340 340 340 321 321 316 323 323 325 325 343 343 360 402 402 442 442 436 436 454 439 439 437 437 394 394 371 357 365 352 352 341 341 321 304 304 305 305 327 327 343 339 339 330 330 297 297 296 335 335 373 373 388 353 353 312 312 267 267 246 261 261 282 282 292 292
32767 386 386 420 420 437 437 422 437 437 444 444 417 417 388 371 371 360 360 347 346 346 351 351 351 351 348 340 340 340 340 321 321 316 323 323 325 325 343 343 360 402 402 442 442 436 436 454 439 439 437 437 394 394 371 357 357 355 355 344 344 327 314 314 301 301 324 324 361 364 364 353 353 302 293 293 355 355 356 356 319 294 294 258 258 244 244 238 249 249 260 260 272 272
32767 383 383 408 408 410 410 387 395 395 419 419 394 361 361 353 353 347 347 339 337 337 339 339 336 336 331 330 330 324 324 305 305 307 328 328 357 357 343 343 360 402 402 442 442 436 436 454 439 439 437 437 394 394 371 357 357 355 355 344 344 327 314 314 301 301 324 324 361 364 364 353 353 302 293 293 355 355 356 356 319 294 294 258 258 244 244 238 249 249 260 260 272 272
32767 383 383 408 408 410 410 387 395 395 419 419 394 361 361 353 353 347 347 339 337 337 339 339 336 336 331 330 330 324 324 305 305 307 328 328 357 357 383 383 382 390 390 408 408 370 370 361 360 360 387 387 378 378 372 340 340 337 337 350 350 340 334 334 328 328 301 347 347 344 344 331 331 313 274 274 295 295 297 297 261 243 243 232 232 226 226 230 236 236 236 236 242 242
32767 393 393 395 395 388 374 374 375 375 371 371 354 343 343 340 340 335 335 339 337 337 339 339 336 336 331 330 330 324 324 305 305 307 328 328 357 357 383 383 382 390 390 408 408 370 370 361 360 360 387 387 378 378 372 340 340 337 337 350 350 340 334 334 328 328 301 347 347 344 344 331 331 313 274 274 295 295 297 297 261 243 243 232 232 226 226 230 236 236 236 236 242 242
32767 393 393 395 395 388 374 374 375 375 371 371 354 343 343 340 340 335 335 332 328 328 326 326 321 321 309 316 316 325 325 299 299 319 348 348 380 380 370 370 338 327 327 330 330 324 324 310 316 316 320 320 325 325 340 313 313 301 301 323 308 308 309 309 316 316 280 293 293 294 294 297 297 294 278 278 261 261 297 297 261 243 243 232 232 226 226 230 236 236 236 236 242 242
32767 393 393 395 395 388 374 374 375 375 371 371 354 343 343 340 340 335 335 332 328 328 326 326 321 321 309 316 316 325 325 299 299 319 348 348 380 380 370 370 338 327 327 330 330 324 324 310 316 316 320 320 325 325 340 313 313 301 301 323 308 308 309 309 316 316 280 293 293 294 294 297 297 294 278 278 261 261 252 252 248 250 250 248 248 221 221 220 223 223 224 224 225 225
32767 385 385 380 380 374 364 364 354 354 346 346 340 332 332 330 330 329 329 328 323 323 324 324 318 318 304 301 301 298 298 287 287 287 316 316 353 353 362 362 353 322 322 303 303 289 289 286 290 290 289 289 289 294 294 291 291 281 281 280 308 308 309 309 316 316 280 293 293 294 294 297 297 294 278 278 261 261 252 252 248 250 250 248 248 221 221 220 223 223 224 224 225 225
32767 385 385 380 380 374 364 364 354 354 346 346 340 332 332 330 330 329 329 328 323 323 324 324 318 318 304 301 301 298 298 287 287 287 316 316 353 353 362 362 353 322 322 303 303 289 286 286 290 290 289 289 289 294 294 291 291 281 281 280 268 268 277 277 264 264 262 265 265 292 292 280 280 265 251 251 270 270 277 277 280 266 266 244 244 221 221 211 213 213 212 212 212 212
32767 362 362 356 356 359 351 351 341 341 337 337 333 326 326 323 323 331 331 339 334 334 336 336 338 338 336 315 315 305 305 312 312 299 278 278 278 278 292 292 330 334 322 303 303 289 286 286 290 290 289 289 289 294 294 291 291 281 281 280 268 268 277 277 264 264 262 265 265 292 292 280 280 265 251 251 270 270 277 277 280 266 266 244 244 221 221 211 213 213 212 212 212 212
32767 362 362 356 356 359 351 351 341 341 337 337 333 326 326 323 323 331 331 339 334 334 336 336 338 338 336 315 315 305 305 312 312 299 278 278 278 278 292 330 330 334 334 305 305 279 266 266 265 265 273 273 269 263 263 263 263 276 276 241 241 241 264 264 264 264 272 269 269 267 267 264 264 267 239 239 268 268 271 271 259 237 237 222 222 210 210 204 205 205 203 203 203 203
32767 344 344 342 342 340 336 336 331 331 327 327 324 320 320 318 318 327 327 342 341 341 338 336 338 338 336 315 315 305 305 312 312 299 278 278 278 278 292 330 330 334 334 305 305 279 266 266 265 265 273 273 269 263 263 263 263 276 276 241 241 241 264 264 264 264 272 269 269 267 267 264 264 267 239 239 268 268 271 271 259 237 237 222 222 210 210 204 205 205 203 203 203 200
32767 344 344 342 342 340 336 336 331 331 327 327 324 320 320 318 318 327 327 342 341 341 338 338 354 354 353 333 333 326 326 336 329 329 323 323 296 296 272 260 260 296 296 293 293 284 265 265 256 256 260 260 253 248 248 253 253 266 266 251 231 231 243 243 237 237 242 253 253 238 238 229 229 247 229 229 230 230 237 237 223 213 237 222 222 210 210 204 205 205 203 203 203 200
32767 334 334 335 335 340 336 336 331 331 327 327 324 320 320 318 318 327 327 342 341 341 338 338 354 353 353 333 333 326 326 336 329 329 323 323 296 296 272 260 260 296 296 293 293 284 265 265 256 256 260 260 253 248 248 253 253 266 266 251 231 231 243 243 237 237 242 253 253 238 238 229 229 247 229 229 230 230 237 237 223 213 213 208 208 202 196 196 198 198 198 198 202 198
32767 334 334 335 335 328 324 324 323 323 318 318 317 313 313 316 316 325 325 339 344 344 346 346 351 361 361 366 366 335 335 313 303 303 318 318 328 328 315 274 274 252 252 237 237 242 257 257 245 245 247 247 239 230 230 237 237 245 245 242 223 223 213 213 237 237 242 253 253 238 238 229 229 247 229 229 230 230 237 223 223 213 213 208 208 202 196 196 198 198 198 198 202 198
32767 334 334 335 335 328 324 324 323 323 318 318 317 313 313 316 316 325 339 339 344 344 346 346 351 361 361 366 366 335 335 313 303 303 318 318 328 328 315 274 274 252 252 237 237 242 257 257 245 245 247 247 239 230 230 237 237 245 245 242 223 223 213 213 214 214 214 221 221 219 219 210 210 212 208 208 209 209 209 209 209 201 201 196 196 193 191 191 194 194 193 193 192 192
32767 320 320 319 319 318 312 312 313 313 310 310 310 310 310 317 317 328 342 342 349 349 356 356 366 365 365 351 351 318 318 304 290 290 276 276 277 277 269 271 271 261 261 240 240 234 257 257 245 245 247 247 239 230 230 237 237 245 245 242 223 223 213 213 214 214 214 221 221 219 219 210 212 212 208 208 209 209 209 209 209 201 201 196 196 193 191 191 194 194 193 193 192 192
32767 320 320 319 319 318 312 312 313 313 310 310 310 310 310 317 317 328 342 342 349 349 356 356 366 365 365 351 351 318 318 304 290 290 276 276 277 277 269 271 271 261 261 240 240 234 249 249 241 241 231 231 227 228 228 220 220 225 225 223 216 216 209 209 202 202 199 194 194 200 200 197 195 195 192 192 192 192 195 198 198 191 191 185 185 180 185 185 186 186 186 186 184 184
32767 314 314 307 305 305 304 304 304 304 304 304 304 311 311 320 320 329 338 338 345 345 347 347 367 370 370 351 351 318 318 304 290 290 276 276 277 277 269 271 271 261 261 240 240 234 249 249 241 241 231 231 227 228 228 220 220 225 225 223 216 216 209 209 202 199 199 194 194 200 200 197 195 195 192 192 192 192 195 198 198 191 191 185 185 180 185 185 186 186 186 186 184 184
32767 314 314 307 305 305 304 304 304 304 304 304 304 311 311 320 320 329 338 338 345 345 347 347 367 370 370 328 328 309 309 299 280 280 280 280 284 284 272 254 254 240 240 249 249 243 225 225 224 224 231 231 216 214 214 209 209 204 211 211 210 210 206 206 202 198 198 189 189 187 187 189 187 187 184 184 180 180 185 187 187 184 184 177 177 177 185 185 186 186 186 186 184 184
32767 305 305 301 296 296 296 296 296 304 304 304 304 311 311 320 320 329 338 338 345 345 347 347 367 370 370 328 328 309 309 299 280 280 280 280 284 284 272 254 254 240 240 249 249 243 225 225 224 224 231 231 216 214 214 209 209 204 211 211 210 210 206 206 202 198 198 189 189 187 187 189 187 187 184 184 180 180 185 187 187 184 184 177 177 177 177 177 179 179 178 178 177 176
32767 305 305 301 296 296 296 296 296 296 297 303 303 312 312 325 325 342 366 366 372 372 358 358 355 353 353 344 344 315 315 303 313 313 331 331 316 316 302 279 279 250 250 233 233 231 237 237 225 225 206 212 212 209 209 199 199 195 206 206 218 218 204 204 197 193 193 192 189 187 187 189 187 187 184 184 180 180 185 187 187 184 184 177 177 177 177 177 179 179 178 178 177 176
