ashley_2/OUTPUT/raster.toa
north:    392658.625000
south:    384678.625000
east:     169279.328125
west:     157819.328125
rows:     266
cols:     382
[rows 78 to 103 of 266, columns 120 to 179 of 382]
-0001.000 -0001.000 -0001.000 -0001.000 -0001.000 -0001.000 -0001.000 -0001.000 -0001.000 -0001.000 -0001.000 -0001.000 -0001.000 -0001.000 -0001.000 -0001.000 -0001.000 -0001.000 -0001.000 -0001.000 -0001.000 -0001.000 -0001.000 -0001.000 -0001.000 -0001.000 -0001.000 -0001.000 -0001.000 -0001.000 -0001.000 -0001.000 -0001.000 00019.363 00019.338 00019.330 00019.332 00019.329 00019.326 00019.320 00019.332 00019.322 00019.471 00019.363 00019.398 00019.457 00019.775 00020.428 -0001.000 -0001.000 -0001.000 -0001.000 -0001.000 -0001.000 -0001.000 -0001.000 -0001.000 -0001.000 -0001.000 -0001.000
-0001.000 -0001.000 -0001.000 -0001.000 -0001.000 -0001.000 -0001.000 -0001.000 -0001.000 -0001.000 -0001.000 -0001.000 -0001.000 -0001.000 -0001.000 -0001.000 -0001.000 -0001.000 -0001.000 -0001.000 -0001.000 -0001.000 -0001.000 -0001.000 -0001.000 -0001.000 -0001.000 -0001.000 -0001.000 -0001.000 -0001.000 -0001.000 -0001.000 00019.305 00019.289 00019.285 00019.287 00019.281 00019.276 00019.270 00019.266 00019.264 00019.306 00019.271 00019.288 00019.429 00019.779 00020.461 -0001.000 -0001.000 -0001.000 -0001.000 -0001.000 -0001.000 -0001.000 -0001.000 -0001.000 -0001.000 -0001.000 -0001.000
-0001.000 -0001.000 -0001.000 -0001.000 -0001.000 -0001.000 -0001.000 -0001.000 -0001.000 -0001.000 -0001.000 00021.892 00021.603 00021.353 -0001.000 -0001.000 -0001.000 -0001.000 -0001.000 -0001.000 -0001.000 -0001.000 -0001.000 -0001.000 -0001.000 -0001.000 -0001.000 -0001.000 -0001.000 -0001.000 -0001.000 -0001.000 00019.275 00019.251 00019.243 00019.241 00019.238 00019.233 00019.227 00019.221 00019.218 00019.216 00019.215 00019.221 00019.273 00019.434 00019.837 00020.543 -0001.000 -0001.000 -0001.000 -0001.000 -0001.000 -0001.000 -0001.000 -0001.000 -0001.000 -0001.000 -0001.000 -0001.000
-0001.000 -0001.000 -0001.000 -0001.000 -0001.000 -0001.000 -0001.000 -0001.000 -0001.000 -0001.000 -0001.000 00021.735 00021.427 00021.134 00020.826 00020.510 00020.202 00019.971 00019.878 00019.801 00019.732 00019.671 00019.622 00019.577 -0001.000 -0001.000 -0001.000 -0001.000 -0001.000 -0001.000 -0001.000 -0001.000 00019.221 00019.203 00019.199 00019.198 00019.192 00019.185 00019.178 00019.174 00019.171 00019.169 00019.172 00019.188 00019.317 00019.614 00019.875 00020.486 -0001.000 -0001.000 -0001.000 -0001.000 -0001.000 -0001.000 -0001.000 -0001.000 -0001.000 -0001.000 -0001.000 -0001.000
-0001.000 -0001.000 -0001.000 -0001.000 -0001.000 -0001.000 -0001.000 -0001.000 -0001.000 -0001.000 00021.942 00021.610 00021.299 00021.007 00020.665 00020.339 00020.032 00019.907 00019.812 00019.735 00019.666 00019.606 00019.555 00019.510 00019.474 00019.428 00019.381 00019.337 00019.303 00019.273 00019.232 00019.196 00019.170 00019.160 00019.156 00019.153 00019.147 00019.139 00019.132 00019.129 00019.125 00019.124 00019.130 00019.155 00019.278 00019.590 00019.848 00020.420 00021.489 00021.868 -0001.000 -0001.000 -0001.000 -0001.000 -0001.000 -0001.000 -0001.000 -0001.000 -0001.000 -0001.000
-0001.000 -0001.000 -0001.000 -0001.000 -0001.000 -0001.000 -0001.000 -0001.000 -0001.000 -0001.000 00021.833 00021.506 00021.198 00020.876 00020.514 00020.187 00019.952 00019.844 00019.748 00019.670 00019.601 00019.542 00019.489 00019.445 00019.403 00019.361 00019.317 00019.279 00019.248 00019.215 00019.178 00019.145 00019.126 00019.118 00019.115 00019.109 00019.101 00019.095 00019.090 00019.087 00019.085 00019.084 00019.098 00019.143 00019.328 00019.644 00019.903 00020.160 00020.393 00020.730 00021.410 00021.763 -0001.000 -0001.000 -0001.000 -0001.000 -0001.000 -0001.000 -0001.000 -0001.000
-0001.000 -0001.000 -0001.000 -0001.000 -0001.000 -0001.000 -0001.000 -0001.000 -0001.000 -0001.000 00021.742 00021.416 00021.107 00020.756 00020.390 00020.042 00019.892 00019.780 00019.684 00019.605 00019.536 00019.478 00019.424 00019.380 00019.336 00019.297 00019.258 00019.223 00019.194 00019.159 00019.127 00019.099 00019.084 00019.076 00019.073 00019.066 00019.058 00019.052 00019.049 00019.046 00019.044 00019.046 00019.073 00019.246 00019.581 00019.849 00020.030 00020.213 00020.327 00020.456 00020.586 00020.743 00020.946 00021.180 00021.397 00021.452 00021.519 00021.625 00021.728 00021.853
-0001.000 -0001.000 -0001.000 -0001.000 -0001.000 -0001.000 -0001.000 -0001.000 -0001.000 -0001.000 00021.667 00021.342 00021.033 00020.651 00020.277 00019.968 00019.834 00019.717 00019.620 00019.540 00019.471 00019.414 00019.361 00019.316 00019.274 00019.236 00019.202 00019.170 00019.140 00019.105 00019.076 00019.055 00019.042 00019.034 00019.028 00019.020 00019.013 00019.008 00019.004 00019.001 00018.997 00018.996 00019.071 00019.367 00019.556 00019.712 00019.848 00019.963 00020.097 00020.243 00020.392 00020.516 00020.696 00020.855 00020.960 00021.062 00021.166 00021.280 00021.411 00021.579
-0001.000 -0001.000 -0001.000 -0001.000 -0001.000 -0001.000 -0001.000 -0001.000 -0001.000 00021.956 00021.609 00021.284 00020.966 00020.565 00020.183 00019.920 00019.776 00019.657 00019.557 00019.475 00019.407 00019.350 00019.298 00019.252 00019.211 00019.176 00019.146 00019.118 00019.086 00019.053 00019.028 00019.009 00018.995 00018.982 00018.965 00018.949 00018.935 00018.926 00018.918 00018.913 00018.909 00018.909 00019.003 00019.247 00019.443 00019.598 00019.726 00019.847 00019.957 00020.034 00020.122 00020.225 00020.364 00020.503 00020.616 00020.703 00020.838 00021.008 00021.133 00021.253
-0001.000 -0001.000 -0001.000 -0001.000 -0001.000 -0001.000 -0001.000 -0001.000 -0001.000 00021.930 00021.577 00021.245 00020.902 00020.496 00020.108 00019.879 00019.725 00019.598 00019.493 00019.411 00019.343 00019.287 00019.236 00019.189 00019.150 00019.118 00019.090 00019.064 00019.033 00019.006 00018.965 00018.932 00018.908 00018.889 00018.871 00018.855 00018.843 00018.833 00018.827 00018.822 00018.821 00018.822 00018.927 00019.187 00019.384 00019.543 00019.605 00019.666 00019.755 00019.833 00019.912 00020.012 00020.147 00020.191 00020.268 00020.386 00020.516 00020.669 00020.744 00020.885
-0001.000 -0001.000 -0001.000 -0001.000 -0001.000 -0001.000 -0001.000 -0001.000 -0001.000 00021.936 00021.581 00021.248 00020.903 00020.480 00020.072 00019.844 00019.679 00019.540 00019.431 00019.346 00019.279 00019.224 00019.173 00019.128 00019.090 00019.059 00019.033 00019.008 00018.959 00018.912 00018.872 00018.840 00018.815 00018.793 00018.774 00018.759 00018.749 00018.741 00018.736 00018.734 00018.734 00018.738 00018.895 00019.157 00019.268 00019.346 00019.415 00019.492 00019.607 00019.714 00019.786 00019.820 00019.844 00019.901 00019.955 00020.086 00020.278 00020.407 00020.569 00020.744
-0001.000 -0001.000 -0001.000 -0001.000 -0001.000 -0001.000 -0001.000 -0001.000 -0001.000 00021.966 00021.606 00021.270 00020.931 00020.502 00020.091 00019.834 00019.641 00019.485 00019.369 00019.282 00019.215 00019.161 00019.112 00019.067 00019.031 00019.001 00018.949 00018.894 00018.845 00018.804 00018.768 00018.739 00018.713 00018.693 00018.675 00018.664 00018.656 00018.650 00018.647 00018.647 00018.649 00018.794 00018.832 00018.960 00019.077 00019.161 00019.276 00019.399 00019.500 00019.570 00019.587 00019.580 00019.601 00019.653 00019.772 00019.943 00020.151 00020.372 00020.573 00020.766
-0001.000 -0001.000 -0001.000 -0001.000 -0001.000 -0001.000 -0001.000 -0001.000 -0001.000 -0001.000 00021.669 00021.331 00021.009 00020.583 00020.159 00019.851 00019.636 00019.441 00019.308 00019.218 00019.152 00019.098 00019.050 00019.007 00018.942 00018.881 00018.827 00018.774 00018.731 00018.693 00018.661 00018.634 00018.611 00018.593 00018.580 00018.571 00018.565 00018.562 00018.561 00018.562 00018.560 00018.552 00018.579 00018.795 00018.969 00019.104 00019.151 00019.223 00019.318 00019.352 00019.353 00019.353 00019.374 00019.474 00019.657 00019.878 00020.150 00020.406 00020.656 00020.874
-0001.000 -0001.000 -0001.000 -0001.000 -0001.000 -0001.000 -0001.000 -0001.000 -0001.000 -0001.000 00021.806 00021.466 00021.142 00020.889 00020.640 00020.208 00019.667 00019.443 00019.250 00019.154 00019.089 00019.036 00018.977 00018.892 00018.820 00018.760 00018.706 00018.658 00018.619 00018.584 00018.556 00018.532 00018.512 00018.497 00018.487 00018.481 00018.476 00018.475 00018.476 00018.477 00018.468 00018.463 00018.529 00018.750 00018.858 00018.916 00018.973 00019.004 00019.032 00019.083 00019.120 00019.134 00019.196 00019.342 00019.570 00019.886 00020.213 00020.502 00020.761 00020.959
-0001.000 -0001.000 -0001.000 -0001.000 -0001.000 -0001.000 -0001.000 -0001.000 -0001.000 -0001.000 -0001.000 00021.723 00021.590 00021.531 00021.327 00020.523 00020.058 00019.515 00019.192 00019.091 00019.027 00018.947 00018.852 00018.769 00018.700 00018.641 00018.589 00018.547 00018.510 00018.479 00018.453 00018.432 00018.414 00018.404 00018.397 00018.392 00018.390 00018.391 00018.393 00018.385 00018.378 00018.376 00018.426 00018.596 00018.713 00018.819 00018.766 00018.749 00018.783 00018.857 00018.927 00018.997 00019.095 00019.272 00019.581 00019.946 00020.267 00020.608 00020.889 00021.083
-0001.000 -0001.000 -0001.000 -0001.000 -0001.000 -0001.000 -0001.000 -0001.000 -0001.000 -0001.000 -0001.000 -0001.000 -0001.000 -0001.000 00021.787 00021.284 00020.468 00019.630 00019.180 00019.027 00018.927 00018.821 00018.727 00018.647 00018.581 00018.524 00018.477 00018.438 00018.403 00018.376 00018.353 00018.333 00018.322 00018.313 00018.308 00018.306 00018.306 00018.309 00018.302 00018.295 00018.293 00018.292 00018.371 00018.533 00018.631 00018.610 00018.581 00018.581 00018.639 00018.725 00018.823 00018.931 00019.070 00019.298 00019.612 00019.941 00020.352 00020.739 00020.993 00021.177
-0001.000 -0001.000 -0001.000 -0001.000 -0001.000 -0001.000 -0001.000 -0001.000 -0001.000 -0001.000 -0001.000 -0001.000 -0001.000 -0001.000 00021.669 00021.005 00020.108 00019.590 00019.271 00018.929 00018.800 00018.695 00018.603 00018.527 00018.464 00018.412 00018.368 00018.331 00018.300 00018.275 00018.254 00018.240 00018.231 00018.225 00018.222 00018.222 00018.225 00018.220 00018.212 00018.210 00018.210 00018.211 00018.252 00018.430 00018.444 00018.449 00018.452 00018.494 00018.560 00018.649 00018.762 00018.910 00019.098 00019.329 00019.630 00020.005 00020.412 00020.739 00020.952 00021.145
-0001.000 -0001.000 -0001.000 -0001.000 -0001.000 -0001.000 -0001.000 -0001.000 -0001.000 -0001.000 -0001.000 -0001.000 -0001.000 -0001.000 00021.576 00020.829 00019.902 00019.383 00019.078 00018.807 00018.674 00018.571 00018.483 00018.410 00018.351 00018.301 00018.260 00018.225 00018.198 00018.176 00018.158 00018.149 00018.142 00018.139 00018.139 00018.141 00018.139 00018.131 00018.127 00018.127 00018.128 00018.129 00018.210 00018.221 00018.268 00018.313 00018.375 00018.435 00018.512 00018.617 00018.764 00018.944 00019.136 00019.411 00019.709 00020.018 00020.366 00020.665 00020.941 00021.234
-0001.000 -0001.000 -0001.000 -0001.000 -0001.000 -0001.000 -0001.000 -0001.000 -0001.000 -0001.000 -0001.000 -0001.000 -0001.000 -0001.000 00021.455 00020.682 00019.831 00019.239 00018.848 00018.686 00018.548 00018.447 00018.363 00018.293 00018.238 00018.191 00018.153 00018.122 00018.098 00018.078 00018.067 00018.060 00018.056 00018.055 00018.057 00018.058 00018.050 00018.045 00018.044 00018.045 00018.047 00018.048 00018.048 00018.097 00018.125 00018.219 00018.301 00018.389 00018.504 00018.645 00018.798 00019.007 00019.254 00019.488 00019.743 00020.048 00020.408 00020.753 00021.083 00021.187
-0001.000 -0001.000 -0001.000 -0001.000 -0001.000 -0001.000 -0001.000 -0001.000 -0001.000 -0001.000 -0001.000 -0001.000 -0001.000 -0001.000 00021.347 00020.514 00019.721 00019.154 00018.733 00018.565 00018.422 00018.324 00018.243 00018.177 00018.126 00018.083 00018.048 00018.022 00018.001 00017.989 00017.982 00017.978 00017.977 00017.979 00017.982 00017.975 00017.970 00017.969 00017.970 00017.972 00017.972 00017.974 00017.975 00017.976 00018.019 00018.140 00018.257 00018.364 00018.490 00018.669 00018.875 00019.117 00019.300 00019.530 00019.821 00020.200 00020.508 00020.703 00020.898 00020.830
-0001.000 -0001.000 -0001.000 -0001.000 -0001.000 -0001.000 -0001.000 -0001.000 -0001.000 -0001.000 -0001.000 -0001.000 -0001.000 00021.954 00021.254 00020.388 00019.645 00019.049 00018.619 00018.445 00018.297 00018.201 00018.124 00018.064 00018.015 00017.981 00017.956 00017.936 00017.921 00017.915 00017.911 00017.909 00017.910 00017.913 00017.907 00017.902 00017.902 00017.902 00017.904 00017.905 00017.906 00017.908 00017.911 00017.918 00017.970 00018.077 00018.174 00018.291 00018.487 00018.724 00018.891 00019.109 00019.334 00019.595 00019.899 00020.096 00020.300 00020.482 00020.474 00020.408
-0001.000 -0001.000 -0001.000 -0001.000 -0001.000 -0001.000 -0001.000 -0001.000 -0001.000 -0001.000 -0001.000 -0001.000 -0001.000 00021.886 00021.184 00020.271 00019.562 00018.965 00018.511 00018.324 00018.173 00018.080 00018.007 00017.960 00017.923 00017.893 00017.872 00017.856 00017.848 00017.843 00017.841 00017.841 00017.844 00017.840 00017.835 00017.834 00017.835 00017.837 00017.837 00017.839 00017.840 00017.844 00017.851 00017.857 00017.884 00018.033 00018.163 00018.296 00018.436 00018.655 00018.898 00019.131 00019.397 00019.604 00019.771 00019.922 00020.066 00020.114 00020.031 00020.014
-0001.000 -0001.000 -0001.000 -0001.000 -0001.000 -0001.000 -0001.000 -0001.000 -0001.000 -0001.000 -0001.000 -0001.000 -0001.000 00021.887 00021.173 00020.232 00019.494 00018.857 00018.410 00018.210 00018.051 00017.966 00017.908 00017.866 00017.834 00017.810 00017.791 00017.780 00017.775 00017.773 00017.773 00017.775 00017.773 00017.768 00017.766 00017.767 00017.769 00017.770 00017.771 00017.773 00017.776 00017.784 00017.792 00017.798 00017.883 00018.014 00018.100 00018.236 00018.439 00018.697 00018.970 00019.222 00019.363 00019.478 00019.627 00019.755 00019.874 00019.793 00019.740 00019.746
-0001.000 -0001.000 -0001.000 -0001.000 -0001.000 -0001.000 -0001.000 -0001.000 -0001.000 -0001.000 -0001.000 -0001.000 -0001.000 00021.790 00021.186 00020.312 00019.535 00018.841 00018.316 00018.100 00017.938 00017.865 00017.814 00017.776 00017.747 00017.728 00017.713 00017.708 00017.705 00017.705 00017.707 00017.707 00017.701 00017.698 00017.699 00017.701 00017.702 00017.704 00017.706 00017.709 00017.717 00017.726 00017.734 00017.742 00017.787 00017.946 00018.111 00018.297 00018.535 00018.795 00019.024 00019.176 00019.235 00019.335 00019.463 00019.583 00019.570 00019.525 00019.502 00019.518
-0001.000 -0001.000 -0001.000 -0001.000 -0001.000 -0001.000 -0001.000 -0001.000 -0001.000 -0001.000 -0001.000 -0001.000 -0001.000 00021.523 00020.833 00019.994 00019.628 00018.946 00018.367 00018.058 00017.833 00017.766 00017.721 00017.688 00017.665 00017.647 00017.641 00017.637 00017.636 00017.638 00017.641 00017.634 00017.630 00017.631 00017.633 00017.635 00017.636 00017.638 00017.642 00017.650 00017.659 00017.667 00017.678 00017.688 00017.791 00017.993 00018.162 00018.383 00018.504 00018.775 00019.008 00019.048 00019.097 00019.190 00019.299 00019.385 00019.311 00019.276 00019.282 00019.316
-0001.000 -0001.000 -0001.000 -0001.000 -0001.000 -0001.000 -0001.000 -0001.000 -0001.000 -0001.000 -0001.000 -0001.000 -0001.000 00021.308 00020.494 00019.782 00019.338 00018.968 00018.479 00018.137 00017.729 00017.669 00017.630 00017.602 00017.584 00017.574 00017.570 00017.568 00017.570 00017.574 00017.567 00017.562 00017.563 00017.565 00017.567 00017.569 00017.571 00017.574 00017.582 00017.592 00017.600 00017.611 00017.624 00017.702 00017.941 00018.056 00018.145 00018.283 00018.487 00018.741 00018.800 00018.877 00018.943 00019.041 00019.185 00019.112 00019.059 00019.051 00019.075 00019.185
