ashley_2/OUTPUT/raster.ros
north:    392658.625000
south:    384678.625000
east:     169279.328125
west:     157819.328125
rows:     266
cols:     382
[rows 112 to 139 of 266, columns 126 to 188 of 382]
-0001.000 -0001.000 -0001.000 -0001.000 -0001.000 -0001.000 -0001.000 -0001.000 -0001.000 -0001.000 00.21 00.30 03.04 03.37 03.50 03.58 03.35 03.15 03.29 03.39 03.40 03.40 03.42 03.62 03.66 03.69 06.13 12.22 16.71 16.78 02.04 01.69 01.74 01.58 01.79 02.17 02.31 02.36 18.92 17.92 21.60 11.46 02.71 02.18 01.12 01.75 03.87 05.53 09.15 12.29 17.30 21.79 30.57 26.01 21.63 03.61 05.14 04.45 03.32 03.40 02.64 02.73 04.10
-0001.000 -0001.000 -0001.000 -0001.000 -0001.000 -0001.000 -0001.000 -0001.000 -0001.000 -0001.000 00.22 02.66 03.20 03.45 03.56 03.52 03.26 03.23 03.37 03.46 03.40 03.44 03.64 03.80 03.90 03.91 03.71 03.68 03.64 03.81 03.95 08.56 09.74 07.95 07.62 02.20 02.22 02.27 16.38 14.47 10.30 14.94 02.61 02.03 01.94 02.19 03.40 05.58 11.58 16.56 21.48 22.51 20.40 19.38 16.96 05.56 06.00 05.19 05.45 03.97 03.18 02.77 03.58
-0001.000 -0001.000 -0001.000 -0001.000 -0001.000 -0001.000 -0001.000 -0001.000 -0001.000 -0001.000 00.22 02.95 03.40 03.55 03.64 03.29 03.19 03.28 03.48 03.46 03.47 03.63 03.92 03.96 04.03 03.81 03.76 03.68 03.88 03.99 04.02 03.42 03.13 03.25 03.97 01.23 02.24 02.23 02.20 01.59 01.76 02.03 02.22 01.74 02.06 01.99 01.78 08.60 16.13 24.91 19.46 17.34 15.88 21.96 21.28 25.57 24.33 04.45 04.81 03.78 03.56 02.99 04.52
-0001.000 -0001.000 -0001.000 -0001.000 -0001.000 -0001.000 -0001.000 -0001.000 -0001.000 00.26 00.24 05.37 05.21 05.07 05.24 05.33 05.42 05.36 05.21 05.26 05.19 04.98 04.25 04.06 03.90 03.81 03.69 03.92 04.03 04.06 03.21 03.15 03.20 03.69 04.45 01.31 02.21 02.23 01.51 01.64 01.90 02.16 02.34 01.90 02.23 01.99 01.96 17.95 17.75 11.86 10.96 11.93 15.97 20.80 22.95 21.62 20.03 09.11 02.17 02.84 03.70 13.61 12.19
-0001.000 -0001.000 -0001.000 -0001.000 -0001.000 -0001.000 -0001.000 -0001.000 -0001.000 00.26 00.20 05.64 05.25 05.17 05.02 05.37 05.43 05.41 05.22 05.22 05.21 05.08 04.86 04.77 04.96 05.09 05.05 04.21 04.09 03.99 03.20 03.21 03.32 04.07 01.26 01.35 02.09 01.26 00.85 01.04 01.21 01.34 01.67 01.55 02.01 02.39 02.82 02.90 03.10 11.45 13.24 15.70 22.97 20.29 19.13 18.30 17.11 07.70 08.37 08.93 10.87 12.74 17.07
-0001.000 -0001.000 -0001.000 -0001.000 -0001.000 -0001.000 -0001.000 -0001.000 -0001.000 00.26 00.20 05.05 05.24 05.21 05.08 05.32 05.40 05.46 05.23 05.18 05.18 05.14 04.93 04.83 04.89 04.94 04.92 04.82 04.73 05.16 05.51 05.59 05.48 04.32 01.28 00.94 01.06 00.76 00.91 01.38 01.64 01.31 01.30 01.42 01.53 01.93 02.05 03.05 02.81 02.56 14.52 18.76 14.68 14.88 18.24 11.43 07.19 07.77 08.78 09.82 10.73 11.58 15.20
-0001.000 -0001.000 -0001.000 -0001.000 -0001.000 -0001.000 -0001.000 -0001.000 -0001.000 00.26 00.22 05.39 05.33 05.23 05.12 05.17 05.31 05.39 05.36 05.26 05.31 05.20 04.83 04.78 04.76 04.81 04.88 04.76 04.72 04.54 05.47 05.57 05.59 04.14 01.15 01.10 01.14 01.88 05.31 04.80 01.59 01.54 03.04 01.43 01.63 01.88 01.98 01.61 02.62 02.60 02.43 17.00 19.67 15.14 11.74 14.78 07.28 07.94 09.00 10.22 11.06 12.60 13.94
-0001.000 -0001.000 -0001.000 -0001.000 -0001.000 -0001.000 -0001.000 -0001.000 -0001.000 00.36 00.21 05.48 05.36 05.25 05.13 05.00 05.28 05.29 05.38 05.26 05.18 05.10 04.85 04.70 04.66 04.72 04.75 04.70 04.66 04.57 05.45 05.39 05.49 05.42 05.22 04.08 02.22 05.10 05.17 05.18 05.50 05.82 06.04 06.02 02.18 01.50 01.64 01.74 01.74 02.67 02.37 02.32 09.95 07.41 14.02 06.54 07.38 08.39 09.45 10.84 11.95 13.76 14.95
-0001.000 -0001.000 -0001.000 -0001.000 -0001.000 -0001.000 -0001.000 -0001.000 00.20 00.29 00.21 06.30 06.65 06.63 06.36 05.96 06.26 06.56 06.66 06.46 06.48 06.45 05.66 04.93 04.65 04.70 04.70 04.65 04.63 04.58 05.28 05.31 05.27 05.30 05.14 05.19 05.15 05.12 05.04 05.07 05.22 05.54 06.05 06.37 05.89 02.19 01.67 02.08 01.98 01.62 02.00 02.45 02.36 11.57 20.16 06.55 07.54 08.78 10.25 11.29 13.21 14.83 15.83
-0001.000 -0001.000 -0001.000 -0001.000 -0001.000 -0001.000 -0001.000 -0001.000 00.27 00.32 06.72 07.28 07.31 07.09 06.78 06.43 06.09 06.77 06.61 06.56 06.41 06.43 06.33 05.80 05.49 05.35 05.37 05.20 04.65 04.56 05.62 05.30 05.26 05.22 05.15 05.19 05.13 05.16 05.08 05.06 05.17 05.42 05.40 06.13 06.61 05.88 01.81 01.81 01.79 01.94 01.70 02.54 02.42 20.12 05.28 06.34 07.64 09.14 10.83 12.61 14.47 15.60 16.82
00.64 -0001.000 -0001.000 -0001.000 -0001.000 00.24 -0001.000 -0001.000 00.20 04.45 06.91 06.79 07.07 07.31 07.11 06.74 06.40 06.16 06.71 06.64 06.58 06.31 06.36 06.18 05.81 05.51 05.37 05.32 05.23 05.28 05.37 07.47 07.19 07.01 06.62 06.24 06.13 05.63 05.13 04.98 04.98 05.10 05.20 05.44 06.07 05.82 01.75 01.74 01.97 01.93 01.71 01.62 02.54 02.45 04.82 06.37 07.90 09.82 09.53 05.79 05.08 07.44 13.81
00.74 01.70 00.31 00.45 00.47 00.40 00.52 00.45 00.21 00.41 07.03 06.77 06.73 06.94 07.21 07.00 06.82 06.43 06.21 06.77 06.80 06.50 06.24 06.37 06.17 05.74 05.54 05.38 05.19 05.27 05.11 06.92 07.62 07.13 06.81 06.37 06.19 06.13 06.20 06.12 06.09 06.06 05.25 04.91 05.41 05.47 05.43 01.59 01.77 01.88 01.80 01.68 02.55 02.44 04.31 06.05 05.02 02.60 02.99 03.24 03.60 04.04 04.42
00.67 01.25 01.11 00.95 01.11 01.45 00.45 00.38 00.24 00.31 07.32 07.03 06.65 06.76 06.83 07.02 06.94 06.83 06.45 06.28 06.86 06.81 06.52 06.37 06.36 06.05 05.66 05.56 05.31 05.20 05.20 04.97 08.39 07.59 07.06 06.75 06.30 06.14 06.11 06.12 06.05 05.99 06.00 05.80 05.88 05.51 05.60 01.98 01.80 01.76 02.02 01.85 01.62 02.43 03.51 02.14 02.39 02.71 03.11 03.56 04.27 04.59 04.78
00.68 01.12 00.86 00.89 01.00 00.68 01.16 01.14 01.58 01.64 07.67 07.27 07.04 06.83 06.76 06.80 06.99 06.89 06.73 06.43 06.42 06.77 06.72 06.55 06.42 06.20 05.89 05.63 05.44 05.18 05.16 05.01 05.47 08.36 07.81 07.12 06.58 06.10 06.02 06.02 05.96 06.03 05.93 05.83 05.64 05.60 05.13 04.79 01.66 01.87 02.11 01.80 01.69 02.55 02.42 02.08 02.23 02.81 03.60 04.48 04.90 04.71 04.86
01.03 01.08 00.86 00.92 00.94 00.66 01.17 01.07 01.67 01.67 07.94 07.40 07.30 07.22 07.04 06.94 06.96 06.95 06.80 06.60 06.47 06.34 06.59 06.71 06.37 06.22 06.06 05.78 05.56 05.27 05.04 04.99 04.72 09.16 08.52 07.76 07.10 06.56 05.96 05.87 05.92 05.99 05.93 05.73 05.56 05.49 05.09 04.53 01.64 02.03 02.27 01.99 01.76 01.56 02.27 00.61 02.11 05.80 04.86 04.32 04.93 05.00 04.98
01.03 01.05 00.84 00.92 00.81 00.95 01.11 01.59 01.70 01.69 07.65 07.70 10.18 13.02 14.65 14.26 14.20 14.20 13.90 13.64 13.23 12.71 12.76 12.95 13.18 12.79 12.24 11.53 10.86 09.01 04.99 04.99 04.77 04.53 09.76 08.87 07.88 07.04 06.19 05.80 05.81 05.94 05.93 05.75 05.44 05.25 05.01 01.24 02.01 01.98 02.32 02.29 01.97 01.84 02.36 00.83 01.02 03.07 05.06 04.13 04.06 05.00 05.13
01.08 01.09 00.82 00.89 00.67 01.12 01.09 01.69 01.69 02.15 15.65 15.52 15.29 15.01 14.55 14.44 14.15 14.17 14.09 13.86 13.56 13.17 12.76 12.78 12.88 13.02 12.72 12.15 11.36 10.68 09.88 09.02 06.67 04.54 11.40 10.71 09.49 08.17 06.90 05.90 05.76 05.81 05.84 05.72 05.44 05.25 05.19 01.03 01.47 01.87 02.16 02.16 02.14 02.00 00.81 01.17 01.25 01.07 03.28 04.13 04.00 03.97 04.11
01.05 00.83 00.87 00.92 00.68 01.06 01.06 01.71 01.71 03.47 15.90 15.30 15.62 15.12 14.95 14.48 14.49 14.25 14.17 13.93 13.70 13.49 13.19 12.77 12.78 12.92 13.14 12.75 12.08 11.28 10.50 09.53 08.46 07.51 03.87 14.81 14.42 25.25 18.68 12.92 10.82 09.48 05.60 05.71 05.43 05.19 04.83 04.62 01.00 01.93 01.97 01.93 02.16 00.89 01.26 01.12 01.21 01.27 04.77 04.21 04.02 03.98 03.89
01.01 00.81 00.91 00.93 00.68 01.14 00.97 01.71 01.70 02.25 17.29 16.20 15.26 15.59 15.19 15.01 14.60 14.36 14.52 14.23 14.10 13.61 13.48 13.19 12.76 12.75 12.91 13.11 12.75 12.04 11.36 10.42 08.88 08.07 06.15 03.45 01.07 01.22 19.75 11.10 12.24 10.56 10.42 10.21 09.61 05.14 04.61 04.49 01.10 01.56 01.85 01.87 01.90 01.25 01.33 01.14 06.08 05.12 04.89 04.38 04.10 03.97 03.81
00.97 00.80 00.88 00.89 00.69 01.10 01.67 01.59 01.62 02.25 18.48 17.82 16.66 15.55 15.21 15.33 15.02 14.64 14.36 14.63 14.37 14.20 13.71 13.47 13.18 12.79 12.71 12.78 12.87 12.71 12.02 11.27 09.80 08.39 06.43 04.03 00.69 01.41 01.43 01.90 15.33 11.37 10.46 10.38 09.86 08.86 06.74 04.20 04.24 01.00 01.78 01.97 01.94 01.72 01.23 01.76 06.16 05.22 05.21 05.21 04.28 03.95 03.73
00.91 00.77 00.85 00.86 00.69 01.06 01.73 01.71 01.68 06.49 20.93 19.86 18.63 17.30 15.90 15.00 15.57 14.99 14.75 14.38 14.45 14.44 14.18 13.62 13.31 13.13 12.78 12.64 12.48 12.43 12.30 11.90 10.83 09.11 07.27 01.02 00.71 01.55 01.50 01.49 01.89 18.11 10.65 10.42 10.02 09.20 06.98 03.99 03.91 00.87 01.87 01.92 02.06 01.92 01.00 10.74 06.18 05.39 05.24 05.15 05.04 04.26 03.69
00.81 00.30 00.78 00.84 00.76 00.85 01.67 01.70 01.64 02.26 23.16 22.10 21.10 19.91 18.28 16.74 15.15 15.35 14.87 14.75 14.34 14.26 14.44 14.16 13.51 13.36 13.13 12.89 12.59 12.36 12.22 12.08 11.66 10.40 08.07 05.85 00.69 01.05 01.05 01.29 01.53 01.99 11.44 10.25 10.18 09.71 06.70 04.76 00.91 01.39 01.53 01.63 01.60 02.20 00.82 01.02 06.35 05.59 05.35 05.16 05.03 04.75 04.15
-0001.000 -0001.000 -0001.000 -0001.000 -0001.000 -0001.000 -0001.000 -0001.000 25.63 25.87 25.30 24.51 23.35 22.39 20.99 19.22 17.54 15.90 15.11 15.14 14.72 14.43 14.29 14.28 13.99 13.48 13.24 13.17 12.85 12.57 12.03 11.99 11.92 11.34 09.47 05.93 00.83 01.26 01.02 01.03 02.12 02.02 10.54 10.26 10.10 09.85 09.51 01.53 01.07 01.37 01.39 01.61 01.56 01.79 01.25 01.20 06.35 05.54 05.52 05.22 05.00 04.76 04.22
-0001.000 -0001.000 -0001.000 -0001.000 -0001.000 -0001.000 -0001.000 -0001.000 -0001.000 23.41 23.73 23.95 24.43 25.77 24.79 23.03 21.12 18.89 16.45 15.01 15.18 14.82 14.58 14.34 14.31 13.90 13.56 13.29 13.17 12.92 12.51 12.29 11.98 11.70 11.11 05.95 01.31 01.45 01.43 01.46 01.63 01.98 11.01 10.40 10.18 09.86 09.42 09.15 01.30 01.67 01.71 01.66 01.54 01.55 01.49 01.11 05.97 05.50 05.50 05.28 05.02 04.73 04.22
-0001.000 -0001.000 -0001.000 -0001.000 -0001.000 -0001.000 -0001.000 -0001.000 -0001.000 20.39 20.37 20.36 19.79 19.94 19.60 18.94 20.50 25.00 22.21 18.52 15.05 15.10 14.99 14.55 14.35 14.33 14.06 13.64 13.36 13.23 12.92 12.73 12.19 11.81 11.65 11.05 10.59 10.17 09.86 11.62 12.31 11.93 11.42 10.60 10.23 09.86 09.57 08.99 08.79 08.60 08.72 09.50 01.66 01.50 01.70 00.97 10.32 09.53 05.46 05.40 05.05 04.49 04.06
-0001.000 -0001.000 -0001.000 -0001.000 -0001.000 -0001.000 -0001.000 -0001.000 -0001.000 -0001.000 -0001.000 15.68 14.66 14.09 12.33 09.87 04.22 -0001.000 19.76 20.12 13.36 15.52 15.04 15.46 14.76 14.52 14.37 14.28 13.79 13.46 13.37 13.05 12.74 12.21 11.81 11.54 11.03 10.55 09.99 09.68 12.33 12.31 11.78 11.17 10.41 10.01 09.63 09.15 08.61 08.40 07.95 09.61 08.97 01.74 01.88 01.22 08.05 09.73 09.46 09.34 05.05 04.34 03.88
-0001.000 -0001.000 -0001.000 -0001.000 -0001.000 -0001.000 -0001.000 -0001.000 -0001.000 -0001.000 10.61 05.18 -0001.000 -0001.000 05.63 -0001.000 -0001.000 -0001.000 -0001.000 -0001.000 -0001.000 15.16 14.91 14.97 15.73 15.21 14.72 14.28 14.06 13.75 13.45 13.31 12.93 12.63 12.19 11.78 11.47 10.98 10.41 09.90 09.57 12.46 12.29 11.63 11.02 10.20 09.68 09.34 08.73 08.04 07.83 09.48 08.97 08.36 02.40 02.24 11.15 09.89 09.51 09.56 08.39 04.07 03.71
-0001.000 -0001.000 -0001.000 -0001.000 -0001.000 -0001.000 -0001.000 -0001.000 -0001.000 -0001.000 -0001.000 -0001.000 -0001.000 -0001.000 04.68 -0001.000 -0001.000 -0001.000 -0001.000 -0001.000 -0001.000 16.27 15.19 14.88 14.52 15.04 15.19 14.61 14.22 13.95 13.72 13.42 12.88 11.98 11.61 11.32 11.67 11.26 10.85 10.21 09.87 09.62 12.60 12.23 11.65 10.74 10.00 09.43 08.83 08.17 07.76 08.78 08.98 08.28 10.00 13.12 11.38 10.42 09.56 09.61 09.17 01.82 01.34
