ashley_2/OUTPUT/raster.fli
north:    392658.625000
south:    384678.625000
east:     169279.328125
west:     157819.328125
rows:     266
cols:     382
[rows 156 to 181 of 266, columns 180 to 239 of 382]
00059.067 00053.935 00050.707 00071.117 00095.339 00096.462 00068.768 00060.150 00063.089 00067.794 00063.824 00066.781 00069.366 00079.420 00074.770 00074.926 00075.631 00060.442 00062.259 00064.594 00065.360 00090.484 00089.088 00088.512 00095.653 00082.619 00166.633 00148.227 00130.218 00115.259 00100.110 00076.037 00263.860 00292.664 00316.684 00314.805 00337.425 00362.004 00376.239 00326.321 00311.055 00322.815 00379.992 00365.660 00360.186 00361.292 00346.295 00351.618 00360.563 00365.430 00370.250 00174.551 00166.165 00185.096 00186.178 00175.865 00268.249 00316.194 00274.527 00226.005
00053.455 00049.890 00045.863 00043.138 00039.962 00039.652 00055.740 00057.131 00058.974 00064.504 00064.360 00065.308 00063.311 00075.238 00071.618 00071.433 00070.092 00060.561 00063.180 00061.376 00061.613 00078.110 00077.976 00092.290 00086.696 00128.589 00165.275 00162.082 00148.286 00122.589 00106.026 00056.582 00261.674 00279.057 00290.711 00300.378 00307.867 00329.743 00300.739 00447.980 00439.268 00436.939 00396.917 00409.217 00391.545 00362.784 00336.340 00338.356 00356.442 00363.183 00361.626 00359.868 00192.272 00187.094 00186.229 00309.266 00213.845 00175.648 00176.842 00155.256
00034.057 00040.604 00039.903 00038.270 00037.990 00035.904 00053.451 00056.284 00057.265 00061.882 00062.936 00060.198 00056.540 00071.070 00067.205 00063.902 00065.553 00060.407 00063.013 00060.762 00059.774 00062.484 00073.678 00072.379 00074.105 00161.144 00153.276 00143.671 00134.616 00123.084 00099.426 00048.651 00238.911 00234.193 00277.458 00279.354 00445.990 00498.962 00519.834 00619.840 00491.162 00486.147 00475.577 00425.350 00404.696 00369.416 00333.121 00332.497 00352.003 00355.072 00348.781 00352.185 00382.791 00166.985 00180.088 00191.179 00215.869 00210.542 00180.634 00323.362
00017.957 00023.902 00027.044 00027.657 00032.969 00033.349 00034.801 00055.776 00056.806 00059.831 00059.920 00079.537 00062.614 00066.887 00060.947 00060.254 00060.608 00056.697 00058.444 00059.128 00056.911 00044.778 00060.532 00102.942 00135.664 00121.878 00119.485 00129.032 00122.015 00105.954 00088.478 00072.750 00194.632 00291.719 00373.796 00443.378 00491.926 00522.790 00554.616 00623.915 00576.882 00500.467 00483.540 00479.936 00415.965 00367.242 00346.262 00343.003 00336.838 00342.138 00374.826 00376.024 00377.638 00202.781 00184.679 00190.536 00218.733 00228.687 00163.497 00263.875
00047.276 00006.480 00002.605 00015.209 00021.106 00030.965 00033.188 00053.450 00055.038 00057.057 00057.570 00077.783 00092.156 00092.213 00063.196 00063.928 00056.351 00060.196 00063.415 00064.827 00049.671 00038.730 00089.382 00165.294 00143.784 00124.421 00134.464 00131.983 00121.204 00111.941 00083.074 00190.205 00240.829 00354.927 00442.393 00491.776 00537.514 00497.434 00503.674 00545.545 00532.792 00524.531 00510.654 00467.079 00449.903 00372.724 00342.183 00340.336 00340.280 00357.192 00368.026 00373.405 00374.330 00386.386 00171.939 00176.563 00203.461 00224.481 00341.248 00201.277
00061.650 00058.898 00054.722 00044.042 00013.312 00030.080 00031.715 00050.902 00052.992 00055.315 00057.318 00076.674 00097.125 00131.455 00079.143 00068.369 00061.957 00065.208 00066.310 00069.668 00039.441 00037.592 00148.800 00156.286 00155.190 00151.148 00152.658 00144.395 00132.464 00106.142 00074.618 00239.817 00353.115 00353.124 00496.106 00541.793 00521.075 00479.429 00445.631 00439.765 00502.743 00498.857 00478.848 00470.246 00411.092 00381.290 00355.085 00362.147 00338.995 00339.052 00361.982 00366.953 00369.163 00373.402 00322.468 00268.869 00186.109 00203.007 00218.835 00302.054
00070.701 00067.772 00061.985 00048.650 00003.659 00019.800 00031.055 00040.661 00052.351 00054.393 00056.649 00076.277 00095.623 00117.598 00110.048 00069.970 00066.981 00070.433 00072.208 00070.810 00036.945 00035.895 00148.084 00152.815 00155.464 00157.354 00150.778 00138.394 00122.244 00118.073 00295.854 00349.124 00406.083 00430.877 00481.461 00572.340 00578.296 00491.471 00459.564 00424.554 00433.728 00434.365 00448.347 00447.232 00421.854 00412.816 00391.256 00356.953 00329.388 00317.245 00356.693 00353.859 00371.091 00386.421 00323.193 00308.360 00183.081 00193.303 00197.976 00266.513
00087.540 00081.198 00065.745 00047.350 00006.941 00016.947 00029.881 00033.262 00052.071 00053.399 00054.803 00086.469 00102.756 00102.200 00103.457 00078.173 00070.951 00074.554 00079.298 00035.643 00033.658 00087.446 00127.888 00137.965 00144.521 00141.082 00108.264 00131.143 00130.619 00123.594 00411.812 00427.584 00430.642 00437.311 00491.261 00526.013 00614.482 00507.434 00459.571 00421.327 00420.666 00416.837 00436.853 00445.901 00440.156 00413.170 00385.725 00355.338 00334.726 00313.962 00326.506 00351.451 00377.573 00367.370 00304.240 00291.311 00280.829 00169.744 00191.330 00269.982
-0001.000 00438.827 00063.949 00045.726 00020.480 00015.386 00029.256 00032.415 00051.195 00053.797 00055.152 00058.081 00077.367 00093.964 00083.238 00120.990 00116.048 00098.183 00166.728 00108.833 00114.778 00092.574 00069.493 00107.792 00109.816 00110.121 00111.760 00111.623 00111.912 00114.114 00298.326 00428.527 00445.723 00456.588 00467.332 00490.576 00548.271 00491.841 00461.245 00425.697 00428.915 00440.037 00470.207 00445.293 00445.545 00414.971 00378.532 00359.474 00323.316 00312.504 00308.483 00344.264 00343.992 00342.413 00289.306 00271.080 00259.939 00223.741 00173.088 00161.972
-0001.000 -0001.000 00059.726 00045.185 00032.060 00014.708 00027.977 00031.498 00048.881 00051.875 00077.966 00082.446 00092.034 00148.972 00266.128 00202.220 00123.176 00094.908 00135.192 00145.031 00132.807 00089.969 00065.732 00077.159 00118.137 00117.495 00110.654 00109.278 00110.793 00112.400 00114.769 00419.932 00450.449 00455.728 00461.736 00487.311 00465.871 00472.939 00474.738 00464.816 00438.329 00458.396 00468.204 00460.838 00430.184 00403.171 00381.404 00363.570 00322.833 00309.593 00286.959 00288.684 00308.426 00320.435 00252.950 00245.016 00241.082 00231.810 00164.648 00150.829
-0001.000 -0001.000 00063.730 00045.780 00033.505 00013.750 00028.252 00031.202 00047.676 00048.558 00051.040 00080.204 00110.658 00195.072 00133.104 00135.315 00098.313 00106.915 00099.983 00161.074 00136.541 00077.504 00062.141 00058.244 00120.341 00120.080 00117.300 00112.671 00111.011 00112.543 00113.572 00231.097 00444.117 00441.480 00441.359 00435.614 00432.283 00433.338 00453.694 00484.647 00436.399 00427.061 00453.412 00441.398 00405.050 00387.234 00379.039 00362.025 00313.898 00294.220 00259.269 00261.397 00277.092 00251.157 00290.305 00202.972 00172.727 00145.000 00144.674 00177.758
-0001.000 -0001.000 00078.848 00046.346 00034.469 00012.696 00027.727 00030.092 00047.524 00048.033 00049.543 00051.547 00080.244 00108.509 00112.840 00114.024 00087.641 00091.432 00108.584 00103.977 00168.411 00075.308 00058.463 00059.082 00057.200 00119.720 00119.331 00118.405 00119.679 00117.180 00111.848 00114.496 00411.414 00431.144 00436.706 00422.109 00429.978 00430.372 00436.282 00437.866 00424.987 00420.383 00408.621 00397.966 00382.917 00374.478 00362.371 00333.917 00299.129 00273.981 00236.435 00238.756 00306.985 00280.492 00156.251 00119.337 00090.709 00127.581 00208.789 00165.337
-0001.000 -0001.000 00066.711 00044.437 00031.757 00013.047 00027.735 00030.319 00046.638 00048.111 00049.471 00050.540 00062.944 00077.417 00072.776 00075.627 00078.272 00086.003 00066.398 00070.394 00069.814 00091.724 00066.861 00056.890 00056.438 00120.978 00121.420 00118.944 00111.341 00131.979 00125.267 00123.663 00238.853 00408.633 00455.886 00449.238 00440.609 00441.780 00430.262 00441.238 00414.453 00396.994 00378.559 00369.095 00356.174 00344.925 00331.262 00300.698 00270.519 00259.498 00234.814 00258.474 00294.326 00235.539 00247.341 00132.011 00222.759 00277.912 00285.237 00293.584
-0001.000 -0001.000 00035.326 00036.678 00008.662 00015.346 00028.571 00030.322 00046.367 00047.777 00048.938 00049.517 00052.328 00065.822 00067.885 00069.079 00074.194 00075.170 00064.367 00063.662 00064.373 00124.727 00119.328 00064.277 00063.440 00069.956 00134.260 00133.277 00065.924 00119.456 00138.018 00131.683 00194.850 00422.910 00432.795 00469.489 00455.543 00463.157 00473.784 00413.834 00392.803 00376.389 00353.302 00333.934 00322.383 00317.380 00305.015 00280.942 00256.611 00228.238 00236.877 00282.096 00313.714 00304.051 00338.157 00304.559 00255.037 00295.258 00252.409 00232.203
-0001.000 -0001.000 00038.728 00029.785 00006.942 00021.316 00030.258 00042.666 00047.645 00048.558 00049.035 00049.752 00052.392 00065.108 00066.029 00067.680 00071.663 00065.341 00067.529 00065.642 00064.919 00112.603 00129.035 00082.689 00076.616 00050.977 00157.103 00152.858 00136.217 00118.817 00115.756 00116.584 00118.369 00330.966 00414.113 00422.515 00471.125 00456.725 00436.608 00406.200 00375.773 00341.987 00321.591 00313.815 00314.207 00299.462 00276.324 00228.060 00212.159 00225.075 00273.255 00272.545 00308.178 00310.819 00222.761 00217.525 00181.592 00288.314 00299.920 00285.724
-0001.000 00039.583 00033.515 00007.522 00014.976 00029.574 00030.959 00047.668 00049.634 00049.958 00049.581 00050.372 00051.242 00065.039 00065.846 00066.727 00069.064 00064.158 00067.447 00070.637 00066.259 00111.091 00108.411 00083.990 00066.076 00062.697 00163.231 00147.828 00138.262 00130.173 00126.619 00128.120 00128.973 00262.197 00412.749 00444.564 00425.716 00398.134 00388.635 00376.956 00341.227 00330.249 00310.878 00289.933 00273.906 00237.029 00204.901 00193.540 00219.849 00238.608 00231.434 00205.352 00240.894 00178.470 00255.673 00283.837 00310.477 00282.366 00272.210 00250.196
00006.180 00034.298 00026.391 00008.347 00026.690 00031.094 00033.487 00048.517 00050.106 00051.357 00050.324 00052.082 00051.381 00065.286 00066.089 00067.124 00068.034 00061.825 00066.895 00067.019 00072.716 00075.933 00071.857 00075.742 00080.581 00084.936 00190.216 00166.334 00147.115 00136.341 00133.675 00128.780 00127.492 00152.611 00386.101 00379.611 00359.777 00362.893 00375.578 00346.709 00317.706 00272.975 00246.500 00226.783 00206.720 00194.149 00187.732 00207.852 00236.587 00288.697 00324.797 00290.769 00277.390 00251.716 00322.727 00290.348 00257.801 00239.768 00216.446 00183.447
00028.532 00022.843 00004.573 00015.922 00030.330 00032.283 00050.537 00051.184 00050.746 00050.753 00051.324 00051.670 00052.067 00065.746 00066.465 00067.586 00070.582 00059.674 00065.503 00066.303 00035.449 00043.957 00054.158 00066.692 00072.447 00183.042 00176.336 00171.128 00153.910 00138.265 00133.644 00132.052 00130.233 00160.241 00338.697 00362.461 00340.459 00330.737 00296.993 00264.121 00215.233 00208.017 00203.025 00201.166 00191.696 00187.946 00201.426 00238.007 00239.258 00307.304 00253.961 00294.112 00296.225 00287.142 00246.835 00218.598 00189.597 00154.297 00114.733 00097.507
00012.028 00008.256 00016.471 00031.825 00032.196 00049.805 00051.200 00052.426 00052.445 00050.854 00051.821 00052.386 00065.806 00066.462 00067.180 00070.547 00058.553 00058.854 00061.948 00061.474 00035.795 00034.892 00087.960 00101.004 00128.726 00141.882 00151.685 00151.651 00144.856 00128.467 00129.096 00128.543 00125.343 00227.452 00308.139 00270.628 00248.563 00241.488 00224.264 00203.899 00201.912 00200.417 00198.644 00191.838 00194.870 00206.930 00232.215 00246.928 00265.313 00232.607 00211.146 00237.505 00214.632 00181.640 00149.285 00121.196 00091.518 00083.428 00075.144 00185.181
00012.674 00022.560 00034.439 00034.656 00034.080 00051.428 00052.065 00053.110 00052.006 00051.956 00051.954 00052.509 00066.389 00066.952 00068.216 00069.223 00061.118 00060.453 00060.379 00056.038 00036.671 00037.257 00156.676 00160.787 00120.766 00115.519 00127.655 00127.690 00119.808 00117.329 00114.490 00115.326 00116.093 00228.614 00222.832 00220.954 00211.067 00203.600 00190.228 00189.953 00199.532 00204.956 00194.888 00209.027 00225.532 00266.211 00312.094 00316.207 00298.323 00235.248 00207.677 00187.635 00170.895 00129.752 00106.271 00089.681 00212.196 00326.756 00312.547 00292.221
00034.756 00036.132 00036.995 00036.780 00055.321 00053.122 00053.299 00053.755 00052.482 00053.069 00053.078 00066.005 00066.421 00067.728 00069.337 00068.216 00061.303 00062.138 00061.616 00036.479 00037.507 00077.099 00142.827 00146.214 00159.671 00154.017 00128.999 00115.193 00109.966 00096.663 00091.323 00094.324 00160.847 00162.329 00160.815 00162.806 00157.357 00156.538 00180.826 00234.502 00273.084 00273.972 00262.754 00263.708 00267.979 00283.995 00283.553 00276.238 00215.401 00185.906 00182.888 00163.648 00174.652 00129.354 00114.637 00212.894 00295.340 00304.977 00292.543 00285.618
00036.973 00038.018 00042.935 00059.477 00057.686 00055.099 00054.673 00052.496 00052.771 00053.570 00054.090 00067.160 00067.384 00067.811 00068.716 00060.707 00062.251 00062.432 00063.359 00036.098 00036.908 00143.015 00142.334 00143.369 00147.028 00174.619 00161.503 00152.426 00130.962 00094.371 00126.390 00200.565 00275.788 00303.006 00287.499 00271.147 00269.272 00270.522 00267.456 00267.410 00266.401 00253.090 00246.053 00251.568 00257.845 00260.098 00263.039 00238.944 00217.626 00231.202 00218.740 00200.817 00133.497 00125.379 00194.344 00255.839 00286.036 00289.274 00286.303 00280.130
00038.709 00062.517 00062.343 00060.997 00059.685 00057.073 00054.274 00053.473 00053.377 00053.844 00067.442 00068.034 00068.436 00068.803 00069.292 00059.406 00064.209 00061.852 00034.939 00036.298 00036.331 00142.552 00141.874 00141.216 00141.786 00144.098 00162.165 00169.949 00159.044 00135.388 00285.232 00287.012 00269.703 00259.530 00256.502 00250.940 00245.622 00248.942 00247.884 00245.421 00231.756 00223.412 00228.676 00312.850 00322.435 00298.083 00300.411 00253.988 00234.198 00207.464 00183.231 00155.760 00168.126 00198.110 00245.713 00272.979 00278.585 00275.770 00270.771 00264.375
00063.026 00063.907 00063.667 00062.161 00061.113 00059.586 00054.486 00054.390 00054.390 00057.808 00067.744 00068.637 00069.359 00069.814 00059.710 00059.825 00063.369 00061.859 00035.077 00036.266 00138.515 00142.193 00141.215 00140.576 00140.125 00141.453 00144.584 00153.171 00151.971 00202.647 00238.909 00233.382 00227.289 00221.768 00217.566 00216.513 00217.129 00286.272 00269.949 00293.058 00284.071 00284.578 00301.012 00312.081 00326.176 00314.895 00280.527 00238.836 00223.263 00192.070 00187.912 00182.835 00202.406 00229.599 00251.903 00263.945 00262.564 00259.567 00259.841 00254.636
00064.419 00065.279 00065.270 00063.616 00062.644 00057.893 00055.874 00055.327 00055.317 00068.200 00068.382 00068.991 00069.939 00068.115 00060.905 00062.422 00062.929 00040.843 00035.559 00036.255 00142.047 00141.219 00140.671 00140.100 00139.741 00139.179 00143.147 00143.708 00175.803 00241.258 00233.575 00243.051 00265.611 00306.394 00299.794 00294.241 00290.170 00286.040 00285.208 00281.147 00305.145 00293.568 00306.438 00310.535 00307.005 00288.635 00248.081 00246.898 00213.670 00202.906 00203.727 00210.882 00228.421 00237.833 00253.842 00260.229 00252.107 00243.650 00236.894 00226.885
00065.600 00066.331 00066.293 00061.810 00059.528 00058.728 00057.326 00056.398 00069.014 00069.193 00069.399 00069.676 00070.350 00061.822 00062.830 00063.242 00063.881 00034.816 00035.824 00136.798 00140.796 00140.822 00140.193 00137.623 00138.100 00138.751 00138.236 00138.678 00281.448 00288.902 00283.965 00290.953 00303.954 00287.404 00281.976 00285.379 00311.619 00294.563 00293.928 00289.569 00291.594 00294.376 00296.724 00296.490 00287.636 00285.322 00247.484 00244.865 00233.310 00222.768 00184.532 00202.378 00235.881 00233.930 00229.944 00223.232 00218.479 00221.017 00235.552 00219.244
