ashley_2/OUTPUT/raster.toa
north:    392658.625000
south:    384678.625000
east:     169279.328125
west:     157819.328125
rows:     266
cols:     382
[rows 182 to 207 of 266, columns 180 to 239 of 382]
00011.800 00011.943 00012.092 00012.257 00012.434 00012.625 00012.827 00013.037 00013.232 00013.431 00013.634 00013.843 00014.060 00014.309 00014.550 00014.790 00015.062 00015.514 00015.962 00016.102 00016.219 00016.338 00016.455 00016.573 00016.689 00016.805 00016.921 00017.018 00017.074 00017.131 00017.188 00017.245 00017.302 00017.356 00017.410 00017.466 00017.522 00017.577 00017.633 00017.688 00017.744 00017.800 00017.857 00017.915 00017.972 00018.036 00018.102 00018.169 00018.236 00018.306 00018.388 00018.479 00018.556 00018.624 00018.693 00018.761 00018.830 00018.900 00018.970 00019.050
00012.011 00012.164 00012.317 00012.478 00012.651 00012.837 00013.028 00013.196 00013.384 00013.578 00013.777 00013.978 00014.213 00014.454 00014.698 00014.935 00015.325 00015.773 00016.055 00016.166 00016.279 00016.391 00016.508 00016.627 00016.746 00016.865 00016.983 00017.048 00017.103 00017.159 00017.215 00017.271 00017.327 00017.381 00017.435 00017.490 00017.545 00017.600 00017.657 00017.713 00017.771 00017.829 00017.887 00017.946 00018.007 00018.077 00018.143 00018.207 00018.270 00018.336 00018.410 00018.499 00018.585 00018.658 00018.729 00018.796 00018.861 00018.931 00018.993 00019.074
00012.236 00012.388 00012.539 00012.698 00012.867 00013.040 00013.198 00013.363 00013.538 00013.727 00013.920 00014.135 00014.367 00014.603 00014.842 00015.157 00015.601 00016.009 00016.120 00016.232 00016.344 00016.457 00016.570 00016.683 00016.798 00016.920 00017.019 00017.074 00017.129 00017.184 00017.241 00017.298 00017.354 00017.408 00017.460 00017.517 00017.574 00017.631 00017.689 00017.746 00017.804 00017.862 00017.921 00017.980 00018.045 00018.114 00018.183 00018.248 00018.313 00018.381 00018.458 00018.543 00018.625 00018.698 00018.769 00018.840 00018.912 00018.983 00019.067 00019.157
00012.460 00012.610 00012.760 00012.916 00013.068 00013.214 00013.368 00013.529 00013.696 00013.881 00014.076 00014.297 00014.522 00014.754 00014.987 00015.422 00015.865 00016.078 00016.190 00016.301 00016.411 00016.524 00016.637 00016.750 00016.863 00016.977 00017.045 00017.102 00017.159 00017.216 00017.273 00017.331 00017.386 00017.438 00017.493 00017.550 00017.607 00017.665 00017.723 00017.781 00017.839 00017.898 00017.958 00018.020 00018.089 00018.157 00018.226 00018.295 00018.362 00018.430 00018.505 00018.586 00018.665 00018.738 00018.838 00018.975 00019.007 00019.083 00019.163 00019.249
00012.711 00012.831 00012.980 00013.109 00013.244 00013.387 00013.538 -0001.000 -0001.000 00014.076 00014.249 00014.460 00014.681 00014.904 00015.257 00015.697 00016.033 00016.143 00016.257 00016.370 00016.482 00016.593 00016.705 00016.817 00016.930 00017.022 00017.079 00017.136 00017.193 00017.250 00017.307 00017.364 00017.420 00017.472 00017.529 00017.587 00017.646 00017.704 00017.762 00017.821 00017.880 00017.939 00017.998 00018.066 00018.134 00018.202 00018.270 00018.339 00018.409 00018.479 00018.551 00018.626 00018.700 00018.770 00018.896 00019.088 00019.165 00019.249 00019.322 00019.394
-0001.000 -0001.000 -0001.000 00013.300 00013.420 00013.560 00013.707 -0001.000 -0001.000 -0001.000 -0001.000 00014.649 00014.841 00015.109 00015.530 00015.970 00016.103 00016.213 00016.324 00016.436 00016.548 00016.661 00016.776 00016.887 00016.999 00017.056 00017.114 00017.171 00017.229 00017.286 00017.344 00017.401 00017.456 00017.511 00017.568 00017.626 00017.685 00017.743 00017.802 00017.860 00017.918 00017.977 00018.041 00018.109 00018.176 00018.245 00018.313 00018.382 00018.451 00018.521 00018.592 00018.663 00018.733 00018.803 00018.959 00019.139 00019.229 00019.321 00019.412 00019.503
-0001.000 -0001.000 -0001.000 00013.503 00013.595 00013.731 00013.879 00014.118 -0001.000 -0001.000 -0001.000 00014.856 00015.014 00015.424 00015.840 00016.066 00016.171 00016.282 00016.394 00016.506 00016.616 00016.728 00016.843 00016.957 00017.035 00017.092 00017.149 00017.206 00017.263 00017.320 00017.377 00017.435 00017.492 00017.548 00017.605 00017.664 00017.722 00017.780 00017.839 00017.897 00017.956 00018.017 00018.085 00018.153 00018.221 00018.289 00018.358 00018.427 00018.496 00018.565 00018.635 00018.706 00018.777 00018.848 00019.005 00019.291 00019.393 00019.458 00019.534 00019.612
-0001.000 -0001.000 -0001.000 -0001.000 -0001.000 -0001.000 -0001.000 00014.391 -0001.000 -0001.000 -0001.000 00015.177 00015.422 00015.775 00016.041 00016.145 00016.249 00016.355 00016.463 00016.575 00016.687 00016.799 00016.912 00017.012 00017.069 00017.126 00017.184 00017.241 00017.299 00017.356 00017.413 00017.471 00017.528 00017.585 00017.643 00017.701 00017.760 00017.819 00017.877 00017.937 00017.996 00018.064 00018.132 00018.200 00018.269 00018.338 00018.407 00018.477 00018.546 00018.616 00018.686 00018.757 00018.828 00018.984 00019.234 00019.499 00019.684 00019.666 00019.714 00019.779
-0001.000 -0001.000 -0001.000 -0001.000 -0001.000 -0001.000 -0001.000 -0001.000 -0001.000 -0001.000 00015.808 00015.716 00015.874 00016.043 00016.135 00016.229 00016.331 00016.435 00016.541 00016.648 00016.756 00016.869 00016.983 00017.048 00017.105 00017.162 00017.219 00017.277 00017.335 00017.392 00017.449 00017.508 00017.566 00017.625 00017.683 00017.742 00017.802 00017.861 00017.921 00017.981 00018.046 00018.115 00018.183 00018.252 00018.321 00018.390 00018.459 00018.528 00018.598 00018.668 00018.739 00018.810 00018.881 00019.020 00019.294 00019.561 00019.745 00019.827 00019.925 00019.973
-0001.000 -0001.000 -0001.000 -0001.000 -0001.000 -0001.000 -0001.000 -0001.000 -0001.000 00016.603 00016.157 00016.078 00016.100 00016.164 00016.241 00016.329 00016.422 00016.519 00016.623 00016.728 00016.835 00016.943 00017.028 00017.085 00017.143 00017.201 00017.259 00017.317 00017.375 00017.433 00017.491 00017.550 00017.608 00017.667 00017.727 00017.787 00017.847 00017.907 00017.968 00018.032 00018.100 00018.169 00018.238 00018.306 00018.376 00018.445 00018.515 00018.585 00018.655 00018.726 00018.797 00018.868 00018.940 00019.068 00019.346 00019.675 00019.824 00019.920 00020.015 00020.113
-0001.000 -0001.000 00020.309 -0001.000 -0001.000 -0001.000 -0001.000 -0001.000 -0001.000 00016.650 00016.392 00016.289 00016.273 00016.302 00016.366 00016.441 00016.525 00016.617 00016.711 00016.812 00016.917 00017.013 00017.071 00017.129 00017.187 00017.245 00017.303 00017.362 00017.420 00017.478 00017.537 00017.596 00017.654 00017.714 00017.773 00017.834 00017.895 00017.956 00018.019 00018.087 00018.155 00018.224 00018.292 00018.361 00018.429 00018.497 00018.565 00018.631 00018.697 00018.760 00018.823 00018.889 00018.992 00019.168 00019.400 00019.652 00019.915 00020.140 00020.142 00020.220
00020.969 00020.536 00020.128 00019.892 -0001.000 -0001.000 -0001.000 -0001.000 -0001.000 -0001.000 00016.630 00016.507 00016.466 00016.473 00016.505 00016.569 00016.643 00016.723 00016.813 00016.907 00017.002 00017.060 00017.119 00017.177 00017.235 00017.294 00017.353 00017.411 00017.470 00017.528 00017.587 00017.646 00017.705 00017.765 00017.825 00017.886 00017.947 00018.008 00018.076 00018.144 00018.212 00018.281 00018.349 00018.396 00018.452 00018.518 00018.586 00018.654 00018.723 00018.793 00018.864 00018.934 00019.005 00019.152 00019.418 00019.710 00020.002 00020.219 00020.297 00020.385
00020.941 00020.516 00020.108 00019.851 00019.685 -0001.000 -0001.000 -0001.000 -0001.000 -0001.000 -0001.000 00016.730 00016.676 00016.651 00016.672 00016.708 00016.773 00016.845 00016.925 00017.007 00017.065 00017.123 00017.181 00017.238 00017.297 00017.355 00017.413 00017.471 00017.530 00017.588 00017.647 00017.706 00017.765 00017.824 00017.884 00017.944 00018.004 00018.070 00018.137 00018.355 00018.519 00018.604 00018.661 00018.536 00018.532 00018.575 00018.631 00018.695 00018.768 00018.840 00018.912 00018.984 00019.068 00019.233 00019.519 00019.811 00020.122 00020.346 00020.428 00020.523
00020.970 00020.541 00020.127 00019.854 00019.650 00019.457 00019.314 -0001.000 -0001.000 -0001.000 -0001.000 -0001.000 -0001.000 00016.855 00016.851 00016.876 00016.914 00016.978 00017.036 00017.089 00017.143 00017.199 00017.255 00017.311 00017.367 00017.424 00017.482 00017.540 00017.598 00017.656 00017.714 00017.773 00017.832 00017.890 00017.950 00018.010 00018.075 00018.175 00018.424 00018.612 00018.860 00019.184 00019.297 00018.994 00018.889 00018.767 00018.773 00018.820 00018.875 00018.937 00019.001 00019.084 00019.255 00019.506 00019.760 00020.039 00020.328 00020.508 00020.568 00020.661
00021.009 00020.581 00020.167 00019.871 00019.658 00019.454 00019.260 00019.094 00018.929 -0001.000 -0001.000 -0001.000 00017.344 00017.078 00017.035 00017.045 00017.068 00017.100 00017.136 00017.187 00017.238 00017.290 00017.343 00017.396 00017.451 00017.507 00017.563 00017.619 00017.675 00017.732 00017.789 00017.846 00017.903 00017.961 00018.022 00018.085 00018.148 00018.322 00018.657 00019.001 00019.323 -0001.000 -0001.000 -0001.000 00019.424 00019.026 00018.949 00018.979 00019.023 00019.084 00019.152 00019.228 00019.378 00019.578 00019.820 00020.134 00020.372 00020.485 00020.594 00020.701
00021.052 00020.639 00020.224 00019.900 00019.678 00019.462 00019.257 00019.061 00018.831 00018.599 -0001.000 -0001.000 00017.467 00017.305 00017.233 00017.210 00017.345 00017.399 00017.423 00017.465 00017.522 00017.575 00017.473 00017.503 00017.547 00017.600 00017.652 00017.706 00017.760 00017.816 00017.873 00017.929 00017.985 00018.047 00018.111 00018.175 00018.238 00018.404 00018.701 00019.018 00019.358 -0001.000 -0001.000 00019.513 00019.239 00019.234 00019.198 00019.191 00019.223 00019.271 00019.327 00019.395 00019.470 00019.659 00019.955 00020.288 00020.509 00020.588 00020.683 00020.778
00021.110 00020.717 00020.302 00019.942 00019.715 00019.492 00019.275 00019.064 00018.799 00018.514 00018.223 00017.948 00017.640 00017.517 00017.442 00017.539 00017.560 00017.782 00017.902 00017.939 00017.979 00018.050 00017.823 00017.651 00017.678 00017.714 00017.755 00017.806 00017.858 00017.910 00017.964 00018.020 00018.080 00018.143 00018.207 00018.273 00018.339 00018.499 00018.841 00019.179 00019.338 00019.411 00019.402 00019.317 00019.179 00019.227 00019.290 00019.364 00019.444 00019.475 00019.523 00019.579 00019.644 00019.812 00020.123 00020.454 00020.605 00020.662 00020.730 00020.807
00021.183 00020.814 00020.410 00020.026 00019.779 00019.544 00019.313 00019.092 00018.825 00018.534 00018.269 00018.030 00017.854 00017.730 00017.661 00017.723 00017.953 00018.113 00018.293 00018.439 00018.489 00018.532 00018.272 00017.874 00017.837 00017.856 00017.887 00017.925 00017.965 00018.016 00018.072 00018.129 00018.187 00018.247 00018.309 00018.373 00018.521 00018.738 00018.829 00018.971 00019.149 00019.128 00019.155 00019.131 00019.169 00019.241 00019.318 00019.402 00019.487 00019.573 00019.661 00019.751 00019.839 00020.010 00020.338 00020.438 00020.497 00020.579 00020.689 00020.795
00021.299 00020.975 00020.575 00020.195 00019.886 00019.652 00019.421 00019.193 00018.963 00018.695 00018.449 00018.236 00018.067 00017.946 00018.005 00018.061 00018.239 00018.444 00018.684 00018.854 00019.012 00019.071 00018.696 00018.274 00018.055 00018.016 00018.035 00018.069 00018.107 00018.149 00018.194 00018.248 00018.304 00018.361 00018.421 00018.482 00018.546 00018.622 00018.697 00018.850 00018.955 00018.986 00019.040 00019.118 00019.202 00019.287 00019.374 00019.461 00019.550 00019.639 00019.729 00019.820 00019.913 00020.087 00020.307 00020.412 00020.518 00020.609 00020.695 00020.784
00021.448 00021.127 00020.762 00020.372 00020.016 00019.777 00019.547 00019.326 00019.107 00018.876 00018.647 00018.452 00018.295 00018.206 00018.282 00018.636 00018.637 00018.800 00019.001 00019.244 00019.490 00019.654 00019.175 00018.907 00018.465 00018.373 00018.374 00018.364 00018.316 00018.301 00018.340 00018.384 00018.430 00018.484 00018.541 00018.599 00018.657 00018.717 00018.781 00018.849 00018.929 00019.003 00019.090 00019.180 00019.270 00019.361 00019.451 00019.542 00019.634 00019.726 00019.818 00019.911 00020.005 00020.175 00020.303 00020.385 00020.469 00020.557 00020.667 00020.774
00021.603 00021.271 00020.955 00020.583 00020.222 00019.924 00019.699 00019.480 00019.272 00019.067 00018.868 00018.685 00018.536 00018.587 00018.634 00018.830 00019.067 00019.254 00019.436 00019.647 00019.888 00020.165 00019.748 00019.435 00019.094 00018.940 00018.914 00018.865 00018.555 00018.491 00018.501 00018.536 00018.577 00018.622 00018.670 00018.726 00018.783 00018.841 00018.900 00018.959 00019.026 00019.109 00019.194 00019.279 00019.369 00019.459 00019.550 00019.641 00019.733 00019.825 00019.918 00020.011 00020.104 00020.199 00020.299 00020.402 00020.503 00020.606 00020.711 00020.817
00021.805 00021.465 00021.143 00020.806 00020.454 00020.120 00019.871 00019.659 00019.453 00019.266 00019.085 00018.921 00018.805 00018.879 00019.100 00019.252 00019.457 00019.690 00019.935 00020.111 00020.315 00020.555 00020.463 00019.972 00019.723 00019.571 00019.520 00019.174 00018.796 00018.716 00018.676 00018.701 00018.734 00018.773 00018.817 00018.869 00018.924 00018.976 00019.041 00019.112 00019.183 00019.258 00019.334 00019.415 00019.499 00019.585 00019.672 00019.760 00019.849 00019.939 00020.028 00020.118 00020.210 00020.302 00020.396 00020.491 00020.588 00020.687 00020.788 00020.889
-0001.000 00021.672 00021.350 00021.045 00020.695 00020.372 00020.076 00019.851 00019.659 00019.475 00019.307 00019.161 00019.068 00019.149 00019.444 00019.754 00019.926 00020.121 00020.355 00020.604 00020.798 00021.018 00021.162 00020.685 00020.394 00020.226 00019.988 00019.397 00019.048 00018.950 00018.900 00018.881 00018.904 00018.936 00018.974 00019.027 00019.100 00019.175 00019.233 00019.291 00019.356 00019.424 00019.496 00019.571 00019.650 00019.729 00019.816 00019.904 00019.990 00020.072 00020.154 00020.240 00020.327 00020.415 00020.507 00020.603 00020.699 00020.796 00020.894 00020.993
-0001.000 00021.913 00021.577 00021.261 00020.951 00020.640 00020.337 00020.080 00019.874 00019.698 00019.539 00019.409 00019.330 00019.445 00019.701 00019.928 00020.232 00020.580 00020.813 00021.085 00021.608 -0001.000 00021.793 00021.428 00021.125 00020.919 00020.322 00019.642 00019.297 00019.203 00019.141 00019.104 00019.105 00019.132 00019.171 00019.226 00019.295 00019.373 00019.440 00019.490 00019.542 00019.605 00019.670 00019.743 00019.820 00019.897 00019.978 00020.056 00020.133 00020.214 00020.294 00020.375 00020.459 00020.545 00020.634 00020.726 00020.820 00020.914 00021.061 00021.589
-0001.000 -0001.000 00021.831 00021.516 00021.219 00020.921 00020.626 00020.360 00020.120 00019.933 00019.781 00019.664 00019.592 00019.616 00019.778 00020.065 00020.364 00020.673 00021.062 -0001.000 -0001.000 -0001.000 -0001.000 -0001.000 -0001.000 00021.389 00020.692 00019.913 00019.550 00019.462 00019.394 00019.353 00019.333 00019.353 00019.383 00019.429 00019.487 00019.561 00019.628 00019.697 00019.751 00019.802 00019.865 00019.932 00020.004 00020.073 00020.142 00020.213 00020.288 00020.364 00020.441 00020.523 00020.605 00020.687 00020.774 00020.861 00020.954 00021.222 00021.721 -0001.000
-0001.000 -0001.000 -0001.000 00021.799 00021.486 00021.204 00020.926 00020.655 00020.415 00020.212 00020.042 00019.923 00019.852 00019.831 00019.896 00020.048 00020.387 00020.709 00021.118 -0001.000 -0001.000 -0001.000 -0001.000 -0001.000 -0001.000 00021.453 00020.683 00020.045 00019.795 00019.722 00019.650 00019.606 00019.578 00019.583 00019.605 00019.643 00019.698 00019.765 00019.831 00019.898 00019.970 00020.032 00020.075 00020.129 00020.187 00020.251 00020.319 00020.390 00020.459 00020.527 00020.603 00020.681 00020.761 00020.844 00020.929 00021.045 00021.426 00021.916 -0001.000 -0001.000
