ashley_2/OUTPUT/raster.sdr
north:    392658.625000
south:    384678.625000
east:     169279.328125
west:     157819.328125
rows:     266
cols:     382
[rows 126 to 167 of 266, columns 94 to 187 of 382]
-01 -01 -01 -01 -01 -01 -01 -01 -01 -01 -01 -01 -01 -01 -01 -01 -01 -01 -01 -01 -01 -01 -01 -01 -01 -01 -01 -01 -01 -01 276 279 279 282 292 278 288 289 323 277 276 275 351 353 354 356 358 356 356 355 356 358 001 000 000 000 001 001 003 008 012 012 013 019 031 343 346 346 359 008 008 010 010 013 013 017 024 030 028 068 098 104 059 059 059 060 052 273 278 351 351 021 039 038
-01 -01 -01 -01 -01 -01 -01 -01 -01 -01 -01 -01 -01 -01 -01 -01 -01 -01 -01 -01 -01 -01 -01 -01 -01 -01 -01 -01 -01 -01 286 286 278 279 282 282 280 280 286 328 294 294 351 351 353 353 354 355 355 355 356 356 359 001 000 000 359 000 003 008 010 011 018 021 030 030 329 344 345 358 008 008 013 014 014 017 025 030 035 067 012 069 066 034 062 063 065 340 346 271 350 021 029 035
-01 -01 -01 -01 -01 -01 -01 -01 -01 -01 -01 -01 -01 -01 -01 -01 -01 -01 -01 -01 -01 -01 -01 -01 -01 -01 -01 -01 -01 281 281 281 285 292 279 279 281 280 291 279 278 275 342 351 351 351 354 354 355 354 355 355 358 359 001 000 000 359 001 004 008 009 010 022 026 029 315 329 329 346 357 009 013 013 013 014 021 030 032 069 079 078 033 064 068 069 316 340 358 274 019 021 029 036
-01 -01 -01 -01 -01 -01 -01 -01 -01 -01 -01 -01 -01 -01 -01 -01 -01 -01 -01 -01 -01 -01 -01 -01 -01 -01 -01 -01 -01 272 279 278 279 285 285 289 263 279 279 279 280 288 348 356 351 351 351 354 355 354 356 356 357 358 359 001 000 000 359 002 004 007 009 019 026 027 040 221 207 346 349 356 011 013 013 014 021 030 032 044 078 037 059 063 089 322 335 311 340 032 024 024 029 037
-01 -01 -01 -01 -01 -01 -01 -01 -01 -01 -01 -01 -01 -01 -01 -01 -01 -01 -01 -01 -01 -01 -01 -01 -01 -01 -01 -01 -01 270 272 272 272 279 279 284 283 317 265 264 264 264 346 346 348 343 351 351 354 355 353 355 353 357 358 000 001 000 000 000 002 004 007 012 023 025 040 051 189 233 244 317 000 013 013 016 021 030 046 048 044 060 062 083 009 286 323 305 018 028 026 024 029 037
-01 -01 -01 -01 -01 -01 -01 -01 -01 -01 -01 -01 -01 -01 -01 -01 -01 -01 -01 -01 -01 -01 -01 -01 -01 -01 -01 -01 -01 269 269 270 270 270 271 279 279 279 277 320 323 272 336 338 347 348 355 351 352 354 354 353 352 353 358 358 000 000 000 000 000 003 005 011 020 022 041 095 095 214 248 245 324 013 013 014 017 026 048 055 060 083 080 340 010 053 328 340 020 029 026 026 029 034
-01 -01 -01 -01 -01 -01 -01 -01 -01 -01 -01 -01 -01 -01 -01 -01 -01 -01 -01 -01 -01 -01 -01 -01 -01 -01 -01 -01 -01 -01 259 259 261 263 264 264 265 267 272 272 270 325 326 336 336 337 347 355 352 352 352 354 352 353 354 358 358 000 000 000 000 000 003 005 009 018 022 021 062 241 242 242 243 008 014 013 018 022 050 057 060 076 018 010 019 045 270 290 019 026 026 026 031 036
-01 -01 -01 -01 -01 -01 -01 -01 -01 -01 -01 -01 -01 -01 -01 -01 -01 -01 -01 -01 -01 -01 -01 -01 -01 -01 -01 -01 -01 -01 249 253 229 239 251 256 245 247 279 297 311 306 314 325 325 336 337 348 349 346 352 351 353 354 353 355 358 358 000 000 000 000 001 004 007 009 021 042 067 355 002 237 313 297 011 014 016 018 054 093 053 346 019 012 017 048 216 276 352 028 025 026 031 036
-01 -01 -01 -01 -01 -01 -01 -01 -01 -01 -01 -01 -01 -01 -01 -01 -01 -01 -01 -01 -01 -01 -01 -01 -01 -01 -01 -01 -01 -01 -01 -01 -01 -01 -01 -01 -01 -01 -01 -01 259 306 307 308 314 314 325 337 338 349 355 351 351 354 354 353 356 355 359 359 359 000 000 003 004 007 019 038 084 013 002 002 291 291 012 012 015 017 022 000 056 350 018 013 053 001 289 317 025 028 025 027 033 036
-01 -01 -01 -01 -01 -01 -01 -01 -01 -01 -01 -01 -01 -01 -01 -01 -01 -01 -01 -01 -01 -01 -01 -01 -01 -01 -01 -01 -01 -01 -01 -01 -01 -01 -01 -01 -01 -01 -01 -01 -01 257 257 254 252 247 317 318 325 338 349 354 345 352 352 353 352 354 356 358 358 358 000 001 003 003 008 009 011 014 017 002 003 263 007 012 015 016 019 020 003 003 019 006 054 043 020 288 017 028 025 027 034 037
-01 -01 -01 -01 -01 -01 -01 -01 -01 -01 -01 -01 -01 -01 -01 -01 -01 -01 -01 -01 -01 -01 -01 -01 -01 -01 -01 -01 -01 -01 -01 -01 -01 -01 -01 -01 -01 -01 -01 -01 -01 234 234 234 234 234 235 237 229 253 337 341 349 345 353 352 352 353 354 356 358 357 359 000 000 003 004 008 009 013 015 356 002 005 007 013 012 015 018 022 027 029 035 025 015 046 021 265 023 028 028 027 034 053
-01 -01 -01 -01 -01 -01 -01 -01 -01 -01 -01 -01 -01 -01 -01 -01 -01 -01 -01 -01 -01 -01 -01 -01 -01 -01 -01 -01 -01 -01 -01 -01 -01 -01 -01 -01 -01 -01 -01 -01 -01 -01 -01 212 211 210 209 202 161 -01 248 245 268 352 354 352 351 352 354 355 356 357 357 359 000 000 003 005 008 011 013 014 000 002 005 007 013 016 016 019 023 028 035 024 031 031 045 281 018 025 028 027 033 054
-01 -01 -01 -01 -01 -01 -01 -01 -01 -01 -01 -01 -01 -01 -01 -01 -01 -01 -01 -01 -01 -01 -01 -01 -01 -01 -01 -01 -01 -01 -01 -01 -01 -01 -01 -01 -01 -01 -01 -01 -01 -01 192 156 -01 -01 157 -01 -01 -01 -01 -01 -01 351 352 354 346 350 350 353 355 356 358 357 359 000 000 003 006 009 011 013 015 000 001 006 007 013 016 019 023 028 034 022 026 034 009 353 019 026 028 027 030 056
-01 -01 -01 -01 -01 -01 -01 -01 -01 -01 -01 -01 -01 -01 -01 -01 -01 -01 -01 -01 -01 -01 -01 -01 -01 -01 -01 -01 -01 -01 -01 -01 -01 -01 -01 -01 -01 -01 -01 -01 -01 -01 -01 -01 -01 -01 159 -01 -01 -01 -01 -01 -01 351 350 351 352 345 351 351 353 354 356 357 357 000 000 000 005 006 009 013 014 015 000 001 006 007 012 017 023 028 030 025 026 032 027 016 019 026 028 024 030 014
-01 -01 -01 -01 -01 -01 -01 -01 -01 -01 -01 -01 -01 -01 -01 -01 -01 -01 -01 -01 -01 -01 -01 -01 -01 -01 -01 -01 -01 -01 -01 -01 -01 -01 -01 -01 -01 -01 -01 -01 -01 -01 -01 -01 -01 -01 -01 -01 -01 -01 -01 -01 -01 348 351 350 351 352 353 345 351 353 354 355 358 358 000 000 005 006 008 009 013 014 016 000 001 006 014 016 020 024 030 034 024 033 024 030 016 018 025 027 027 032
-01 -01 -01 -01 -01 -01 -01 -01 -01 -01 -01 -01 -01 -01 -01 -01 -01 -01 -01 -01 -01 -01 -01 -01 -01 -01 -01 -01 -01 -01 -01 -01 -01 -01 -01 -01 -01 -01 -01 -01 -01 -01 -01 -01 -01 -01 -01 008 033 -01 -01 344 344 345 349 349 350 351 352 353 346 351 353 354 355 358 358 000 001 005 006 007 012 014 015 000 003 001 008 014 017 023 029 034 025 033 041 031 000 017 025 028 027 032
-01 -01 -01 -01 -01 -01 -01 -01 -01 -01 -01 -01 -01 -01 -01 -01 -01 -01 -01 -01 -01 -01 -01 -01 -01 -01 -01 -01 -01 -01 -01 -01 -01 -01 -01 -01 -01 -01 -01 -01 -01 344 025 -01 -01 -01 -01 307 317 332 332 341 344 344 346 347 349 350 351 352 353 346 351 352 354 355 358 358 000 001 005 006 010 012 013 016 001 004 003 010 012 020 028 033 028 032 040 032 043 017 017 026 024 029
-01 -01 -01 -01 -01 -01 -01 -01 -01 -01 -01 -01 -01 -01 -01 -01 -01 -01 -01 -01 -01 -01 -01 -01 -01 -01 -01 -01 -01 -01 -01 -01 -01 -01 -01 -01 -01 238 352 000 -01 340 345 027 -01 -01 253 251 308 312 317 319 332 341 344 345 347 348 349 350 351 352 346 351 352 354 355 358 358 000 001 005 009 011 013 016 015 001 005 010 012 017 028 027 031 035 042 032 043 006 016 024 027 029
-01 -01 -01 -01 -01 -01 -01 -01 -01 -01 -01 -01 -01 -01 -01 -01 -01 -01 -01 -01 -01 -01 -01 -01 -01 -01 -01 -01 -01 -01 -01 -01 -01 -01 -01 -01 -01 -01 -01 256 254 254 247 241 302 244 241 242 243 245 244 237 226 342 341 345 346 347 347 349 350 350 352 345 345 351 354 355 358 358 001 006 007 009 010 014 017 001 001 005 012 018 020 027 031 032 042 032 043 008 017 016 027 026
-01 -01 -01 -01 -01 -01 -01 -01 -01 -01 -01 -01 -01 -01 -01 -01 -01 -01 -01 -01 -01 -01 -01 -01 -01 -01 -01 -01 -01 -01 -01 -01 -01 -01 -01 -01 -01 -01 -01 238 239 218 217 216 215 214 214 212 204 208 174 -01 -01 -01 342 342 341 346 347 347 349 350 351 352 000 345 351 354 355 358 358 001 006 007 011 013 015 016 001 002 012 013 020 026 031 032 046 033 043 006 007 015 025 027
-01 -01 -01 -01 -01 -01 -01 -01 -01 -01 -01 -01 -01 -01 -01 -01 -01 -01 -01 -01 -01 -01 -01 -01 -01 -01 -01 -01 -01 -01 -01 -01 -01 -01 -01 -01 -01 -01 -01 215 216 216 211 211 212 204 204 200 158 -01 -01 -01 -01 -01 338 341 342 342 346 346 346 347 350 350 351 000 345 352 354 355 358 358 001 006 008 011 013 017 017 002 006 012 019 026 032 047 045 033 043 047 007 019 026 024
-01 -01 -01 -01 -01 -01 -01 -01 -01 -01 -01 -01 -01 -01 -01 -01 -01 -01 -01 -01 -01 -01 -01 -01 -01 -01 -01 -01 -01 -01 -01 -01 -01 -01 -01 -01 -01 -01 264 210 210 205 205 205 200 194 190 148 -01 -01 -01 -01 -01 338 338 338 341 342 342 346 346 346 347 349 350 351 352 344 352 352 355 359 001 001 006 008 013 015 016 357 003 007 013 020 028 047 044 028 044 046 358 010 020 027
-01 -01 -01 -01 -01 -01 -01 -01 -01 -01 -01 -01 -01 -01 -01 -01 -01 -01 -01 -01 -01 -01 -01 -01 -01 -01 -01 -01 -01 -01 -01 -01 -01 -01 -01 -01 -01 -01 -01 -01 203 200 198 182 159 -01 -01 -01 -01 -01 -01 -01 -01 334 335 339 338 338 342 342 342 346 347 347 349 350 352 352 345 345 352 355 359 000 005 006 011 012 016 015 358 005 013 020 028 049 055 030 044 045 358 007 008 025
-01 -01 -01 -01 -01 -01 -01 -01 -01 -01 -01 -01 -01 -01 -01 -01 -01 -01 -01 -01 -01 -01 -01 -01 -01 -01 -01 -01 -01 -01 -01 -01 -01 -01 -01 -01 -01 -01 -01 -01 -01 -01 -01 -01 -01 -01 -01 -01 -01 -01 -01 -01 -01 330 334 335 339 339 338 342 342 343 346 347 346 347 349 352 352 342 345 353 355 359 000 006 008 012 017 015 009 000 007 020 024 051 020 031 044 051 353 356 005 025
-01 -01 -01 -01 -01 -01 -01 -01 -01 -01 -01 -01 -01 -01 -01 -01 -01 -01 -01 -01 -01 -01 -01 -01 -01 -01 -01 -01 -01 -01 -01 -01 -01 -01 -01 -01 -01 -01 -01 -01 -01 -01 008 -01 313 006 -01 -01 -01 -01 -01 -01 327 329 329 330 334 335 339 338 338 342 343 343 347 346 347 349 351 351 350 345 354 355 359 000 006 011 015 016 015 009 001 014 021 054 004 031 044 051 057 352 008 030
-01 -01 -01 -01 -01 -01 -01 -01 -01 -01 -01 -01 -01 -01 -01 -01 -01 -01 -01 -01 -01 -01 -01 -01 -01 -01 -01 -01 -01 -01 -01 -01 -01 -01 -01 -01 -01 -01 -01 -01 -01 228 328 304 309 309 309 315 315 313 000 -01 325 325 327 327 330 330 334 335 339 338 338 342 343 347 347 347 349 350 351 000 344 354 355 359 000 009 011 015 015 017 003 008 014 059 304 030 044 053 075 295 359 012
-01 -01 -01 -01 -01 -01 -01 -01 -01 -01 -01 -01 -01 -01 -01 -01 -01 -01 -01 -01 -01 -01 -01 -01 -01 -01 -01 -01 -01 -01 -01 -01 -01 -01 -01 -01 -01 -01 -01 -01 -01 -01 216 158 -01 282 310 309 309 309 313 313 315 315 325 325 325 327 330 329 335 335 339 338 342 342 343 347 347 349 351 351 000 344 344 354 000 008 007 016 017 014 009 003 007 067 348 039 044 077 076 277 298 013
-01 -01 -01 -01 -01 -01 -01 -01 -01 -01 -01 -01 -01 -01 -01 -01 -01 -01 -01 -01 -01 -01 -01 -01 -01 -01 -01 -01 -01 -01 -01 -01 -01 -01 -01 -01 -01 -01 -01 -01 -01 -01 -01 -01 -01 307 306 306 309 309 309 309 309 313 313 315 315 326 326 326 330 330 335 335 338 338 342 343 347 347 347 349 351 000 350 344 355 000 008 010 016 012 016 016 004 037 006 035 080 081 308 008 272 012
-01 -01 -01 -01 -01 -01 -01 -01 -01 -01 -01 -01 -01 -01 -01 -01 -01 -01 -01 -01 -01 -01 -01 -01 -01 -01 -01 -01 -01 -01 -01 -01 -01 -01 -01 -01 -01 -01 -01 -01 -01 -01 -01 -01 302 302 302 302 305 305 305 309 309 309 309 309 309 313 313 314 326 326 326 330 335 338 338 338 342 347 347 347 349 350 000 350 344 356 000 008 017 015 015 011 002 026 007 012 357 045 020 011 005 290
-01 -01 -01 -01 -01 -01 -01 -01 -01 -01 -01 -01 -01 -01 -01 -01 -01 -01 -01 -01 -01 -01 -01 -01 -01 -01 -01 -01 -01 -01 -01 -01 -01 -01 -01 -01 -01 -01 -01 -01 -01 -01 296 296 296 296 302 302 303 303 303 305 305 305 305 305 309 309 309 309 309 313 313 327 328 330 335 338 338 342 342 347 346 349 000 349 350 343 356 008 010 015 015 011 019 002 004 023 358 052 019 323 020 020
-01 -01 -01 -01 -01 -01 -01 -01 -01 -01 -01 -01 -01 -01 -01 -01 -01 -01 -01 -01 -01 -01 -01 -01 -01 -01 -01 -01 -01 -01 -01 -01 -01 -01 -01 -01 -01 -01 -01 -01 -01 294 294 294 294 296 296 297 296 303 303 303 303 303 303 303 305 305 305 305 309 310 310 310 310 310 329 331 333 337 342 342 346 346 349 359 350 351 343 000 009 016 014 017 020 003 003 002 019 014 019 021 057 051
-01 -01 -01 -01 -01 -01 -01 -01 -01 -01 -01 -01 -01 -01 -01 -01 -01 -01 -01 -01 -01 -01 -01 -01 -01 -01 -01 -01 -01 -01 -01 -01 -01 -01 -01 286 292 291 290 289 288 289 289 288 289 294 294 294 295 297 297 297 297 297 297 303 303 304 303 303 303 305 305 305 306 310 311 310 333 335 338 338 343 346 347 349 359 350 350 355 009 016 014 013 015 007 003 001 019 037 044 049 061 063
-01 -01 -01 -01 -01 -01 -01 -01 -01 -01 -01 -01 -01 -01 -01 -01 -01 -01 -01 -01 -01 -01 -01 -01 -01 -01 -01 -01 -01 -01 -01 -01 -01 -01 -01 283 283 285 279 279 289 289 289 289 289 289 289 289 290 290 295 295 295 295 295 295 296 296 297 296 303 303 303 303 303 308 308 308 310 310 337 338 338 344 349 348 352 350 350 350 354 011 013 013 015 023 008 000 021 038 045 064 065 068
-01 -01 -01 -01 -01 -01 -01 -01 -01 -01 -01 -01 -01 -01 -01 -01 -01 -01 -01 -01 -01 -01 -01 -01 -01 -01 -01 -01 -01 -01 -01 -01 -01 -01 -01 283 284 289 289 292 292 292 282 282 282 289 289 288 290 290 290 290 289 289 289 289 288 288 294 295 295 295 295 296 296 303 303 303 303 308 311 338 338 345 350 350 352 352 352 352 354 011 014 014 014 020 010 011 019 036 048 066 070 071
-01 -01 -01 -01 -01 -01 -01 -01 -01 -01 -01 -01 -01 -01 -01 -01 -01 -01 -01 -01 -01 -01 -01 -01 -01 -01 -01 -01 -01 -01 -01 -01 -01 -01 -01 -01 291 291 291 285 285 289 289 290 292 292 292 286 286 286 286 286 289 289 289 289 289 287 287 287 287 288 288 288 288 296 296 295 296 303 303 308 307 342 352 352 352 352 352 352 353 013 014 014 014 014 014 013 008 037 063 069 069 069
-01 -01 -01 -01 -01 -01 -01 -01 -01 -01 -01 -01 -01 -01 -01 -01 -01 -01 -01 -01 -01 -01 -01 -01 -01 -01 -01 -01 -01 -01 -01 -01 -01 -01 -01 -01 283 283 284 285 285 292 292 286 286 286 291 291 291 291 291 290 310 309 286 286 286 286 286 287 288 289 291 291 291 290 291 291 291 297 297 303 304 343 348 352 352 352 352 352 352 013 014 014 014 014 014 014 025 027 066 069 077 077
-01 -01 -01 -01 -01 -01 -01 -01 -01 -01 -01 -01 -01 -01 -01 -01 -01 -01 -01 -01 -01 -01 -01 -01 -01 -01 -01 -01 -01 -01 -01 -01 -01 -01 -01 -01 267 272 275 275 275 285 286 286 285 284 292 292 286 286 286 287 287 289 289 289 289 289 289 307 307 307 265 271 290 291 291 291 291 294 293 293 302 345 348 352 352 352 352 352 014 014 014 014 014 014 014 016 024 069 066 078 081 081
-01 -01 -01 -01 -01 -01 -01 -01 -01 -01 -01 -01 -01 -01 -01 -01 -01 -01 -01 -01 -01 -01 -01 -01 -01 -01 -01 -01 -01 -01 -01 -01 -01 -01 -01 -01 -01 -01 -01 269 273 217 212 272 279 279 279 279 281 281 281 284 284 284 284 284 284 289 289 289 289 290 290 289 306 306 306 282 283 293 293 293 297 293 352 352 -01 -01 -01 -01 -01 -01 -01 014 014 014 014 016 016 075 078 084 085 086
-01 -01 -01 -01 -01 -01 -01 -01 -01 -01 -01 -01 -01 -01 -01 -01 -01 -01 -01 -01 -01 -01 -01 -01 -01 -01 -01 -01 -01 -01 -01 -01 -01 -01 -01 -01 -01 -01 -01 -01 -01 -01 -01 268 272 273 279 236 268 284 286 286 287 287 287 288 287 287 287 287 287 287 288 288 288 289 289 288 305 303 294 293 293 -01 -01 -01 -01 -01 -01 -01 -01 -01 -01 -01 -01 -01 -01 014 077 085 085 085 085 087
-01 -01 -01 -01 -01 -01 -01 -01 -01 -01 -01 -01 -01 -01 -01 -01 -01 -01 -01 -01 -01 -01 -01 -01 -01 -01 -01 -01 -01 -01 -01 -01 -01 -01 -01 -01 -01 -01 -01 -01 -01 -01 -01 -01 -01 -01 -01 -01 -01 215 262 264 268 224 273 279 283 288 289 289 289 288 287 287 287 287 287 287 287 291 293 293 293 -01 -01 -01 -01 -01 -01 -01 -01 -01 -01 -01 -01 -01 -01 -01 085 085 085 085 085 085
-01 -01 -01 -01 -01 -01 -01 -01 -01 -01 -01 -01 -01 -01 -01 -01 -01 -01 -01 -01 -01 -01 -01 -01 -01 -01 -01 -01 -01 -01 -01 -01 -01 -01 -01 -01 -01 -01 -01 -01 -01 -01 -01 -01 -01 -01 -01 -01 -01 -01 -01 213 206 182 -01 -01 -01 -01 281 281 281 281 288 288 288 288 288 287 287 293 293 293 293 -01 -01 -01 -01 -01 -01 -01 -01 -01 -01 -01 -01 -01 -01 -01 085 085 085 085 086 087
-01 -01 -01 -01 -01 -01 -01 -01 -01 -01 -01 -01 -01 -01 -01 -01 -01 -01 -01 -01 -01 -01 -01 -01 -01 -01 -01 -01 -01 -01 -01 -01 -01 -01 -01 -01 -01 -01 -01 -01 -01 -01 -01 -01 -01 -01 -01 -01 -01 -01 -01 -01 -01 146 -01 -01 -01 -01 256 271 272 277 281 281 281 280 280 282 287 288 293 293 -01 -01 -01 -01 -01 -01 -01 -01 -01 -01 -01 -01 -01 -01 -01 -01 085 085 085 089 089 089
