ashley_2/OUTPUT/raster.ros
north:    392658.625000
south:    384678.625000
east:     169279.328125
west:     157819.328125
rows:     266
cols:     382
[rows 112 to 139 of 266, columns 189 to 251 of 382]
06.42 07.27 11.86 03.50 05.25 05.55 05.23 04.26 03.07 04.70 04.07 03.99 05.65 03.71 03.03 01.96 01.65 01.83 01.94 01.89 01.72 01.70 01.69 01.44 01.44 01.55 01.45 01.43 01.68 01.69 01.52 01.31 01.04 00.70 -0001.000 -0001.000 -0001.000 -0001.000 -0001.000 -0001.000 -0001.000 -0001.000 -0001.000 -0001.000 -0001.000 -0001.000 -0001.000 -0001.000 -0001.000 -0001.000 -0001.000 -0001.000 -0001.000 -0001.000 -0001.000 -0001.000 -0001.000 -0001.000 -0001.000 -0001.000 -0001.000 -0001.000 -0001.000
05.87 05.19 16.29 09.52 05.94 05.70 05.75 04.53 03.31 03.95 15.87 20.33 22.31 22.25 02.92 01.63 01.44 01.62 01.74 01.77 01.68 01.73 01.32 01.48 01.46 01.46 01.33 01.51 01.48 01.42 01.40 01.28 00.96 00.60 -0001.000 -0001.000 -0001.000 -0001.000 -0001.000 -0001.000 -0001.000 -0001.000 -0001.000 -0001.000 -0001.000 -0001.000 -0001.000 -0001.000 -0001.000 -0001.000 -0001.000 -0001.000 -0001.000 -0001.000 -0001.000 -0001.000 -0001.000 -0001.000 -0001.000 -0001.000 -0001.000 -0001.000 -0001.000
04.32 04.58 05.69 11.32 06.18 05.58 05.73 04.77 06.54 03.89 17.60 19.23 22.20 21.62 02.27 02.78 01.97 03.24 03.20 02.84 03.14 03.17 05.27 07.97 10.86 13.77 15.57 04.14 01.66 01.36 01.29 01.21 00.87 01.07 -0001.000 -0001.000 -0001.000 -0001.000 -0001.000 -0001.000 -0001.000 -0001.000 -0001.000 -0001.000 -0001.000 -0001.000 -0001.000 -0001.000 -0001.000 -0001.000 -0001.000 -0001.000 -0001.000 -0001.000 -0001.000 -0001.000 -0001.000 -0001.000 -0001.000 -0001.000 -0001.000 -0001.000 -0001.000
03.92 05.46 06.62 26.01 07.90 05.79 05.57 07.18 19.63 24.82 17.78 19.71 22.50 03.51 02.95 02.65 12.80 08.60 03.34 03.54 03.25 03.30 05.92 09.67 13.80 15.93 17.33 17.75 14.46 01.25 01.30 01.16 01.03 00.97 -0001.000 -0001.000 -0001.000 -0001.000 -0001.000 -0001.000 -0001.000 -0001.000 -0001.000 -0001.000 -0001.000 -0001.000 -0001.000 -0001.000 -0001.000 -0001.000 -0001.000 -0001.000 -0001.000 -0001.000 -0001.000 -0001.000 -0001.000 -0001.000 -0001.000 -0001.000 -0001.000 -0001.000 -0001.000
21.11 22.13 24.26 25.32 29.35 34.00 35.11 35.53 36.78 29.05 23.51 21.19 22.45 22.97 21.61 21.73 22.26 22.61 23.15 08.98 03.71 03.36 07.74 13.76 16.33 18.03 16.17 13.86 12.61 01.20 01.08 01.15 00.88 -0001.000 -0001.000 -0001.000 -0001.000 -0001.000 -0001.000 -0001.000 -0001.000 -0001.000 -0001.000 -0001.000 -0001.000 -0001.000 -0001.000 -0001.000 -0001.000 -0001.000 -0001.000 -0001.000 -0001.000 -0001.000 -0001.000 -0001.000 -0001.000 -0001.000 -0001.000 -0001.000 -0001.000 -0001.000 -0001.000
17.25 19.02 20.63 23.66 26.37 28.88 35.85 35.10 33.90 27.77 24.48 23.26 23.46 23.42 22.57 22.56 22.84 23.05 23.35 22.74 03.70 02.39 12.91 20.52 17.92 13.95 12.73 11.15 10.27 01.02 01.17 01.18 -0001.000 -0001.000 -0001.000 -0001.000 -0001.000 -0001.000 -0001.000 -0001.000 -0001.000 -0001.000 -0001.000 -0001.000 -0001.000 -0001.000 -0001.000 -0001.000 -0001.000 -0001.000 -0001.000 -0001.000 -0001.000 -0001.000 -0001.000 -0001.000 -0001.000 -0001.000 -0001.000 -0001.000 -0001.000 -0001.000 -0001.000
15.05 16.07 16.92 19.43 21.97 24.13 26.33 27.08 28.00 26.33 23.94 22.59 22.95 23.08 23.34 23.26 22.88 22.08 21.51 21.43 04.06 19.80 13.81 11.82 09.21 08.92 08.27 08.12 07.75 00.91 01.04 -0001.000 -0001.000 -0001.000 -0001.000 -0001.000 -0001.000 -0001.000 -0001.000 -0001.000 -0001.000 -0001.000 -0001.000 -0001.000 -0001.000 -0001.000 -0001.000 -0001.000 -0001.000 -0001.000 -0001.000 -0001.000 -0001.000 -0001.000 -0001.000 -0001.000 -0001.000 -0001.000 -0001.000 -0001.000 -0001.000 -0001.000 -0001.000
16.01 17.00 18.22 19.60 20.34 20.98 21.94 22.02 23.70 23.57 22.64 22.15 22.55 23.13 23.27 22.77 21.57 20.85 20.10 18.87 18.39 18.04 02.33 02.59 01.55 00.82 00.78 00.75 00.78 -0001.000 -0001.000 -0001.000 -0001.000 -0001.000 -0001.000 -0001.000 -0001.000 -0001.000 -0001.000 -0001.000 -0001.000 -0001.000 -0001.000 -0001.000 -0001.000 -0001.000 -0001.000 -0001.000 -0001.000 -0001.000 -0001.000 -0001.000 -0001.000 -0001.000 -0001.000 -0001.000 -0001.000 -0001.000 -0001.000 -0001.000 -0001.000 -0001.000 -0001.000
16.81 18.05 19.51 20.07 20.52 21.26 21.03 21.29 22.20 21.58 21.98 22.13 22.45 22.98 21.71 20.15 19.36 17.70 16.62 15.70 15.35 14.98 13.01 01.98 01.63 01.51 01.36 00.76 00.95 -0001.000 -0001.000 -0001.000 -0001.000 -0001.000 -0001.000 -0001.000 -0001.000 -0001.000 -0001.000 -0001.000 -0001.000 -0001.000 -0001.000 -0001.000 -0001.000 -0001.000 -0001.000 -0001.000 -0001.000 -0001.000 -0001.000 -0001.000 -0001.000 -0001.000 -0001.000 -0001.000 -0001.000 -0001.000 -0001.000 -0001.000 -0001.000 -0001.000 -0001.000
18.45 19.81 20.23 20.61 20.86 21.04 21.44 21.18 21.35 21.64 21.86 22.81 20.74 19.23 17.50 15.85 14.80 14.43 14.04 13.78 13.64 13.40 01.67 01.46 01.46 01.40 01.63 01.57 01.41 -0001.000 -0001.000 -0001.000 -0001.000 -0001.000 -0001.000 -0001.000 -0001.000 -0001.000 -0001.000 -0001.000 -0001.000 -0001.000 -0001.000 -0001.000 -0001.000 -0001.000 -0001.000 -0001.000 -0001.000 -0001.000 -0001.000 -0001.000 -0001.000 -0001.000 -0001.000 -0001.000 -0001.000 -0001.000 -0001.000 -0001.000 -0001.000 -0001.000 -0001.000
20.16 20.34 20.67 20.60 20.93 21.54 21.17 21.40 21.69 21.72 16.94 16.46 13.79 12.82 12.49 12.51 12.21 12.00 12.14 11.97 11.84 11.63 01.66 01.79 01.66 01.67 01.84 01.73 01.87 -0001.000 -0001.000 -0001.000 -0001.000 -0001.000 -0001.000 -0001.000 -0001.000 -0001.000 -0001.000 -0001.000 -0001.000 -0001.000 -0001.000 -0001.000 -0001.000 -0001.000 -0001.000 -0001.000 -0001.000 -0001.000 -0001.000 -0001.000 -0001.000 -0001.000 -0001.000 -0001.000 -0001.000 -0001.000 -0001.000 -0001.000 -0001.000 -0001.000 -0001.000
04.59 15.13 20.55 20.92 21.29 21.00 21.25 21.58 21.58 22.42 01.90 06.31 07.02 08.16 08.74 08.99 09.27 09.44 09.58 09.70 09.80 08.87 07.90 01.67 01.51 01.34 01.52 02.00 02.28 -0001.000 -0001.000 -0001.000 -0001.000 -0001.000 -0001.000 -0001.000 -0001.000 -0001.000 -0001.000 -0001.000 -0001.000 -0001.000 -0001.000 -0001.000 -0001.000 -0001.000 -0001.000 -0001.000 -0001.000 -0001.000 -0001.000 -0001.000 -0001.000 -0001.000 -0001.000 -0001.000 -0001.000 -0001.000 -0001.000 -0001.000 -0001.000 -0001.000 -0001.000
04.65 04.66 06.16 20.75 20.80 21.17 21.40 21.52 21.83 05.08 02.18 02.29 00.98 04.83 06.63 07.72 08.10 08.37 08.56 08.21 08.13 01.50 01.49 01.36 01.25 01.27 01.56 02.03 02.41 -0001.000 -0001.000 -0001.000 -0001.000 -0001.000 -0001.000 -0001.000 -0001.000 -0001.000 -0001.000 -0001.000 -0001.000 -0001.000 -0001.000 -0001.000 -0001.000 -0001.000 -0001.000 -0001.000 -0001.000 -0001.000 -0001.000 -0001.000 -0001.000 -0001.000 -0001.000 -0001.000 -0001.000 -0001.000 -0001.000 -0001.000 -0001.000 -0001.000 -0001.000
04.91 04.92 04.72 04.78 16.69 20.90 21.20 21.83 22.15 02.47 02.51 02.39 01.76 00.79 04.97 06.11 01.26 00.89 03.78 01.38 01.14 01.17 01.33 01.33 02.13 02.19 02.50 02.56 02.87 00.13 -0001.000 -0001.000 -0001.000 -0001.000 -0001.000 -0001.000 -0001.000 -0001.000 -0001.000 -0001.000 -0001.000 -0001.000 -0001.000 -0001.000 -0001.000 -0001.000 -0001.000 -0001.000 -0001.000 -0001.000 -0001.000 -0001.000 -0001.000 -0001.000 -0001.000 -0001.000 -0001.000 -0001.000 -0001.000 -0001.000 -0001.000 -0001.000 -0001.000
04.92 04.98 04.98 04.89 04.84 11.72 21.44 22.04 22.29 04.67 02.32 01.90 01.71 01.82 00.82 00.97 01.12 01.25 00.89 01.23 01.74 02.11 02.80 02.80 02.76 02.20 02.55 02.78 00.18 -0001.000 -0001.000 -0001.000 -0001.000 -0001.000 -0001.000 -0001.000 -0001.000 -0001.000 -0001.000 -0001.000 -0001.000 -0001.000 -0001.000 -0001.000 -0001.000 -0001.000 -0001.000 -0001.000 -0001.000 -0001.000 -0001.000 -0001.000 -0001.000 -0001.000 -0001.000 -0001.000 -0001.000 -0001.000 -0001.000 -0001.000 -0001.000 -0001.000 -0001.000
05.12 05.07 05.17 05.19 05.18 05.19 11.80 21.74 22.00 02.21 02.21 02.05 02.02 01.80 01.82 01.84 01.59 01.13 01.41 01.46 01.96 02.17 02.00 02.20 02.56 02.42 02.35 02.91 00.18 -0001.000 -0001.000 -0001.000 -0001.000 -0001.000 -0001.000 -0001.000 -0001.000 -0001.000 -0001.000 -0001.000 -0001.000 -0001.000 -0001.000 -0001.000 -0001.000 -0001.000 -0001.000 -0001.000 -0001.000 -0001.000 -0001.000 -0001.000 -0001.000 -0001.000 -0001.000 -0001.000 -0001.000 -0001.000 -0001.000 -0001.000 -0001.000 -0001.000 -0001.000
05.33 05.42 05.47 05.43 05.43 05.39 05.44 14.58 22.01 02.39 02.35 02.42 02.02 02.07 01.86 01.78 01.57 01.15 02.17 05.71 01.99 01.98 02.17 01.93 02.11 02.02 02.40 03.02 00.21 -0001.000 -0001.000 -0001.000 -0001.000 -0001.000 -0001.000 -0001.000 -0001.000 -0001.000 -0001.000 -0001.000 -0001.000 -0001.000 -0001.000 -0001.000 -0001.000 -0001.000 -0001.000 -0001.000 -0001.000 -0001.000 -0001.000 -0001.000 -0001.000 -0001.000 -0001.000 -0001.000 -0001.000 -0001.000 -0001.000 06.04 -0001.000 -0001.000 -0001.000
03.67 05.69 05.71 05.69 05.68 05.67 05.65 05.65 20.83 21.81 21.85 02.45 02.43 02.07 01.94 01.86 01.05 09.13 15.01 16.92 18.07 17.40 01.86 01.83 02.04 02.12 02.26 03.05 00.27 -0001.000 -0001.000 -0001.000 -0001.000 -0001.000 -0001.000 -0001.000 -0001.000 -0001.000 -0001.000 -0001.000 -0001.000 -0001.000 -0001.000 -0001.000 -0001.000 -0001.000 -0001.000 -0001.000 -0001.000 -0001.000 -0001.000 -0001.000 -0001.000 -0001.000 -0001.000 -0001.000 -0001.000 04.07 06.11 06.28 06.30 -0001.000 -0001.000
03.56 04.14 06.04 05.98 05.87 05.86 05.85 05.83 06.20 21.82 21.80 02.41 02.43 02.07 02.07 01.78 11.65 15.66 18.20 16.83 16.06 15.59 01.79 01.72 01.89 02.35 02.53 03.45 00.26 -0001.000 -0001.000 -0001.000 -0001.000 -0001.000 -0001.000 -0001.000 -0001.000 -0001.000 -0001.000 -0001.000 -0001.000 -0001.000 -0001.000 -0001.000 -0001.000 -0001.000 -0001.000 -0001.000 -0001.000 -0001.000 -0001.000 -0001.000 -0001.000 -0001.000 02.30 02.12 02.18 03.72 04.84 05.63 07.81 07.25 -0001.000
03.47 03.32 06.28 06.05 05.97 05.97 05.97 05.95 05.93 16.22 21.81 22.19 02.39 02.40 02.39 08.41 21.88 16.69 15.10 16.35 17.79 17.37 01.81 01.79 02.07 02.38 02.21 02.97 00.22 -0001.000 -0001.000 -0001.000 -0001.000 -0001.000 -0001.000 -0001.000 -0001.000 -0001.000 -0001.000 -0001.000 -0001.000 -0001.000 -0001.000 -0001.000 -0001.000 -0001.000 -0001.000 -0001.000 -0001.000 -0001.000 02.48 02.70 02.72 02.50 02.86 02.88 03.50 04.48 04.02 04.25 06.41 06.34 -0001.000
03.38 03.23 03.04 06.38 06.19 06.08 06.08 06.08 06.07 06.06 21.82 21.80 02.37 02.38 02.39 12.12 21.99 18.44 17.68 16.99 15.91 16.74 04.38 01.81 01.92 02.11 02.34 02.81 00.16 -0001.000 -0001.000 -0001.000 -0001.000 -0001.000 -0001.000 -0001.000 -0001.000 -0001.000 -0001.000 -0001.000 -0001.000 -0001.000 -0001.000 -0001.000 -0001.000 -0001.000 -0001.000 -0001.000 02.16 02.59 02.71 02.58 02.64 02.89 03.40 03.76 03.94 04.07 03.44 03.23 05.47 04.59 03.30
03.30 03.12 02.96 06.70 06.74 06.26 06.24 06.23 06.18 06.17 16.20 21.67 02.36 02.35 02.35 14.50 19.70 17.13 13.42 17.88 17.04 17.52 17.78 01.84 01.88 02.03 01.99 02.24 00.13 -0001.000 -0001.000 -0001.000 -0001.000 -0001.000 -0001.000 -0001.000 -0001.000 -0001.000 -0001.000 -0001.000 -0001.000 -0001.000 -0001.000 -0001.000 -0001.000 -0001.000 -0001.000 -0001.000 02.30 02.70 02.78 02.98 02.85 02.92 03.42 03.97 03.63 03.70 03.38 02.81 04.08 03.91 03.32
03.24 02.96 02.85 02.78 07.12 06.68 06.43 06.42 06.41 06.39 06.93 21.59 02.22 02.18 02.00 07.88 10.08 09.86 14.93 17.26 17.78 17.60 13.85 01.64 01.64 01.70 01.62 01.84 00.11 -0001.000 -0001.000 -0001.000 -0001.000 -0001.000 -0001.000 -0001.000 02.47 02.83 04.02 04.55 -0001.000 -0001.000 -0001.000 -0001.000 -0001.000 -0001.000 -0001.000 01.99 02.54 02.97 03.02 03.43 03.08 03.32 03.61 03.68 04.08 04.15 03.28 02.76 03.30 03.94 03.08
03.86 02.84 02.73 02.45 07.74 07.33 06.95 06.74 06.71 06.63 06.53 14.74 01.68 01.97 02.07 05.93 08.34 18.17 17.74 17.82 15.12 13.74 01.79 01.50 01.49 01.27 01.23 01.38 -0001.000 -0001.000 -0001.000 -0001.000 -0001.000 -0001.000 -0001.000 02.38 02.57 02.81 03.17 03.95 04.58 03.87 -0001.000 -0001.000 -0001.000 -0001.000 -0001.000 01.96 02.54 03.08 03.17 03.33 03.27 04.05 04.35 04.18 04.79 04.74 04.05 02.53 02.71 03.27 02.48
03.78 02.72 01.84 03.52 06.03 07.48 07.08 06.84 06.60 06.54 06.44 01.85 01.84 02.03 01.81 02.00 17.67 14.71 11.05 10.95 17.96 09.79 01.44 01.44 01.37 01.37 01.29 01.44 -0001.000 -0001.000 -0001.000 -0001.000 -0001.000 -0001.000 02.05 02.61 02.74 02.90 02.79 03.14 03.69 03.67 -0001.000 -0001.000 -0001.000 -0001.000 -0001.000 01.79 02.36 03.14 02.90 02.61 03.74 04.06 04.32 04.29 05.15 05.25 04.22 02.81 02.33 02.79 02.28
03.66 03.89 01.19 01.17 01.09 01.46 01.29 04.06 07.20 07.30 07.05 10.53 01.93 01.62 01.97 02.04 02.90 01.84 13.50 14.74 12.49 01.64 01.62 01.57 01.63 01.57 01.33 01.42 -0001.000 -0001.000 -0001.000 -0001.000 -0001.000 01.36 02.08 02.62 02.84 02.83 02.48 02.32 02.65 02.94 02.55 -0001.000 -0001.000 -0001.000 -0001.000 01.64 02.30 02.70 03.15 02.86 04.53 05.31 04.72 04.09 06.17 05.54 04.03 02.82 02.02 02.19 02.04
01.54 01.42 01.28 01.19 00.97 01.07 01.56 05.03 05.15 07.20 07.29 12.27 17.04 16.09 01.88 01.93 01.73 02.03 01.78 15.97 07.19 01.52 01.52 01.81 02.04 02.10 01.39 01.43 -0001.000 -0001.000 -0001.000 -0001.000 -0001.000 01.39 02.19 02.71 03.11 03.28 02.93 02.36 02.24 02.36 01.94 01.86 -0001.000 -0001.000 01.53 01.50 02.02 02.71 03.74 03.26 05.15 06.89 05.67 04.13 07.37 06.18 04.09 02.68 01.97 01.67 02.15
01.31 04.96 04.37 04.25 00.90 00.89 01.58 03.51 05.56 06.48 02.59 03.06 02.90 03.27 01.68 01.54 01.81 01.97 02.01 01.57 01.71 01.83 01.83 02.01 02.14 02.13 01.92 01.43 -0001.000 -0001.000 -0001.000 -0001.000 -0001.000 01.54 02.24 02.53 03.18 03.68 03.53 03.20 02.27 02.07 01.84 01.54 01.42 01.35 01.59 01.76 01.61 02.62 04.17 03.78 05.39 06.28 05.34 04.18 06.93 06.59 04.33 02.71 01.78 01.54 02.02
