ashley_2/OUTPUT/raster.fli
north:    392658.625000
south:    384678.625000
east:     169279.328125
west:     157819.328125
rows:     266
cols:     382
[rows 182 to 207 of 266, columns 180 to 239 of 382]
00066.730 00067.425 00062.472 00061.376 00060.383 00059.618 00058.829 00070.450 00070.019 00070.170 00070.257 00070.702 00061.213 00062.009 00063.453 00063.575 00039.697 00034.719 00036.000 00142.233 00141.147 00140.890 00140.473 00139.515 00138.777 00138.197 00137.720 00238.006 00283.496 00280.943 00281.690 00282.260 00288.506 00316.218 00300.638 00291.095 00295.152 00299.443 00299.587 00295.493 00291.988 00288.011 00282.550 00276.276 00272.842 00231.551 00228.179 00228.773 00229.788 00220.594 00189.780 00192.785 00231.656 00239.075 00234.564 00232.301 00226.220 00221.518 00217.568 00237.282
00066.764 00063.348 00063.447 00062.208 00061.362 00060.517 00073.220 00072.324 00071.031 00071.145 00071.349 00071.598 00062.071 00062.685 00063.272 00064.123 00034.527 00034.948 00141.830 00141.333 00140.887 00140.315 00139.927 00139.359 00138.041 00137.038 00137.226 00285.373 00290.065 00291.301 00291.757 00291.217 00295.551 00301.422 00304.738 00299.340 00295.978 00291.044 00284.110 00278.970 00274.376 00268.839 00264.637 00260.686 00246.518 00227.836 00243.613 00243.506 00237.321 00218.282 00200.463 00187.458 00198.809 00224.389 00231.508 00230.191 00222.700 00217.228 00290.448 00160.697
00063.553 00063.915 00064.074 00063.023 00062.292 00074.857 00074.315 00073.923 00072.412 00072.122 00072.377 00063.163 00062.894 00063.514 00063.382 00034.279 00034.879 00053.622 00139.225 00139.716 00139.806 00137.253 00138.311 00138.485 00137.666 00136.524 00243.953 00293.521 00290.953 00287.982 00283.541 00281.450 00278.605 00310.914 00290.951 00276.790 00272.260 00268.996 00269.008 00268.181 00266.125 00262.486 00260.328 00256.472 00223.193 00222.469 00227.299 00229.973 00222.943 00207.314 00178.759 00177.345 00188.644 00195.769 00193.620 00202.530 00198.864 00192.619 00149.025 00146.001
00064.202 00064.548 00064.730 00063.822 00076.912 00075.897 00075.327 00074.880 00074.468 00064.145 00064.802 00064.051 00063.736 00064.353 00064.706 00034.689 00035.530 00140.405 00138.233 00139.200 00139.162 00136.984 00137.303 00137.774 00137.224 00135.827 00280.658 00275.486 00274.745 00271.424 00268.680 00270.160 00301.864 00297.521 00273.881 00268.963 00266.454 00263.594 00260.813 00257.259 00252.417 00248.780 00247.223 00225.684 00215.414 00217.005 00215.283 00215.022 00218.317 00207.863 00185.963 00193.326 00215.962 00220.260 00187.551 00107.912 00103.198 00103.392 00110.227 00113.370
00031.841 00065.871 00065.428 00078.672 00077.921 00076.936 00076.314 -0001.000 -0001.000 00096.928 00067.964 00064.920 00064.919 00066.484 00034.289 00035.005 00102.153 00139.349 00138.234 00139.131 00138.695 00136.992 00137.108 00137.315 00136.855 00245.364 00270.297 00271.098 00271.315 00270.234 00266.363 00265.472 00288.509 00288.368 00255.383 00254.295 00253.228 00261.282 00253.309 00249.518 00249.235 00249.849 00249.483 00218.250 00218.718 00218.845 00217.948 00214.636 00213.036 00206.679 00206.097 00207.191 00216.710 00227.563 00225.758 00173.704 00154.276 00133.499 00114.782 00096.640
-0001.000 -0001.000 -0001.000 00110.856 00079.659 00078.031 00076.400 -0001.000 -0001.000 -0001.000 -0001.000 00087.548 00067.331 00035.018 00034.441 00035.530 00140.862 00138.446 00137.466 00139.162 00138.712 00136.942 00135.242 00135.740 00136.013 00267.705 00263.267 00263.804 00262.535 00263.039 00260.958 00271.413 00291.836 00262.172 00258.222 00257.525 00256.751 00256.698 00255.970 00254.916 00254.509 00253.860 00221.008 00220.052 00219.892 00217.889 00216.503 00214.598 00210.520 00207.249 00209.716 00213.201 00213.911 00212.363 00225.262 00169.868 00125.716 00125.696 00129.475 00128.784
-0001.000 -0001.000 -0001.000 00099.913 00082.058 00078.973 00076.477 00054.071 -0001.000 -0001.000 -0001.000 00073.741 00063.468 00033.994 00034.384 00139.026 00139.669 00138.267 00137.168 00138.281 00137.955 00135.598 00135.188 00135.730 00275.020 00272.605 00270.460 00269.113 00270.272 00269.646 00264.980 00265.202 00267.414 00265.506 00257.447 00258.553 00257.189 00257.445 00256.812 00255.628 00253.428 00233.112 00217.600 00215.657 00214.549 00213.562 00212.233 00210.867 00208.893 00207.392 00206.546 00205.091 00202.903 00200.218 00212.345 00165.709 00070.913 00089.128 00097.164 00105.847
-0001.000 -0001.000 -0001.000 -0001.000 -0001.000 -0001.000 -0001.000 00068.196 -0001.000 -0001.000 -0001.000 00040.802 00033.656 00034.309 00114.682 00137.962 00138.428 00136.695 00136.714 00137.834 00137.414 00135.637 00134.585 00196.550 00268.854 00266.111 00262.637 00261.636 00264.525 00266.389 00263.383 00263.256 00263.716 00267.351 00256.693 00254.633 00252.244 00250.257 00246.197 00243.289 00241.245 00210.452 00209.406 00207.700 00206.120 00205.163 00204.300 00202.965 00202.013 00199.497 00198.237 00197.248 00196.088 00197.784 00173.637 00178.905 00085.354 00077.453 00083.032 00088.312
-0001.000 -0001.000 -0001.000 -0001.000 -0001.000 -0001.000 -0001.000 -0001.000 -0001.000 -0001.000 00044.833 00037.856 00035.784 00114.411 00133.376 00135.616 00136.295 00136.060 00136.256 00136.143 00136.178 00134.882 00134.287 00270.385 00270.166 00265.227 00262.280 00260.444 00259.634 00260.188 00254.923 00254.967 00251.881 00249.816 00246.276 00244.700 00242.758 00240.636 00237.681 00234.702 00205.583 00204.082 00202.867 00201.869 00201.036 00201.144 00199.884 00197.329 00194.883 00193.876 00191.888 00189.852 00188.847 00218.226 00217.998 00222.971 00198.467 00157.394 00100.623 00078.975
-0001.000 -0001.000 -0001.000 -0001.000 -0001.000 -0001.000 -0001.000 -0001.000 -0001.000 00038.188 00064.452 00094.763 00110.700 00122.780 00127.854 00130.769 00132.624 00134.252 00135.160 00135.014 00133.421 00133.961 00257.050 00254.971 00253.933 00250.976 00248.716 00249.052 00248.019 00247.189 00245.617 00243.519 00241.202 00241.015 00239.296 00236.334 00235.358 00232.801 00231.571 00203.602 00202.981 00203.646 00203.003 00201.845 00200.659 00200.151 00199.092 00198.181 00197.458 00195.719 00196.667 00192.712 00184.460 00202.629 00191.771 00232.183 00254.354 00126.331 00122.441 00125.327
-0001.000 -0001.000 00078.468 -0001.000 -0001.000 -0001.000 -0001.000 -0001.000 -0001.000 00048.383 00062.483 00082.501 00099.627 00113.092 00120.720 00125.425 00127.472 00131.294 00132.698 00132.728 00132.341 00186.204 00244.363 00243.209 00242.692 00240.398 00239.081 00240.231 00238.473 00237.728 00235.531 00235.814 00234.757 00233.817 00230.330 00227.927 00226.388 00227.513 00214.013 00203.953 00203.955 00202.649 00200.601 00200.088 00218.208 00229.104 00249.895 00252.799 00244.764 00274.908 00257.783 00240.764 00201.476 00284.569 00249.732 00236.400 00191.984 00166.331 00090.572 00103.862
00044.169 00042.225 00047.012 00123.863 -0001.000 -0001.000 -0001.000 -0001.000 -0001.000 -0001.000 00059.505 00078.795 00089.710 00102.293 00110.823 00120.148 00122.811 00127.029 00129.060 00130.065 00138.808 00226.183 00226.376 00223.408 00222.726 00222.090 00221.753 00223.579 00223.702 00221.037 00220.634 00222.228 00220.204 00218.305 00216.608 00216.564 00217.353 00213.678 00195.540 00197.639 00185.471 00177.093 00182.791 00303.386 00275.195 00236.790 00240.934 00229.962 00224.753 00209.848 00200.343 00202.016 00204.606 00232.962 00215.979 00202.022 00193.533 00123.963 00114.440 00094.968
00037.133 00039.877 00042.132 00089.868 00089.745 -0001.000 -0001.000 -0001.000 -0001.000 -0001.000 -0001.000 00074.279 00083.503 00094.878 00103.815 00110.687 00118.618 00122.197 00124.903 00144.070 00200.773 00203.252 00204.212 00203.672 00203.810 00204.407 00204.943 00207.996 00207.709 00205.331 00205.884 00205.653 00207.091 00207.457 00206.262 00207.611 00207.884 00188.437 00183.084 00143.686 00103.096 00101.011 00091.774 00077.577 00096.631 00133.858 00163.332 00171.159 00174.900 00178.426 00178.964 00182.837 00148.445 00187.110 00196.388 00183.556 00161.238 00117.305 00107.439 00109.655
00036.479 00039.391 00041.159 00081.919 00090.118 00098.705 00163.123 -0001.000 -0001.000 -0001.000 -0001.000 -0001.000 -0001.000 00083.448 00097.995 00103.155 00111.376 00117.343 00166.087 00170.058 00173.241 00178.037 00179.740 00182.959 00185.411 00187.371 00189.918 00193.632 00197.364 00195.929 00195.690 00195.921 00195.636 00196.488 00195.949 00194.362 00184.160 00186.213 00115.363 00127.048 00138.745 00118.049 00094.091 00078.999 00091.656 00087.681 00103.502 00116.147 00123.559 00131.476 00134.991 00110.958 00157.028 00136.229 00131.702 00149.594 00142.659 00084.253 00091.341 00103.901
00038.083 00039.025 00041.147 00077.814 00081.089 00085.309 00103.502 00123.595 00090.136 -0001.000 -0001.000 -0001.000 00073.124 00072.930 00097.080 00111.751 00121.456 00131.065 00141.019 00153.782 00158.934 00162.709 00165.431 00166.590 00171.518 00173.184 00175.441 00176.552 00178.430 00178.639 00180.851 00182.663 00184.257 00187.198 00173.903 00184.447 00168.921 00176.969 00170.663 00168.216 00107.524 -0001.000 -0001.000 -0001.000 00162.336 00065.478 00080.063 00098.841 00087.507 00091.626 00096.221 00099.596 00184.000 00246.956 00218.322 00164.626 00156.194 00155.503 00141.787 00140.400
00048.741 00038.490 00040.737 00074.816 00077.790 00080.995 00085.319 00094.516 00067.876 00082.587 -0001.000 -0001.000 00066.927 00075.714 00087.633 00104.626 00165.959 00131.075 00132.341 00131.949 00135.798 00116.203 00105.841 00133.178 00147.923 00155.261 00161.951 00165.140 00166.866 00169.967 00172.234 00172.973 00173.774 00157.318 00156.085 00167.152 00154.307 00194.649 00185.298 00176.292 00171.106 -0001.000 -0001.000 00118.488 00253.194 00394.135 00067.402 00077.301 00081.311 00084.161 00088.164 00091.491 00102.108 00186.089 00182.504 00157.961 00111.686 00099.932 00108.358 00112.733
00048.823 00037.875 00040.231 00071.686 00073.776 00077.092 00079.604 00084.973 00060.354 00063.454 00069.789 00049.010 00068.958 00075.442 00091.768 00154.084 00152.467 00184.571 00130.761 00133.029 00134.209 00139.793 00101.658 00099.885 00120.049 00129.947 00143.018 00149.567 00154.278 00157.934 00159.740 00152.958 00150.102 00150.626 00148.862 00148.824 00146.935 00171.110 00166.680 00193.055 00233.268 00213.593 00207.356 00149.974 00351.975 00290.440 00250.545 00225.772 00108.652 00079.224 00082.000 00085.059 00088.739 00167.652 00155.082 00152.151 00108.277 00136.308 00148.894 00156.311
00046.821 00037.170 00039.707 00042.642 00068.077 00069.717 00073.928 00074.190 00056.663 00057.676 00059.142 00062.257 00070.654 00075.682 00105.455 00175.553 00180.826 00143.213 00157.027 00118.461 00119.983 00124.660 00086.977 00084.272 00103.686 00115.005 00122.006 00129.557 00135.690 00139.078 00136.572 00138.107 00139.263 00140.872 00142.492 00143.927 00187.799 00128.136 00164.249 00185.807 00221.367 00219.537 00219.914 00285.790 00272.330 00215.679 00188.792 00175.010 00168.242 00162.952 00162.281 00147.012 00104.516 00161.717 00171.552 00143.018 00156.301 00166.160 00157.718 00153.152
00044.324 00036.172 00038.968 00039.936 00064.651 00065.739 00066.759 00067.554 00055.108 00056.547 00058.588 00061.704 00066.083 00082.838 00136.694 00140.350 00156.213 00166.460 00171.122 00146.121 00112.212 00103.508 00083.656 00093.852 00092.537 00098.784 00106.968 00109.886 00113.629 00116.655 00124.052 00128.372 00131.493 00133.229 00135.041 00135.896 00173.911 00213.893 00187.048 00186.590 00222.600 00261.564 00259.194 00202.945 00177.275 00165.229 00160.932 00153.735 00148.569 00145.772 00142.073 00138.812 00136.465 00167.135 00146.334 00135.321 00154.122 00161.755 00163.175 00161.083
00042.007 00045.727 00037.828 00040.135 00050.847 00063.678 00064.530 00065.110 00065.606 00056.299 00058.278 00061.110 00065.317 00094.048 00175.188 00129.290 00132.006 00142.295 00146.123 00133.463 00128.187 00108.137 00091.648 00089.145 00094.695 00111.534 00115.788 00115.909 00090.639 00099.201 00111.576 00115.617 00119.181 00125.300 00127.235 00130.302 00134.120 00135.722 00141.707 00191.957 00194.257 00179.051 00147.894 00141.888 00139.434 00133.199 00132.744 00131.771 00130.806 00129.325 00128.175 00127.066 00126.059 00170.180 00156.703 00157.165 00167.335 00167.341 00157.304 00152.484
00039.528 00043.387 00036.694 00037.935 00041.643 00061.658 00062.355 00062.930 00063.505 00063.893 00058.170 00061.398 00073.510 00118.167 00139.433 00152.505 00127.187 00119.325 00119.161 00123.750 00125.298 00087.563 00088.309 00089.512 00093.457 00101.770 00110.734 00083.294 00069.177 00082.976 00101.749 00106.510 00110.826 00113.269 00118.066 00122.057 00123.359 00122.699 00123.988 00127.310 00106.540 00109.919 00114.622 00117.309 00119.027 00122.012 00121.693 00121.315 00122.260 00121.490 00120.821 00121.256 00123.962 00136.911 00138.951 00134.228 00137.336 00136.307 00134.925 00133.448
00035.944 00040.374 00043.868 00038.237 00039.164 00042.967 00060.670 00061.323 00061.887 00062.460 00063.077 00061.206 00083.294 00173.713 00099.747 00119.086 00124.570 00128.535 00114.040 00115.289 00117.793 00122.259 00073.568 00087.440 00090.565 00094.676 00096.274 00098.153 00065.075 00073.544 00087.912 00099.438 00103.911 00107.046 00109.811 00108.357 00108.362 00110.408 00091.461 00094.574 00095.612 00097.730 00100.238 00103.639 00104.313 00105.441 00106.263 00107.409 00108.086 00108.946 00116.247 00116.821 00117.040 00117.070 00116.954 00116.726 00118.029 00118.713 00119.190 00118.704
-0001.000 00036.940 00040.560 00042.338 00037.821 00042.082 00044.104 00059.922 00060.573 00061.298 00062.006 00063.440 00067.787 00144.186 00155.552 00132.214 00111.850 00118.030 00121.504 00116.652 00109.882 00093.304 00077.942 00072.846 00080.990 00087.037 00099.610 00095.821 00061.698 00070.504 00075.211 00087.260 00096.363 00100.945 00104.096 00080.452 00078.605 00077.657 00079.515 00084.582 00089.713 00091.711 00093.209 00093.885 00093.588 00095.631 00096.012 00096.678 00098.013 00106.380 00107.480 00108.747 00109.365 00110.410 00109.447 00110.164 00109.609 00108.644 00107.995 00106.901
-0001.000 00033.357 00037.842 00041.041 00038.003 00039.213 00043.192 00045.481 00059.408 00060.163 00061.068 00062.592 00070.590 00144.604 00197.839 00216.383 00166.963 00157.539 00118.429 00053.595 00052.602 -0001.000 00068.562 00069.067 00068.655 00083.613 00065.998 00095.307 00063.107 00063.791 00067.628 00070.142 00076.592 00079.335 00082.350 00082.446 00083.762 00085.372 00084.089 00082.477 00084.860 00086.530 00088.331 00088.687 00088.715 00089.110 00089.790 00100.153 00100.864 00101.444 00101.772 00101.852 00102.322 00102.671 00103.118 00102.488 00102.125 00102.068 00020.294 00017.438
-0001.000 -0001.000 00033.190 00036.422 00040.059 00037.635 00040.576 00044.184 00046.814 00059.035 00060.119 00062.100 00068.087 00086.365 00158.540 00179.220 00174.568 00170.611 00049.735 -0001.000 -0001.000 -0001.000 -0001.000 -0001.000 -0001.000 00085.216 00065.032 00092.773 00072.875 00064.250 00065.801 00067.958 00072.164 00075.876 00078.562 00080.574 00082.285 00084.627 00086.391 00084.245 00075.216 00076.517 00079.200 00079.051 00081.172 00091.277 00091.085 00092.359 00094.353 00095.633 00096.747 00096.276 00095.994 00096.307 00096.270 00096.614 00096.291 00019.947 00016.450 -0001.000
-0001.000 -0001.000 -0001.000 00033.071 00036.542 00039.024 00038.607 00041.245 00045.420 00047.665 00051.283 00060.521 00064.524 00075.232 00094.235 00157.296 00174.757 00170.553 00050.885 -0001.000 -0001.000 -0001.000 -0001.000 -0001.000 -0001.000 00091.420 00066.506 00042.021 00059.978 00062.645 00064.329 00066.259 00068.628 00073.273 00074.737 00074.933 00073.983 00073.151 00075.287 00073.747 00074.193 00076.664 00078.078 00080.574 00084.166 00084.926 00085.357 00085.711 00086.964 00088.757 00089.612 00089.152 00089.190 00088.790 00089.264 00035.512 00019.829 00015.439 -0001.000 -0001.000
