ashley_2/OUTPUT/raster.sdr
north:    392658.625000
south:    384678.625000
east:     169279.328125
west:     157819.328125
rows:     266
cols:     382
[rows 126 to 167 of 266, columns 188 to 281 of 382]
028 035 035 037 037 036 036 045 045 046 087 086 099 103 044 219 182 159 153 192 179 127 042 046 019 061 070 061 075 114 -01 -01 -01 -01 -01 -01 -01 -01 -01 -01 -01 -01 -01 -01 -01 -01 -01 -01 -01 -01 -01 -01 -01 -01 -01 -01 -01 -01 -01 -01 -01 -01 -01 -01 -01 -01 -01 -01 -01 -01 -01 -01 -01 -01 -01 -01 -01 -01 -01 -01 -01 -01 -01 -01 -01 -01 -01 -01 -01 -01 -01 -01 -01 -01
036 035 036 036 044 044 044 046 047 052 102 107 025 045 037 040 073 062 321 336 355 048 044 015 065 079 084 085 083 086 -01 -01 -01 -01 -01 -01 -01 -01 -01 -01 -01 -01 -01 -01 -01 -01 -01 -01 -01 -01 -01 -01 -01 -01 -01 -01 -01 -01 -01 -01 -01 -01 -01 -01 -01 -01 -01 -01 -01 -01 -01 -01 -01 -01 -01 -01 -01 -01 -01 -01 -01 -01 -01 -01 -01 -01 -01 -01 -01 -01 -01 -01 -01 -01
035 043 043 043 045 046 046 052 052 054 056 016 053 036 037 074 025 070 318 008 348 035 009 062 072 073 100 107 058 088 -01 -01 -01 -01 -01 -01 -01 -01 -01 -01 -01 -01 -01 -01 -01 -01 -01 -01 -01 -01 -01 -01 -01 -01 -01 -01 -01 -01 -01 -01 006 -01 -01 -01 -01 -01 -01 -01 -01 -01 -01 -01 -01 -01 -01 -01 -01 -01 -01 -01 -01 -01 -01 -01 -01 -01 -01 -01 -01 -01 -01 -01 -01 -01
043 043 043 051 052 052 054 054 054 056 056 060 033 080 078 060 060 333 008 026 033 091 087 060 096 098 065 064 023 082 -01 -01 -01 -01 -01 -01 -01 -01 -01 -01 -01 -01 -01 -01 -01 -01 -01 -01 -01 -01 -01 -01 -01 -01 -01 -01 -01 -01 004 016 006 049 -01 -01 -01 -01 -01 -01 -01 -01 -01 -01 -01 -01 -01 -01 -01 -01 -01 -01 -01 -01 -01 -01 -01 -01 -01 -01 -01 -01 -01 -01 -01 -01
043 043 051 054 055 056 056 056 056 060 060 059 087 024 062 052 054 014 022 097 094 095 095 052 064 142 036 041 088 088 -01 -01 -01 -01 -01 -01 -01 -01 -01 -01 -01 -01 -01 -01 -01 -01 -01 -01 -01 -01 -01 -01 -01 -01 -01 351 357 325 000 016 055 008 030 -01 -01 -01 -01 -01 -01 -01 -01 -01 -01 -01 -01 -01 -01 -01 -01 -01 -01 -01 -01 -01 -01 -01 -01 -01 -01 -01 -01 -01 -01 -01
043 052 053 058 059 059 059 059 059 059 059 062 062 064 103 102 005 005 104 106 106 053 072 076 077 022 037 089 091 087 -01 -01 -01 -01 -01 -01 -01 -01 -01 -01 -01 -01 -01 -01 -01 -01 -01 -01 -01 -01 -01 332 352 354 356 344 353 338 010 024 057 033 060 -01 -01 -01 -01 -01 -01 -01 -01 -01 -01 -01 -01 -01 -01 -01 -01 -01 -01 -01 -01 -01 -01 -01 -01 -01 -01 -01 -01 -01 -01 -01
042 052 057 059 064 063 063 063 063 063 063 063 065 066 066 096 118 053 061 064 067 113 114 048 025 097 100 054 090 096 -01 -01 -01 -01 -01 -01 -01 -01 -01 -01 -01 -01 -01 -01 -01 -01 -01 -01 -01 324 326 330 344 343 357 350 023 336 018 036 056 032 058 074 -01 -01 -01 -01 -01 -01 -01 -01 -01 -01 -01 -01 -01 -01 -01 -01 -01 -01 -01 -01 -01 -01 -01 -01 -01 -01 -01 -01 -01 -01
041 053 058 066 066 066 065 065 065 065 065 065 071 099 098 080 053 053 123 119 029 029 049 057 059 056 093 093 110 096 -01 -01 -01 -01 -01 -01 -01 -01 -01 -01 -01 -01 -01 -01 -01 -01 -01 -01 -01 324 325 328 341 338 357 003 016 328 025 041 056 044 072 073 -01 -01 -01 -01 -01 -01 -01 -01 -01 -01 -01 -01 -01 -01 -01 -01 -01 -01 -01 -01 -01 -01 -01 -01 -01 -01 -01 -01 -01 -01
052 057 066 065 072 072 072 072 071 071 071 071 070 072 126 124 155 130 132 030 048 050 053 106 092 100 103 112 118 096 -01 -01 -01 -01 -01 -01 -01 351 356 354 031 -01 -01 -01 -01 -01 -01 -01 291 300 320 325 334 349 357 005 023 333 017 045 056 061 065 070 -01 -01 -01 -01 -01 -01 -01 -01 -01 -01 -01 -01 -01 -01 -01 -01 -01 -01 -01 -01 -01 -01 -01 -01 -01 -01 -01 -01 -01 -01
053 057 066 072 090 089 089 091 070 070 070 070 071 123 020 081 003 324 035 039 117 112 114 046 050 112 142 142 146 -01 -01 -01 -01 -01 -01 -01 326 345 001 032 357 020 032 -01 -01 -01 -01 -01 290 294 316 321 018 345 356 021 021 325 028 035 057 063 056 081 -01 -01 -01 -01 -01 -01 -01 -01 -01 -01 -01 -01 -01 -01 -01 -01 -01 -01 -01 -01 -01 -01 -01 -01 -01 -01 -01 -01 -01 -01
054 066 073 076 056 057 058 062 078 078 077 077 105 012 080 019 059 028 132 122 126 003 101 140 118 120 119 119 122 -01 -01 -01 -01 -01 -01 320 322 333 001 023 030 030 058 -01 -01 -01 -01 -01 282 292 314 319 319 341 001 020 057 352 032 035 056 062 081 092 -01 -01 -01 336 003 019 -01 -01 -01 -01 -01 -01 -01 -01 -01 -01 -01 -01 -01 -01 -01 -01 -01 -01 -01 -01 -01 -01 -01 -01
065 071 053 023 027 039 069 181 185 089 094 093 092 090 015 062 066 100 355 355 115 112 088 083 073 114 113 116 037 -01 -01 -01 -01 -01 299 326 323 338 008 011 023 026 048 064 -01 -01 -01 -01 284 289 313 317 314 341 000 047 071 000 031 032 055 073 076 087 335 346 349 357 012 046 061 -01 -01 -01 -01 -01 -01 -01 -01 -01 -01 -01 -01 -01 -01 -01 -01 -01 -01 -01 -01 -01 -01 -01
128 329 018 024 028 036 072 073 046 181 098 104 104 010 001 078 081 009 067 067 047 149 111 118 121 074 039 039 070 -01 -01 -01 -01 -01 323 328 325 337 356 011 030 047 048 065 033 -01 -01 288 288 282 315 316 311 004 008 052 298 314 002 029 054 069 077 004 341 348 338 355 029 052 070 -01 -01 -01 -01 -01 -01 -01 -01 -01 -01 -01 -01 -01 -01 -01 -01 -01 -01 -01 -01 -01 -01 -01
011 011 042 045 047 075 068 081 321 039 044 348 013 000 015 020 000 074 076 075 013 020 064 063 072 040 040 070 081 -01 -01 -01 -01 -01 335 335 330 333 356 014 046 047 051 000 011 052 318 343 345 308 320 339 332 006 050 061 293 312 358 027 050 065 064 351 345 357 343 005 033 066 057 056 -01 -01 -01 -01 -01 -01 -01 -01 -01 -01 -01 -01 -01 -01 -01 -01 -01 -01 -01 -01 -01 -01
039 045 044 045 045 079 070 038 021 025 335 010 359 016 018 030 032 071 071 006 013 070 071 084 040 041 076 089 357 -01 -01 -01 -01 245 341 022 352 343 347 004 041 048 044 003 009 012 335 345 335 316 328 343 327 000 046 068 273 303 001 028 055 068 021 353 001 001 348 009 064 061 061 079 -01 -01 -01 -01 -01 -01 -01 -01 -01 -01 -01 -01 -01 -01 -01 -01 -01 -01 -01 -01 -01 -01
039 041 044 049 049 068 029 038 023 059 026 018 016 030 032 033 051 065 355 003 075 079 080 035 077 074 083 349 355 008 074 004 359 005 345 338 000 357 355 037 041 054 351 356 026 013 346 351 339 312 334 326 353 035 045 062 295 290 302 012 054 075 019 007 006 346 000 067 080 081 094 112 -01 -01 -01 -01 -01 -01 -01 -01 -01 -01 -01 -01 -01 -01 -01 -01 -01 -01 -01 -01 -01 -01
039 041 045 046 050 018 028 035 018 058 325 049 058 057 057 055 061 063 063 090 068 026 028 078 077 089 337 351 010 015 009 038 067 074 073 010 002 001 037 033 060 324 345 354 002 001 347 001 003 338 014 337 350 044 046 076 283 314 309 359 051 040 023 028 017 352 070 088 092 104 100 -01 -01 -01 -01 -01 -01 -01 -01 -01 -01 -01 -01 -01 -01 -01 -01 -01 -01 -01 -01 -01 -01 -01
040 041 045 047 049 056 060 357 054 036 022 058 056 064 063 064 064 064 063 006 015 091 083 094 033 034 342 356 010 030 033 063 066 000 356 010 007 010 034 075 084 334 327 345 353 330 000 000 039 339 337 352 022 036 072 068 287 327 315 358 048 029 046 033 350 071 082 116 115 119 119 -01 -01 -01 -01 -01 -01 -01 -01 -01 -01 -01 -01 -01 -01 -01 -01 -01 -01 -01 -01 -01 -01 -01
041 041 047 049 057 059 060 058 061 063 059 067 064 067 068 068 068 068 068 069 108 111 112 038 036 034 341 354 017 027 026 057 062 045 000 015 018 038 074 096 062 326 320 322 340 333 000 000 335 034 347 011 029 064 354 069 290 303 321 353 028 063 091 001 067 071 113 116 114 129 126 -01 -01 -01 -01 -01 -01 -01 -01 -01 -01 -01 -01 -01 -01 -01 -01 -01 -01 -01 -01 -01 -01 -01
042 041 047 049 057 060 060 061 063 062 059 064 066 076 076 076 072 070 070 057 035 005 005 041 031 000 341 018 026 060 061 061 037 008 016 016 046 066 080 063 309 325 319 324 333 327 002 018 324 341 353 012 059 002 061 065 270 338 303 350 059 079 014 067 089 097 125 125 122 117 -01 -01 -01 -01 -01 -01 -01 -01 -01 -01 -01 -01 -01 -01 -01 -01 -01 -01 -01 -01 -01 -01 -01 -01
026 041 047 049 060 061 061 063 063 060 058 065 075 065 063 063 062 061 060 060 001 000 045 034 000 010 344 021 065 068 027 038 012 009 017 020 055 062 060 084 299 327 058 325 324 313 009 348 057 351 041 048 067 066 091 095 296 273 345 068 084 048 073 102 104 084 088 084 077 -01 -01 -01 -01 -01 -01 -01 -01 -01 -01 -01 -01 -01 -01 -01 -01 -01 -01 -01 -01 -01 -01 -01 -01 -01
024 042 047 058 059 061 062 062 068 058 065 077 071 045 064 062 062 063 062 061 061 046 065 030 000 019 341 071 087 030 036 014 011 020 027 038 102 063 075 081 250 299 321 329 319 329 082 093 338 052 056 097 106 103 097 343 300 308 337 069 038 054 100 066 076 074 079 099 030 040 034 -01 -01 -01 -01 -01 -01 -01 -01 -01 -01 -01 -01 -01 -01 -01 -01 -01 -01 -01 -01 -01 -01 -01
022 042 047 058 059 061 062 069 060 064 074 075 075 065 073 070 068 067 066 065 049 057 057 084 056 051 052 075 001 033 064 014 020 028 083 089 015 060 067 029 357 316 319 302 333 333 092 328 331 059 103 127 136 114 343 336 007 350 078 041 050 054 076 080 110 105 048 046 039 053 055 052 -01 -01 -01 -01 -01 -01 -01 -01 -01 -01 -01 -01 -01 -01 -01 -01 -01 -01 -01 -01 -01 -01
022 046 047 058 062 063 070 061 068 070 080 082 084 080 078 074 074 074 075 076 077 044 057 058 054 054 071 069 069 056 014 010 018 079 022 068 067 080 031 337 346 346 013 328 319 092 116 330 354 064 103 101 050 043 323 024 011 087 075 052 055 078 088 053 065 055 055 047 049 060 067 077 -01 -01 -01 -01 -01 -01 -01 -01 -01 -01 -01 -01 -01 -01 -01 -01 -01 -01 -01 -01 -01 -01
033 049 048 060 065 071 053 062 070 083 084 085 080 081 080 081 057 057 053 058 058 055 056 054 054 072 072 039 059 060 082 085 081 023 076 074 075 036 002 349 348 353 008 025 347 119 302 334 038 103 025 040 042 022 322 021 094 079 049 055 081 090 093 091 093 093 091 089 092 106 051 -01 -01 -01 -01 -01 -01 -01 -01 -01 -01 -01 -01 -01 -01 -01 -01 -01 -01 -01 -01 -01 -01 -01
036 050 061 064 065 071 061 065 078 082 083 082 083 081 080 057 058 059 059 059 072 074 074 074 073 080 061 059 087 086 096 096 098 089 089 359 040 008 018 348 349 352 013 028 076 092 335 356 003 028 035 100 355 303 337 093 077 080 055 082 090 093 106 101 083 070 075 080 096 102 100 -01 -01 -01 -01 -01 -01 -01 -01 -01 -01 -01 -01 -01 -01 -01 -01 -01 -01 -01 -01 -01 -01 -01
035 045 058 064 072 058 061 076 082 084 084 077 074 079 039 051 060 060 064 068 072 072 076 050 067 067 090 101 097 098 090 090 091 090 004 046 087 010 349 029 351 014 020 080 080 338 333 005 354 029 099 351 000 319 018 102 080 048 054 090 115 090 097 084 090 193 114 108 104 151 136 -01 -01 -01 -01 -01 -01 -01 -01 -01 -01 -01 -01 -01 -01 -01 -01 -01 -01 -01 -01 -01 -01 -01
030 041 061 072 056 060 072 077 083 084 076 072 076 079 050 070 060 054 054 054 061 063 063 085 091 098 101 103 096 100 090 089 099 097 094 051 008 018 350 022 012 093 086 090 090 318 000 337 006 083 011 351 342 015 101 084 050 050 089 116 122 101 114 122 113 105 109 112 118 -01 -01 -01 -01 -01 -01 -01 -01 -01 -01 -01 -01 -01 -01 -01 -01 -01 -01 -01 -01 -01 -01 -01 -01 -01
040 054 066 063 057 071 072 081 081 078 076 082 082 067 073 078 080 075 064 075 075 075 079 096 097 099 098 106 101 108 099 099 099 097 097 114 112 108 101 099 099 063 092 094 026 103 336 001 092 088 031 085 074 108 350 089 050 089 121 145 110 108 157 138 131 145 143 139 -01 -01 -01 -01 -01 -01 -01 -01 -01 -01 -01 -01 -01 -01 -01 -01 -01 -01 -01 -01 -01 -01 -01 -01 -01 -01
005 054 066 060 057 074 081 081 081 082 081 082 088 093 087 093 091 092 090 090 092 090 090 094 096 106 104 111 107 114 110 118 116 115 102 102 102 078 078 063 062 080 085 022 075 020 076 095 352 035 046 048 076 033 095 047 108 116 115 170 167 166 118 113 172 137 134 -01 -01 -01 -01 -01 -01 -01 -01 -01 -01 -01 -01 -01 -01 -01 -01 -01 -01 -01 -01 -01 -01 -01 -01 -01 -01 -01
062 060 066 065 070 078 079 085 084 088 083 083 099 102 107 107 102 106 105 105 105 102 094 088 099 105 105 112 122 125 115 111 119 118 092 078 078 060 060 078 079 057 077 077 010 078 012 000 032 035 119 118 121 132 042 023 084 076 060 059 085 064 157 155 154 121 -01 -01 -01 -01 -01 -01 -01 -01 -01 -01 -01 -01 -01 -01 -01 -01 -01 -01 -01 -01 -01 -01 -01 -01 -01 -01 -01 -01
062 065 068 071 077 085 086 086 102 102 102 100 100 101 110 119 118 114 109 102 106 098 096 097 105 118 121 111 111 128 127 090 096 084 092 058 058 074 076 061 077 077 066 082 081 021 072 050 130 130 131 132 018 032 034 022 068 067 086 059 078 084 093 108 -01 -01 -01 -01 -01 -01 -01 -01 -01 -01 -01 -01 -01 -01 -01 -01 -01 -01 -01 -01 -01 -01 -01 -01 -01 -01 -01 -01 -01 -01
068 069 072 074 083 095 095 096 097 098 096 096 096 113 124 127 129 132 126 125 122 120 112 108 101 110 127 129 090 092 106 095 097 073 059 059 074 058 080 078 065 083 082 082 068 104 104 023 087 043 324 346 019 034 020 073 092 088 062 067 088 091 092 116 -01 -01 -01 -01 -01 -01 -01 -01 -01 324 336 026 010 025 -01 -01 -01 -01 -01 -01 -01 -01 -01 -01 -01 -01 -01 -01 -01 -01
070 070 080 093 150 101 112 109 111 115 117 114 100 103 137 068 156 154 136 136 131 131 110 096 117 102 092 103 099 093 095 061 060 061 081 058 083 084 071 081 081 083 069 068 067 013 015 092 058 056 342 020 023 012 020 075 097 065 076 108 105 107 041 057 -01 -01 -01 -01 -01 333 341 003 026 313 318 355 002 028 026 026 -01 -01 -01 -01 -01 -01 -01 -01 -01 -01 -01 -01 -01 -01
078 079 080 091 085 168 118 117 104 099 097 095 102 103 100 094 150 141 142 132 126 120 107 119 100 105 099 095 055 045 052 056 082 056 058 087 073 083 083 086 089 069 068 076 076 076 103 000 049 055 028 119 016 082 077 015 109 113 110 075 124 051 054 069 065 -01 -01 -01 305 332 340 000 018 288 311 346 011 035 036 032 062 -01 -01 -01 -01 -01 -01 -01 -01 -01 -01 -01 -01 -01
081 081 082 087 087 197 138 126 110 111 098 092 098 100 101 128 129 128 127 127 125 120 113 114 100 101 062 037 045 044 070 056 052 067 072 080 084 089 079 068 068 074 076 078 077 085 077 080 047 086 024 008 088 085 014 099 113 075 101 028 059 064 074 074 061 -01 345 023 308 335 359 004 017 324 345 013 075 072 095 088 026 037 -01 -01 -01 -01 -01 -01 -01 -01 -01 -01 -01 -01
082 082 082 086 086 057 179 136 124 117 108 106 107 109 109 109 107 113 114 114 110 098 105 097 064 056 047 047 060 056 054 058 058 078 079 091 079 067 066 070 073 075 076 087 081 080 084 084 026 029 093 110 112 014 108 113 129 118 040 069 094 081 076 077 079 342 353 015 307 338 002 006 010 349 079 076 075 087 084 026 086 005 059 -01 -01 -01 -01 -01 -01 -01 -01 -01 -01 -01
086 086 086 088 051 088 193 138 124 117 117 109 109 111 112 035 015 043 056 058 117 118 069 069 056 054 053 060 058 060 059 078 086 087 073 067 065 070 071 077 076 081 084 086 084 084 094 094 101 102 061 030 128 128 130 134 135 134 132 098 089 094 091 037 325 341 011 024 308 034 017 018 088 085 083 088 089 089 118 092 077 095 091 097 -01 -01 -01 -01 -01 -01 -01 -01 -01 -01
089 089 089 102 096 093 094 020 020 045 078 048 314 349 039 039 054 056 056 060 060 060 059 059 058 058 055 054 056 080 086 067 074 073 063 065 070 077 077 084 083 082 084 091 095 103 100 106 106 106 103 087 178 087 123 128 131 068 112 100 101 022 026 000 325 352 013 354 320 016 094 098 098 093 104 102 104 128 134 137 129 116 115 -01 -01 -01 -01 -01 -01 -01 -01 -01 -01 -01
084 088 056 083 148 026 344 023 019 043 046 050 301 028 039 055 056 056 058 058 060 061 061 060 057 052 068 070 077 080 075 074 067 067 073 075 075 086 085 084 087 086 091 101 103 105 105 117 117 082 101 100 096 124 146 052 066 107 111 015 016 048 315 354 325 019 358 012 012 096 102 104 105 122 118 116 105 106 115 129 125 121 118 -01 -01 -01 -01 -01 -01 -01 -01 -01 -01 -01
088 089 090 052 070 029 054 023 067 040 047 028 358 038 055 066 056 056 057 057 057 057 057 054 061 066 067 072 067 074 016 066 069 074 073 084 086 087 089 086 098 094 097 099 112 118 099 135 134 136 118 356 097 047 327 062 112 333 009 011 044 045 006 354 004 069 104 068 100 102 112 113 110 102 107 100 105 112 126 135 130 127 -01 -01 -01 -01 -01 -01 -01 -01 -01 -01 -01 -01
089 089 089 089 089 007 056 066 069 088 080 041 024 040 071 057 060 062 062 061 061 061 057 058 066 071 067 065 029 063 062 072 074 075 083 085 089 088 098 098 098 109 106 102 098 100 123 114 168 003 000 044 056 089 033 117 307 359 004 008 051 010 006 089 108 112 070 101 111 116 092 091 092 094 111 108 114 110 118 123 129 -01 -01 -01 -01 -01 -01 -01 -01 -01 -01 -01 -01 -01
