ashley_2/OUTPUT/raster.fli
north:    392658.625000
south:    384678.625000
east:     169279.328125
west:     157819.328125
rows:     266
cols:     382
[rows 130 to 155 of 266, columns 180 to 239 of 382]
00123.550 00104.968 00111.102 00093.127 00089.096 00080.083 00075.075 00072.674 00070.128 00065.808 00077.167 00111.641 00108.957 00104.652 00103.987 00103.660 00103.123 00109.454 00384.828 00384.209 00224.889 00227.509 00191.917 00192.700 00165.149 00206.411 00277.325 00322.004 00297.111 00282.946 00274.214 00166.698 00158.692 00172.744 00213.316 00228.886 00310.057 00008.580 -0001.000 -0001.000 -0001.000 -0001.000 -0001.000 -0001.000 -0001.000 -0001.000 -0001.000 -0001.000 -0001.000 -0001.000 -0001.000 -0001.000 -0001.000 -0001.000 -0001.000 -0001.000 -0001.000 -0001.000 -0001.000 -0001.000
00113.764 00123.748 00113.224 00094.683 00094.690 00094.744 00077.846 00072.021 00068.207 00063.799 00061.553 00116.383 00108.784 00106.254 00106.006 00105.704 00105.231 00104.747 00285.984 00384.479 00394.538 00223.049 00223.931 00223.774 00263.918 00388.112 00295.661 00266.968 00288.506 00313.412 00305.464 00168.192 00165.065 00188.965 00216.588 00199.726 00267.536 00007.124 -0001.000 -0001.000 -0001.000 -0001.000 -0001.000 -0001.000 -0001.000 -0001.000 -0001.000 -0001.000 -0001.000 -0001.000 -0001.000 -0001.000 -0001.000 -0001.000 -0001.000 -0001.000 -0001.000 -0001.000 -0001.000 00188.646
00091.987 00197.189 00113.082 00097.728 00094.810 00093.311 00091.407 00077.546 00067.385 00062.089 00059.615 00056.160 00115.937 00110.932 00108.031 00107.928 00107.612 00107.250 00106.937 00384.911 00384.598 00221.847 00221.976 00223.069 00276.795 00389.646 00326.666 00312.707 00299.915 00280.299 00294.301 00183.794 00167.937 00176.129 00192.065 00212.389 00253.277 00005.131 -0001.000 -0001.000 -0001.000 -0001.000 -0001.000 -0001.000 -0001.000 -0001.000 -0001.000 -0001.000 -0001.000 -0001.000 -0001.000 -0001.000 -0001.000 -0001.000 -0001.000 -0001.000 -0001.000 00174.304 00211.261 00223.867
00075.971 00093.810 00118.861 00101.365 00096.285 00093.028 00090.892 00086.150 00075.404 00060.162 00057.424 00054.855 00125.266 00124.864 00111.318 00110.683 00110.394 00109.442 00109.079 00285.859 00382.125 00220.463 00219.184 00219.657 00317.211 00349.180 00303.438 00237.316 00315.276 00300.280 00308.337 00312.517 00171.007 00173.217 00185.658 00180.294 00201.821 00004.154 -0001.000 -0001.000 -0001.000 -0001.000 -0001.000 -0001.000 -0001.000 -0001.000 -0001.000 -0001.000 -0001.000 -0001.000 -0001.000 -0001.000 -0001.000 -0001.000 -0001.000 -0001.000 -0001.000 00189.195 00223.796 00232.586
00115.012 00109.229 00114.601 00100.013 00099.658 00093.850 00090.052 00085.804 00076.229 00058.814 00054.369 00052.719 00051.943 00132.952 00120.376 00114.214 00113.823 00113.546 00113.055 00122.314 00380.868 00206.056 00203.744 00187.029 00183.647 00178.550 00174.501 00264.194 00304.946 00313.658 00310.111 00268.125 00152.853 00150.856 00154.548 00146.252 00165.430 00003.573 -0001.000 -0001.000 -0001.000 -0001.000 -0001.000 -0001.000 -0001.000 00199.666 00230.128 00327.530 00369.288 -0001.000 -0001.000 -0001.000 -0001.000 -0001.000 -0001.000 -0001.000 00162.250 00211.682 00249.346 00255.719
00136.647 00100.432 00107.276 00098.889 00099.021 00094.597 00090.147 00084.999 00076.138 00070.087 00052.030 00050.350 00045.483 00144.496 00136.541 00125.107 00119.427 00119.282 00117.776 00115.413 00309.499 00155.349 00182.242 00192.649 00169.344 00169.949 00321.937 00314.233 00315.226 00266.819 00241.941 00165.159 00137.926 00135.776 00115.488 00110.947 00123.652 -0001.000 -0001.000 -0001.000 -0001.000 -0001.000 -0001.000 -0001.000 00194.609 00211.980 00233.029 00262.611 00325.640 00375.983 00315.986 -0001.000 -0001.000 -0001.000 -0001.000 -0001.000 00161.989 00213.602 00261.225 00270.766
00154.969 00087.831 00184.560 00170.634 00097.911 00097.143 00090.303 00080.485 00073.246 00068.648 00049.696 00071.305 00067.795 00112.725 00139.444 00131.558 00123.857 00117.977 00116.556 00114.271 00170.933 00170.403 00187.511 00167.432 00185.033 00343.811 00296.203 00195.777 00193.400 00316.925 00228.448 00132.974 00131.791 00124.384 00123.359 00115.671 00128.111 -0001.000 -0001.000 -0001.000 -0001.000 -0001.000 -0001.000 00169.492 00216.953 00229.793 00243.817 00233.641 00262.486 00306.333 00302.488 -0001.000 -0001.000 -0001.000 -0001.000 -0001.000 00149.134 00200.041 00268.535 00249.379
00170.013 00110.391 00185.374 00174.131 00169.652 00167.513 00090.662 00077.586 00069.944 00066.280 00090.450 00112.571 00111.980 00104.545 00141.156 00124.579 00125.019 00129.416 00131.146 00125.280 00187.242 00178.633 00150.198 00182.398 00188.455 00194.177 00138.011 00265.721 00260.619 00220.213 00151.216 00149.223 00143.023 00147.653 00140.845 00118.899 00125.744 -0001.000 -0001.000 -0001.000 -0001.000 -0001.000 00115.894 00173.526 00220.520 00241.291 00240.958 00211.078 00196.821 00223.084 00244.665 00208.591 -0001.000 -0001.000 -0001.000 -0001.000 00136.626 00195.327 00231.867 00272.835
00216.917 00202.456 00198.758 00176.778 00170.126 00171.119 00150.546 00073.275 00066.795 00144.156 00132.702 00120.104 00112.530 00091.988 00103.050 00148.754 00105.371 00093.083 00129.257 00129.857 00218.763 00303.401 00285.737 00173.527 00178.744 00160.441 00187.658 00164.208 00298.232 00126.488 00139.578 00139.273 00164.777 00184.357 00189.142 00124.936 00127.340 -0001.000 -0001.000 -0001.000 -0001.000 -0001.000 00119.907 00189.883 00230.669 00266.669 00282.300 00251.911 00202.226 00190.514 00197.734 00160.534 00151.750 -0001.000 -0001.000 00124.151 00125.808 00173.132 00234.108 00325.535
00177.602 00233.284 00202.354 00185.271 00170.131 00171.547 00164.409 00169.300 00125.497 00122.495 00089.126 00078.648 00076.650 00084.369 00085.427 00151.117 00064.098 00101.225 00116.618 00046.311 00054.787 00051.662 00058.101 00155.604 00142.522 00167.075 00182.268 00186.205 00144.726 00156.977 00168.395 00167.591 00183.080 00194.013 00192.426 00172.415 00127.710 -0001.000 -0001.000 -0001.000 -0001.000 -0001.000 00134.331 00196.087 00221.487 00274.244 00318.593 00306.516 00276.899 00195.010 00175.532 00154.564 00129.052 00117.052 00110.592 00132.973 00148.741 00138.798 00227.586 00364.505
00163.133 00170.979 00216.997 00195.223 00174.540 00170.097 00166.847 00154.300 00136.923 00123.205 00080.675 00076.907 00077.475 00091.950 00086.344 00111.103 00109.602 00109.367 00080.653 00069.015 00048.121 00059.874 00067.402 00070.385 00068.289 00158.032 00168.636 00146.577 00170.749 00186.778 00171.372 00165.442 00157.907 00195.608 00175.989 00163.723 00194.118 -0001.000 -0001.000 -0001.000 -0001.000 00069.560 00137.296 00218.272 00249.840 00313.261 00331.722 00344.557 00283.606 00241.666 00181.094 00152.934 00142.363 00113.360 00106.184 00124.804 00139.037 00131.125 00226.205 00338.303
00144.836 00160.918 00225.448 00209.081 00186.941 00171.783 00170.000 00154.948 00136.632 00127.936 00122.684 00077.393 00077.814 00091.722 00115.924 00111.346 00117.836 00116.268 00114.877 00106.247 00070.232 00077.118 00081.799 00086.052 00086.179 00157.103 00131.758 00152.305 00174.279 00181.488 00170.913 00161.574 00164.240 00176.183 00160.221 00184.175 00187.732 00207.711 00002.380 00002.998 00003.196 00003.409 00175.296 00208.699 00252.639 00316.167 00372.738 00405.167 00343.077 00262.609 00167.546 00147.040 00148.201 00134.527 00112.018 00122.720 00167.411 00139.297 00237.058 00283.555
00125.903 00155.225 00185.261 00219.436 00198.640 00176.484 00174.201 00160.436 00140.112 00129.683 00123.782 00117.680 00076.552 00102.364 00111.780 00094.317 00113.749 00103.289 00089.166 00062.659 00096.908 00111.116 00106.202 00103.685 00103.168 00099.464 00089.171 00160.626 00161.771 00162.279 00180.683 00163.587 00158.537 00160.524 00162.533 00171.932 00185.570 00191.625 00229.270 00260.951 00257.455 00275.136 00228.510 00222.755 00257.985 00305.427 00391.204 00437.698 00375.155 00179.320 00175.662 00160.875 00136.356 00119.630 00107.541 00123.575 00143.469 00159.624 00302.275 00263.583
00126.817 00154.286 00137.930 00227.593 00204.402 00182.184 00173.155 00165.052 00140.077 00130.009 00125.544 00119.831 00106.910 00074.807 00073.733 00100.445 00079.745 00103.599 00072.865 00059.976 00058.472 00120.240 00114.431 00110.445 00107.812 00106.763 00104.376 00164.538 00153.897 00167.564 00173.130 00153.045 00156.919 00146.080 00114.849 00114.384 00127.795 00193.341 00237.312 00235.554 00221.981 00243.618 00260.912 00274.727 00315.537 00370.160 00372.325 00411.624 00424.066 00209.702 00205.825 00228.086 00247.582 00223.196 00202.655 00214.272 00194.741 00229.944 00264.607 00278.785
00121.069 00150.215 00136.220 00231.650 00213.100 00192.176 00172.897 00170.730 00145.212 00128.942 00124.737 00119.012 00112.354 00073.439 00072.893 00077.583 00071.416 00071.792 00057.620 00057.851 00057.342 00096.348 00121.144 00116.335 00111.261 00110.556 00109.105 00112.259 00152.407 00161.507 00160.677 00146.419 00154.834 00141.848 00109.622 00115.005 00133.125 00136.607 00147.754 00198.998 00230.098 00230.193 00220.245 00244.471 00270.457 00343.003 00336.563 00332.375 00420.780 00243.875 00285.159 00259.691 00258.852 00181.757 00221.940 00230.374 00169.911 00255.122 00221.779 00297.327
00080.138 00148.675 00137.549 00221.186 00222.738 00199.894 00183.355 00177.919 00148.801 00130.498 00122.615 00118.064 00108.354 00103.948 00073.374 00073.228 00070.342 00071.536 00060.087 00058.570 00054.753 00052.599 00132.727 00127.180 00117.984 00112.171 00111.590 00095.802 00179.689 00140.284 00157.393 00170.938 00169.071 00138.486 00129.151 00146.668 00135.163 00149.649 00149.668 00182.096 00189.796 00193.529 00227.193 00234.757 00241.105 00285.887 00300.696 00356.133 00170.902 00270.806 00375.821 00258.592 00266.641 00228.952 00275.648 00310.031 00276.381 00238.812 00343.721 00341.685
00074.719 00096.307 00126.826 00132.915 00235.398 00216.845 00192.938 00183.431 00163.920 00129.844 00122.934 00112.279 00107.569 00105.391 00074.879 00073.691 00070.837 00071.982 00073.474 00056.697 00052.461 00054.338 00122.495 00119.970 00114.736 00109.906 00105.116 00104.368 00172.862 00163.224 00173.249 00173.864 00153.760 00136.745 00136.307 00169.832 00175.221 00153.872 00143.187 00139.803 00139.971 00130.705 00190.489 00234.804 00219.548 00191.255 00240.030 00246.342 00151.297 00275.511 00536.702 00292.642 00354.331 00332.563 00523.368 00509.627 00437.559 00493.334 00585.609 00528.353
00071.333 00092.957 00086.683 00107.285 00258.400 00231.530 00204.836 00183.361 00169.218 00132.339 00122.190 00110.140 00106.113 00105.191 00104.274 00074.020 00071.872 00072.883 00071.705 00054.033 00053.396 00063.425 00056.752 00124.232 00122.281 00119.053 00111.446 00107.708 00106.641 00101.145 00286.909 00166.587 00153.873 00143.650 00239.410 00183.892 00179.677 00155.510 00151.537 00132.571 00129.567 00138.044 00147.921 00155.846 00183.449 00230.802 00215.621 00194.870 00062.489 00127.262 00243.358 00249.830 00389.445 00363.140 00609.492 00376.078 00401.134 00747.633 00694.132 00373.066
00071.496 00089.039 00082.700 00078.167 00161.942 00176.285 00184.830 00175.027 00185.399 00135.395 00122.595 00105.376 00103.899 00104.437 00104.202 00073.113 00075.721 00071.802 00066.278 00064.461 00059.192 00061.420 00057.971 00132.994 00127.079 00122.624 00119.579 00108.382 00104.711 00101.114 00238.749 00384.015 00387.032 00384.009 00381.507 00187.717 00172.121 00175.402 00170.187 00146.815 00150.087 00142.958 00155.441 00152.163 00181.968 00193.536 00177.196 00187.919 00157.265 00201.998 00207.193 00175.494 00283.867 00500.684 00349.330 00330.267 00545.514 00759.086 00538.239 00267.887
00084.625 00087.216 00077.693 00072.804 00115.881 00134.591 00121.115 00107.401 00142.098 00138.753 00120.900 00105.563 00104.124 00102.901 00102.875 00110.363 00072.729 00069.259 00062.522 00063.102 00071.654 00063.408 00061.356 00117.224 00148.031 00138.926 00129.841 00119.793 00108.930 00104.149 00097.833 00389.053 00395.880 00405.323 00403.781 00414.583 00390.835 00181.095 00148.730 00157.685 00169.566 00169.512 00148.091 00146.052 00152.263 00177.158 00188.649 00170.180 00155.919 00179.532 00301.737 00263.326 00354.625 00470.125 00209.855 00283.249 00488.858 00748.271 00547.181 00439.621
00103.112 00084.618 00074.153 00070.286 00068.672 00151.517 00132.180 00121.532 00107.410 00122.579 00121.675 00107.820 00102.588 00099.261 00105.806 00104.873 00068.225 00061.689 00059.610 00061.069 00075.833 00067.178 00063.589 00084.761 00156.241 00152.112 00138.789 00124.898 00113.973 00106.524 00099.607 00139.736 00397.239 00405.738 00412.664 00424.415 00426.191 00406.258 00378.894 00358.845 00178.928 00176.164 00169.953 00149.444 00145.851 00187.642 00187.946 00167.419 00162.043 00126.995 00149.834 00281.339 00416.782 00172.375 00155.007 00332.165 00575.044 00538.556 00776.595 00681.546
00157.135 00084.936 00071.752 00063.640 00060.788 00208.070 00172.935 00132.229 00109.171 00113.869 00104.172 00106.318 00100.002 00097.801 00111.217 00099.165 00083.260 00057.613 00058.851 00063.357 00079.790 00069.852 00063.039 00088.514 00138.205 00149.027 00150.017 00138.839 00122.499 00117.729 00112.443 00110.754 00387.685 00412.525 00428.380 00431.871 00410.987 00393.213 00361.924 00334.529 00334.589 00173.685 00169.804 00144.740 00143.578 00140.869 00130.657 00128.000 00111.214 00136.188 00148.666 00165.968 00185.195 00227.246 00236.503 00366.995 00427.218 00656.042 00743.051 00812.320
00153.008 00087.001 00065.165 00056.819 00054.472 00219.501 00193.160 00149.701 00102.658 00092.344 00084.302 00101.922 00096.331 00112.756 00105.262 00088.845 00076.029 00056.607 00059.503 00067.296 00083.017 00071.202 00082.602 00086.396 00080.201 00145.935 00142.635 00138.401 00133.980 00122.405 00113.130 00104.380 00227.553 00410.680 00409.134 00384.831 00368.835 00370.742 00351.251 00342.598 00350.017 00175.543 00166.698 00173.456 00147.414 00131.767 00129.274 00137.519 00121.363 00144.813 00164.472 00171.853 00169.718 00195.220 00214.724 00261.768 00205.558 00473.110 00603.892 00433.700
00124.611 00078.855 00064.468 00053.340 00154.805 00126.907 00182.772 00149.620 00099.131 00083.122 00073.347 00074.567 00111.656 00107.762 00096.760 00082.013 00072.254 00057.012 00062.743 00070.834 00073.563 00069.081 00111.869 00087.913 00070.765 00116.305 00136.722 00130.728 00128.277 00119.135 00111.463 00105.379 00110.780 00355.726 00363.874 00366.350 00385.775 00389.495 00372.432 00368.165 00333.828 00330.624 00302.334 00168.295 00145.131 00143.855 00145.375 00141.163 00274.041 00372.833 00166.845 00165.959 00164.255 00106.519 00226.382 00171.318 00234.721 00367.714 00413.194 00613.830
00115.835 00096.635 00091.878 00086.572 00102.377 00140.125 00118.364 00179.800 00113.617 00077.382 00063.525 00063.199 00109.738 00097.850 00087.664 00077.830 00072.315 00060.417 00064.593 00069.166 00066.712 00091.009 00108.589 00104.681 00076.946 00091.822 00160.474 00145.845 00131.484 00122.606 00104.405 00093.827 00133.569 00328.705 00335.567 00362.775 00394.412 00391.273 00388.046 00353.957 00330.648 00317.529 00309.826 00297.113 00322.977 00316.144 00324.878 00316.121 00341.040 00371.723 00162.322 00157.278 00167.824 00271.450 00140.863 00229.814 00328.826 00337.263 00311.347 00539.782
00059.508 00058.540 00089.980 00085.221 00098.055 00126.390 00102.893 00103.338 00090.595 00072.346 00060.482 00063.806 00076.194 00089.117 00080.091 00077.905 00073.785 00061.577 00064.230 00063.246 00061.163 00101.754 00098.159 00098.630 00098.601 00093.846 00180.104 00157.632 00134.226 00117.633 00093.552 00086.611 00182.456 00309.922 00338.838 00351.637 00389.373 00383.145 00348.211 00346.969 00320.056 00296.571 00298.583 00294.094 00295.488 00336.863 00339.707 00356.449 00362.467 00367.700 00168.418 00170.977 00173.701 00162.510 00280.838 00257.427 00184.841 00277.465 00353.355 00377.886
