ashley_2/OUTPUT/raster.ros
north:    392658.625000
south:    384678.625000
east:     169279.328125
west:     157819.328125
rows:     266
cols:     382
[rows 84 to 111 of 266, columns 126 to 188 of 382]
-0001.000 -0001.000 -0001.000 -0001.000 02.90 03.08 03.23 02.55 02.68 02.81 07.54 08.32 09.10 10.24 11.03 11.86 12.38 12.72 13.24 13.72 14.85 15.79 16.39 15.74 17.69 21.82 24.71 25.06 23.39 22.53 23.19 23.38 23.16 22.59 22.22 20.32 18.72 01.46 02.04 02.84 03.20 03.41 03.68 02.24 02.72 02.18 01.98 01.98 01.75 01.54 01.73 01.94 01.98 02.09 -0001.000 -0001.000 -0001.000 -0001.000 -0001.000 -0001.000 -0001.000 -0001.000 -0001.000
-0001.000 -0001.000 -0001.000 -0001.000 02.94 03.11 02.90 02.54 02.65 06.51 07.41 08.13 08.97 10.25 11.12 11.89 12.52 12.58 13.62 14.45 15.91 17.02 15.82 16.23 18.73 22.00 23.42 23.13 21.90 22.13 18.28 15.85 14.11 12.10 11.82 11.77 02.14 02.69 03.21 03.10 03.68 03.55 03.04 03.20 02.67 01.82 01.67 01.62 01.70 02.07 02.01 02.12 02.30 02.35 02.16 -0001.000 -0001.000 -0001.000 -0001.000 -0001.000 -0001.000 -0001.000 -0001.000
-0001.000 -0001.000 -0001.000 02.75 02.97 03.14 02.39 02.52 02.63 06.23 07.09 07.99 09.00 10.30 11.16 11.99 12.61 13.05 13.79 15.12 16.30 16.87 16.01 18.25 20.04 16.14 11.73 11.27 11.37 10.99 11.08 10.87 11.06 11.01 11.25 12.43 01.99 02.96 03.76 04.30 05.24 04.23 03.24 02.65 02.52 02.17 02.12 02.27 01.78 01.91 01.94 01.99 01.91 01.53 01.31 01.17 01.28 01.43 02.34 02.73 02.98 -0001.000 -0001.000
-0001.000 -0001.000 -0001.000 02.74 02.96 03.13 02.34 02.47 02.59 05.97 06.70 07.75 08.84 10.33 11.23 12.08 12.72 13.30 14.15 15.28 15.96 17.54 17.15 12.79 11.14 11.59 11.03 10.34 10.35 10.49 10.69 10.89 11.06 11.24 11.43 13.44 02.17 03.05 04.09 03.74 03.27 03.25 03.28 03.66 04.01 03.48 03.01 02.00 02.04 01.76 01.77 01.78 01.83 01.96 01.42 01.36 02.05 03.45 05.82 05.16 04.58 04.55 -0001.000
-0001.000 -0001.000 -0001.000 02.72 02.93 03.10 02.31 02.42 02.52 05.49 06.29 07.40 08.64 10.36 11.32 12.16 12.79 13.55 14.59 15.36 16.05 10.55 08.08 09.60 10.09 10.35 09.99 10.07 10.06 10.43 10.67 10.92 11.17 11.46 11.69 15.33 02.18 02.61 03.15 03.45 03.79 04.11 04.72 05.80 03.93 02.53 02.56 02.52 02.77 02.18 02.76 03.73 03.95 04.01 03.65 02.38 04.45 05.54 07.80 06.88 05.07 03.75 03.28
-0001.000 -0001.000 -0001.000 02.67 02.89 03.05 02.27 02.38 02.47 04.90 05.73 06.88 08.41 10.39 11.43 12.30 12.91 13.85 14.77 07.72 07.47 07.52 08.11 08.46 08.86 09.25 09.48 09.78 10.22 10.63 10.87 11.11 11.41 11.68 11.95 01.95 02.12 02.49 03.31 04.40 04.69 04.21 03.42 04.11 02.95 02.89 02.61 03.09 03.22 03.28 02.95 03.25 03.47 03.38 03.68 03.52 04.78 05.64 05.30 05.42 04.25 04.40 04.39
-0001.000 -0001.000 -0001.000 -0001.000 02.78 02.93 02.36 02.38 02.47 04.18 04.68 05.99 08.15 10.15 11.65 12.42 13.07 09.46 07.14 07.49 07.46 07.92 08.38 08.73 09.09 09.40 09.72 10.10 10.59 10.87 11.11 11.42 11.70 11.93 10.87 10.99 04.04 03.37 04.93 04.79 03.08 03.10 02.78 02.51 02.79 03.17 03.28 03.09 02.92 02.64 02.50 02.59 02.54 03.20 05.36 05.36 04.39 04.14 04.08 04.17 05.31 04.39 04.95
-0001.000 -0001.000 -0001.000 -0001.000 02.55 02.66 02.69 02.28 00.75 00.67 04.03 04.61 07.86 10.17 11.75 12.55 06.40 06.90 07.32 07.48 07.64 08.31 08.61 08.98 09.33 09.65 09.98 10.53 10.88 11.12 11.44 11.75 12.02 11.20 10.93 11.40 02.67 03.16 03.27 03.77 03.62 02.27 02.35 02.34 02.91 03.60 03.77 02.75 02.43 02.14 02.13 02.31 02.68 03.92 04.64 04.65 03.85 03.11 04.28 04.14 06.04 04.96 05.28
-0001.000 -0001.000 -0001.000 -0001.000 -0001.000 02.03 01.72 00.75 00.87 00.68 00.77 01.38 06.72 09.99 11.86 06.14 06.53 06.98 07.34 07.64 08.19 08.52 08.85 09.27 09.59 09.90 10.46 10.91 11.14 11.47 11.78 12.07 11.48 10.97 11.45 12.21 03.10 03.93 07.08 07.27 03.05 03.23 03.25 03.45 04.79 05.66 05.28 02.94 01.85 02.09 01.94 02.02 02.54 03.41 03.91 03.42 02.80 03.84 04.29 05.00 05.22 04.86 06.46
-0001.000 -0001.000 -0001.000 -0001.000 -0001.000 -0001.000 -0001.000 -0001.000 00.78 00.88 00.66 00.93 04.66 10.06 05.78 06.26 06.61 07.11 07.55 07.93 08.49 08.79 09.15 09.54 09.87 10.28 10.90 11.17 11.43 11.80 12.13 11.76 11.07 11.52 11.90 12.16 02.99 04.52 05.71 03.47 04.29 05.92 05.55 05.42 05.85 05.37 04.02 02.47 02.05 01.79 01.55 02.12 03.63 05.22 05.52 04.93 03.64 03.84 04.28 05.28 04.20 04.88 05.67
-0001.000 -0001.000 -0001.000 -0001.000 -0001.000 -0001.000 -0001.000 -0001.000 00.94 00.70 00.73 01.51 01.14 05.26 05.83 06.33 06.71 07.27 07.80 08.28 08.64 08.94 09.42 09.75 10.05 10.81 11.15 11.44 11.83 12.17 12.54 11.03 11.47 11.91 12.13 12.32 03.22 04.24 03.48 05.01 07.63 08.57 07.24 05.99 05.36 03.98 03.26 02.36 01.98 01.65 01.76 02.59 03.60 03.98 03.16 03.37 03.42 04.01 03.97 04.56 04.32 04.89 05.38
-0001.000 -0001.000 -0001.000 -0001.000 -0001.000 -0001.000 -0001.000 -0001.000 00.94 00.67 01.15 01.30 01.71 05.26 05.84 06.39 06.92 07.49 08.07 08.33 08.79 09.23 09.67 09.98 10.65 11.14 11.45 11.83 12.18 12.51 11.03 11.40 11.90 12.19 12.35 12.16 02.75 03.27 05.49 05.68 08.19 08.65 07.86 05.49 03.89 03.76 02.80 02.16 02.50 01.69 01.84 02.52 02.65 02.02 03.20 04.04 02.94 03.58 03.87 03.62 04.10 04.86 06.02
-0001.000 -0001.000 -0001.000 -0001.000 -0001.000 -0001.000 -0001.000 -0001.000 00.95 00.67 01.11 01.19 04.71 05.23 05.87 06.49 06.99 07.59 08.07 08.53 08.95 09.52 09.91 10.38 11.15 11.47 11.81 12.21 12.55 11.03 11.43 11.93 12.28 12.44 12.32 12.52 13.08 03.08 04.25 05.74 06.62 06.91 05.53 04.71 03.79 02.66 02.47 02.87 02.41 01.83 01.75 01.97 01.86 02.12 02.41 03.22 02.46 03.16 03.95 03.33 03.93 05.39 06.80
-0001.000 -0001.000 -0001.000 -0001.000 -0001.000 -0001.000 -0001.000 -0001.000 00.96 00.68 01.12 01.17 04.65 05.07 05.76 06.61 07.15 07.88 08.27 08.83 09.33 10.33 12.30 13.19 13.81 14.19 14.68 15.07 14.27 13.71 14.33 14.83 15.08 14.95 15.08 15.21 15.31 16.68 04.76 05.82 06.01 05.18 05.07 03.15 02.76 03.89 03.15 02.70 01.83 01.51 02.42 02.60 02.23 01.76 01.96 01.83 02.43 03.86 02.90 03.52 03.95 04.52 05.70
-0001.000 -0001.000 -0001.000 -0001.000 -0001.000 -0001.000 -0001.000 00.92 00.97 00.68 01.11 01.15 04.54 05.02 05.76 06.68 07.37 08.01 09.31 10.77 11.52 12.05 13.00 13.73 14.13 14.67 14.96 14.77 13.63 14.27 14.90 15.11 15.03 15.10 15.27 15.23 16.25 15.89 04.85 05.56 05.73 04.13 03.31 03.05 03.43 03.13 02.86 02.05 02.75 02.34 02.28 02.22 01.43 01.56 01.57 01.62 02.69 04.38 03.03 03.73 04.20 04.25 04.43
-0001.000 -0001.000 -0001.000 -0001.000 -0001.000 -0001.000 -0001.000 00.92 00.97 00.68 01.10 00.83 04.38 04.91 05.90 06.89 08.62 09.77 10.51 11.16 11.89 12.71 13.65 14.05 14.58 14.95 15.07 13.51 14.09 14.82 15.11 15.07 15.09 15.24 15.21 16.25 16.68 17.21 04.78 06.21 05.29 04.24 03.62 02.72 02.84 02.52 02.39 03.39 03.25 03.28 02.37 01.43 01.57 02.08 01.59 02.65 03.03 02.41 03.31 04.32 04.45 04.66 04.50
-0001.000 -0001.000 -0001.000 -0001.000 -0001.000 -0001.000 -0001.000 00.91 00.95 00.67 01.05 00.83 04.14 04.73 05.69 08.22 09.32 10.16 10.87 11.74 12.36 13.53 14.03 14.47 14.87 15.24 13.48 14.01 14.86 15.10 15.41 15.06 15.30 15.43 16.18 16.76 17.02 18.81 04.12 05.92 05.85 04.15 02.91 02.27 02.31 03.40 04.55 03.33 03.33 03.27 02.98 02.35 02.57 02.66 02.80 03.17 02.98 03.05 03.94 04.46 04.33 04.22 04.07
-0001.000 -0001.000 -0001.000 -0001.000 -0001.000 -0001.000 -0001.000 00.94 00.97 00.66 00.99 00.80 03.70 04.49 06.83 08.58 09.66 10.54 11.30 12.03 13.21 13.99 14.44 14.83 15.20 13.44 13.90 14.84 15.04 15.36 15.04 15.29 15.44 16.22 16.91 17.15 17.43 18.44 03.68 04.56 03.88 02.97 02.71 02.50 03.40 04.75 04.86 03.72 03.30 03.29 02.36 02.65 02.98 03.20 03.30 03.47 03.73 03.91 04.02 04.56 04.26 03.37 02.42
-0001.000 -0001.000 -0001.000 -0001.000 -0001.000 -0001.000 -0001.000 00.95 00.70 01.33 01.21 00.78 03.14 02.18 06.63 09.01 10.10 11.00 11.80 12.88 13.96 14.44 14.82 15.20 13.70 13.78 14.66 15.09 15.44 15.00 15.28 15.43 16.27 16.93 17.15 17.37 17.98 19.99 02.71 03.36 03.68 04.42 02.98 02.20 04.14 05.33 04.24 03.74 03.56 02.53 02.50 02.93 03.24 03.53 03.16 02.98 04.69 05.15 05.61 05.16 04.05 03.25 02.84
-0001.000 -0001.000 -0001.000 -0001.000 -0001.000 -0001.000 -0001.000 00.96 00.69 01.28 01.43 01.12 01.05 00.84 06.76 09.46 10.51 11.55 12.40 13.94 14.35 14.78 15.18 14.59 13.64 14.54 15.01 15.35 15.08 15.35 15.36 16.17 16.89 17.07 17.24 17.76 17.68 02.49 02.85 03.06 04.01 04.23 02.58 02.56 02.89 03.48 03.73 04.03 03.35 02.43 02.73 02.98 03.71 03.82 02.86 02.93 04.11 05.43 06.89 05.25 04.04 03.32 02.90
-0001.000 -0001.000 -0001.000 -0001.000 -0001.000 -0001.000 00.92 00.97 00.68 01.22 01.34 01.06 01.10 01.70 09.02 09.96 11.07 12.08 13.34 14.19 14.69 15.20 15.63 13.49 14.39 14.98 15.32 15.01 15.30 15.38 16.31 17.03 17.19 17.52 18.02 17.40 17.59 08.59 02.70 03.05 03.69 03.31 02.53 02.52 02.62 03.46 04.01 04.02 01.69 01.95 02.30 02.99 03.44 02.80 02.89 02.78 03.31 05.03 05.44 05.90 04.33 03.01 03.04
-0001.000 -0001.000 -0001.000 -0001.000 -0001.000 -0001.000 00.93 00.97 00.68 01.14 00.89 00.97 01.25 07.82 09.37 10.43 11.63 13.03 14.02 14.58 15.13 15.70 13.37 14.05 14.87 15.29 15.08 15.22 15.29 16.12 16.96 17.26 17.61 18.07 17.42 17.66 19.11 20.83 02.60 02.84 02.73 03.19 02.70 02.96 02.72 03.12 03.84 03.78 01.67 02.23 03.09 03.26 02.58 02.54 02.63 02.44 02.82 04.02 05.46 04.69 05.32 02.31 02.74
-0001.000 -0001.000 -0001.000 -0001.000 -0001.000 -0001.000 00.91 00.96 00.67 01.08 00.86 00.96 06.14 08.30 09.78 10.97 12.40 13.87 14.54 15.06 15.58 13.17 13.94 14.72 15.24 15.17 15.21 15.35 16.00 16.83 17.05 17.46 18.26 17.45 17.74 19.39 21.12 23.85 02.58 02.43 02.24 01.69 02.86 02.95 02.70 02.86 03.40 01.33 01.84 03.21 03.52 02.68 02.27 02.72 02.74 02.27 02.39 03.33 04.71 04.57 06.36 02.25 03.02
-0001.000 -0001.000 -0001.000 -0001.000 -0001.000 -0001.000 00.85 00.88 00.67 00.90 00.80 00.90 06.36 08.79 10.34 11.70 13.52 14.41 14.98 15.51 14.43 13.75 14.59 15.30 15.41 15.25 15.41 15.99 16.80 17.07 17.37 17.88 17.27 17.90 20.07 23.02 23.67 22.82 02.17 02.35 01.39 10.72 19.83 12.65 02.64 02.74 03.05 01.27 07.30 03.74 02.75 02.72 02.57 02.88 02.61 02.05 02.01 02.68 03.33 05.02 04.47 02.41 02.39
-0001.000 -0001.000 -0001.000 -0001.000 -0001.000 -0001.000 -0001.000 -0001.000 -0001.000 -0001.000 00.21 00.27 06.45 09.19 11.12 12.80 14.32 14.89 15.47 14.82 13.49 14.44 15.20 15.64 15.26 15.47 15.86 16.88 17.11 17.38 17.89 17.18 17.69 20.06 23.33 22.97 21.66 20.42 02.40 02.42 10.10 20.02 23.41 18.79 02.75 02.67 02.81 04.88 07.38 02.79 03.93 02.48 03.00 02.64 02.50 01.98 01.93 02.01 02.62 04.06 03.85 01.99 02.59
-0001.000 -0001.000 -0001.000 -0001.000 -0001.000 -0001.000 -0001.000 -0001.000 -0001.000 -0001.000 -0001.000 00.34 06.60 09.89 12.17 14.19 14.92 15.50 15.85 13.31 14.17 15.17 15.54 15.18 15.46 15.74 16.86 17.07 17.34 17.90 17.25 17.42 22.06 21.34 20.41 18.49 16.49 13.98 02.06 14.67 18.81 15.92 14.20 14.03 02.61 03.05 02.39 05.68 06.95 09.90 04.57 13.14 04.41 02.91 02.51 02.20 02.04 02.14 02.64 02.82 04.13 02.15 02.51
-0001.000 -0001.000 -0001.000 -0001.000 -0001.000 -0001.000 -0001.000 -0001.000 -0001.000 -0001.000 -0001.000 00.24 07.02 11.02 13.80 14.83 15.48 15.84 13.89 13.97 15.02 15.37 15.07 15.28 15.80 16.72 17.10 17.33 17.90 17.32 16.64 14.83 16.65 13.66 10.32 10.74 01.57 03.11 07.56 08.49 09.09 09.93 09.76 10.18 10.25 05.95 01.33 05.71 07.45 09.39 12.94 18.16 06.21 03.67 03.14 02.82 02.27 02.25 02.33 02.79 03.90 02.37 02.99
-0001.000 -0001.000 -0001.000 -0001.000 -0001.000 -0001.000 -0001.000 -0001.000 -0001.000 -0001.000 -0001.000 00.26 07.79 13.24 13.70 14.88 15.91 13.95 12.44 12.14 13.38 14.48 15.20 15.58 16.41 17.09 17.35 17.93 16.91 16.69 19.96 01.83 01.70 01.75 01.69 01.94 02.22 02.37 04.41 05.50 17.23 21.75 16.20 21.33 13.46 11.75 04.33 05.63 08.18 10.64 14.92 21.62 32.71 35.29 05.09 03.92 02.90 02.57 02.62 02.76 02.64 02.62 03.64
