ashley_2/OUTPUT/raster.sdr
north:    392658.625000
south:    384678.625000
east:     169279.328125
west:     157819.328125
rows:     266
cols:     382
[rows 84 to 125 of 266, columns 94 to 187 of 382]
-01 -01 -01 -01 -01 -01 -01 -01 -01 -01 -01 -01 -01 -01 -01 -01 -01 -01 -01 -01 -01 -01 -01 -01 -01 -01 -01 -01 -01 -01 -01 -01 -01 -01 -01 -01 284 284 284 288 289 295 298 303 305 313 315 320 323 328 331 327 328 330 332 329 330 340 346 353 350 354 352 353 358 357 359 032 084 100 082 048 120 119 026 025 027 030 050 048 006 006 009 015 015 023 -01 -01 -01 -01 -01 -01 -01 -01
-01 -01 -01 -01 -01 -01 -01 -01 -01 -01 -01 -01 -01 -01 -01 -01 -01 -01 -01 -01 -01 -01 -01 -01 -01 -01 -01 -01 -01 -01 -01 -01 -01 -01 -01 -01 282 282 284 284 288 289 296 303 305 313 315 320 322 324 331 329 328 330 333 331 331 340 347 355 350 350 353 357 355 356 358 000 085 059 046 045 036 037 043 041 047 027 031 014 013 021 016 022 022 045 047 -01 -01 -01 -01 -01 -01 -01
-01 -01 -01 -01 -01 -01 -01 -01 -01 -01 -01 -01 -01 -01 -01 -01 -01 -01 -01 -01 -01 -01 -01 -01 -01 -01 -01 -01 -01 -01 -01 -01 -01 -01 -01 279 279 280 280 282 284 288 296 298 305 313 315 320 322 324 329 334 332 332 325 333 336 339 349 348 352 350 351 354 357 358 359 000 068 073 065 058 055 061 018 019 019 025 027 024 358 014 035 018 020 025 036 094 001 343 359 012 040 -01
-01 -01 -01 -01 -01 -01 -01 -01 -01 -01 -01 -01 -01 -01 -01 -01 -01 -01 -01 -01 -01 -01 -01 -01 -01 -01 -01 -01 -01 -01 -01 -01 -01 -01 -01 271 271 270 279 280 280 284 288 297 304 312 315 320 322 323 331 335 336 337 330 333 337 343 351 347 351 351 354 356 358 359 000 001 084 078 074 078 014 018 028 021 030 041 042 009 020 018 019 004 022 024 038 024 009 009 044 046 044 047
-01 -01 -01 -01 -01 -01 -01 -01 -01 -01 -01 -01 -01 -01 -01 -01 -01 -01 -01 -01 -01 -01 -01 -01 -01 -01 -01 -01 -01 -01 -01 -01 -01 -01 -01 268 268 268 270 270 269 282 284 297 303 312 319 320 322 327 330 334 337 335 336 338 339 342 346 349 350 354 355 357 359 000 001 002 082 083 024 020 022 025 055 050 011 002 008 014 009 054 020 056 065 089 071 076 075 056 057 107 094 355
-01 -01 -01 -01 -01 -01 -01 -01 -01 -01 -01 -01 -01 -01 -01 -01 -01 -01 -01 -01 -01 -01 -01 -01 -01 -01 -01 -01 -01 -01 -01 -01 -01 -01 -01 263 263 263 263 263 263 268 284 287 303 312 319 320 324 327 330 336 338 336 340 341 343 346 348 350 354 355 356 357 000 001 000 097 021 031 025 022 053 057 015 020 354 000 014 010 053 048 082 095 099 112 109 096 094 093 096 096 337 347
-01 -01 -01 -01 -01 -01 -01 -01 -01 -01 -01 -01 -01 -01 -01 -01 -01 -01 -01 -01 -01 -01 -01 -01 -01 -01 -01 -01 -01 -01 -01 -01 -01 -01 -01 -01 253 253 253 256 260 265 266 287 297 313 320 320 324 327 332 335 336 338 341 343 346 346 350 350 355 356 357 359 001 000 355 356 036 085 081 097 016 023 027 004 356 002 007 041 054 087 095 107 121 129 113 105 098 099 109 327 343 327
-01 -01 -01 -01 -01 -01 -01 -01 -01 -01 -01 -01 -01 -01 -01 -01 -01 -01 -01 -01 -01 -01 -01 -01 -01 -01 -01 -01 -01 -01 -01 -01 -01 -01 -01 -01 245 239 245 197 201 262 260 262 297 313 320 322 324 328 332 336 337 341 341 344 346 348 350 354 356 357 359 001 000 355 356 359 071 065 011 019 019 002 008 010 006 002 023 066 090 094 106 100 112 123 131 126 117 116 352 330 350 334
-01 -01 -01 -01 -01 -01 -01 -01 -01 -01 -01 -01 -01 -01 -01 -01 -01 -01 -01 -01 -01 -01 -01 -01 -01 -01 -01 -01 -01 -01 -01 -01 -01 -01 -01 -01 -01 195 191 186 261 214 202 251 297 313 320 323 325 328 332 336 339 341 343 346 347 350 354 355 357 359 000 001 355 355 359 359 056 048 090 099 351 358 013 022 031 029 077 095 097 086 101 115 117 133 140 138 131 334 352 347 049 341
-01 -01 -01 -01 -01 -01 -01 -01 -01 -01 -01 -01 -01 -01 -01 -01 -01 -01 -01 -01 -01 -01 -01 -01 -01 -01 -01 -01 -01 -01 -01 -01 -01 -01 -01 -01 -01 -01 -01 -01 222 215 263 264 265 314 320 323 324 328 332 334 340 341 343 347 348 350 355 356 359 000 001 002 355 359 000 000 093 028 002 349 354 024 028 044 052 071 098 096 079 090 100 123 095 070 096 110 313 329 350 348 326 348
-01 -01 -01 -01 -01 -01 -01 -01 -01 -01 -01 -01 -01 -01 -01 -01 -01 -01 -01 -01 -01 -01 -01 -01 -01 -01 -01 -01 -01 -01 -01 -01 -01 -01 -01 -01 -01 -01 -01 -01 289 289 290 295 281 310 320 323 327 331 336 336 340 342 346 348 349 354 356 357 359 001 002 355 356 359 000 001 042 060 352 002 027 038 046 057 065 096 102 095 102 102 094 069 072 074 126 334 313 326 337 016 351 348
-01 -01 -01 -01 -01 -01 -01 -01 -01 -01 -01 -01 -01 -01 -01 -01 -01 -01 -01 -01 -01 -01 -01 -01 -01 -01 -01 -01 -01 -01 -01 -01 -01 -01 -01 -01 -01 -01 -01 -01 276 276 276 292 002 310 320 323 327 331 336 337 341 343 347 349 354 356 357 359 001 002 355 356 359 000 001 359 108 004 131 040 034 056 067 094 097 097 115 112 090 088 076 101 100 117 345 345 320 334 337 341 354 356
-01 -01 -01 -01 -01 -01 -01 -01 -01 -01 -01 -01 -01 -01 -01 -01 -01 -01 -01 -01 -01 -01 -01 -01 -01 -01 -01 -01 -01 -01 -01 -01 -01 -01 -01 -01 -01 -01 -01 -01 283 282 280 276 302 310 321 323 328 332 336 340 342 346 348 349 355 357 359 001 002 355 356 000 000 001 000 000 000 356 046 043 041 086 110 091 099 115 114 098 103 111 120 123 055 352 351 004 327 331 357 338 354 019
-01 -01 -01 -01 -01 -01 -01 -01 -01 -01 -01 -01 -01 -01 -01 -01 -01 -01 -01 -01 -01 -01 -01 -01 -01 -01 -01 -01 -01 -01 -01 -01 -01 -01 -01 -01 -01 -01 -01 -01 277 277 282 282 303 308 321 325 328 336 337 341 342 347 350 355 356 359 000 001 004 356 000 000 001 000 000 000 001 003 044 073 072 067 067 104 107 058 099 102 108 108 045 047 046 355 013 343 350 358 329 352 007 015
-01 -01 -01 -01 -01 -01 -01 -01 -01 -01 -01 -01 -01 -01 -01 -01 -01 -01 -01 -01 -01 -01 -01 -01 -01 -01 -01 -01 -01 -01 -01 -01 -01 -01 -01 -01 -01 -01 -01 277 278 278 279 277 303 308 322 326 332 336 341 342 346 348 356 356 357 359 001 003 356 000 000 001 000 000 000 001 006 002 052 047 048 053 099 056 048 096 095 104 054 044 042 034 350 354 012 347 007 016 336 359 015 031
-01 -01 -01 -01 -01 -01 -01 -01 -01 -01 -01 -01 -01 -01 -01 -01 -01 -01 -01 -01 -01 -01 -01 -01 -01 -01 -01 -01 -01 -01 -01 -01 -01 -01 -01 -01 -01 -01 -01 275 275 276 277 279 298 303 310 325 332 337 341 342 347 349 357 357 359 001 003 356 356 000 000 000 000 002 001 006 007 006 098 106 103 050 054 094 090 110 109 053 046 046 034 350 349 001 012 021 020 345 348 001 031 037
-01 -01 -01 -01 -01 -01 -01 -01 -01 -01 -01 -01 -01 -01 -01 -01 -01 -01 -01 -01 -01 -01 -01 -01 -01 -01 -01 -01 -01 -01 -01 -01 -01 -01 -01 -01 -01 -01 -01 267 268 267 277 277 292 304 309 328 336 337 342 347 349 356 357 000 001 002 353 356 000 000 001 000 002 001 006 007 009 005 075 039 041 103 097 112 121 096 031 045 045 035 337 350 000 007 020 019 358 000 003 016 033 068
-01 -01 -01 -01 -01 -01 -01 -01 -01 -01 -01 -01 -01 -01 -01 -01 -01 -01 -01 -01 -01 -01 -01 -01 -01 -01 -01 -01 -01 -01 -01 -01 -01 -01 -01 -01 -01 -01 -01 293 310 264 264 266 293 299 307 328 336 341 347 348 356 358 000 001 002 354 356 000 001 001 000 002 001 007 007 009 007 009 042 116 108 136 091 100 096 020 029 045 034 035 352 348 000 017 019 011 005 011 015 020 062 077
-01 -01 -01 -01 -01 -01 -01 -01 -01 -01 -01 -01 -01 -01 -01 -01 -01 -01 -01 -01 -01 -01 -01 -01 -01 -01 -01 -01 -01 -01 -01 -01 -01 -01 -01 -01 -01 -01 -01 290 293 302 004 260 255 259 306 332 336 342 347 349 357 359 001 002 354 356 000 001 002 001 002 001 007 008 010 007 011 010 076 081 085 029 085 089 348 014 026 037 035 341 354 001 001 013 058 012 025 007 016 057 065 017
-01 -01 -01 -01 -01 -01 -01 -01 -01 -01 -01 -01 -01 -01 -01 -01 -01 -01 -01 -01 -01 -01 -01 -01 -01 -01 -01 -01 -01 -01 -01 -01 -01 -01 -01 -01 -01 -01 -01 282 291 293 302 310 334 277 303 336 341 347 349 357 358 001 002 016 356 000 001 002 000 002 001 007 008 009 007 011 008 078 039 014 027 088 095 008 022 016 030 033 056 339 352 001 006 056 009 043 024 018 066 071 343 014
-01 -01 -01 -01 -01 -01 -01 -01 -01 -01 -01 -01 -01 -01 -01 -01 -01 -01 -01 -01 -01 -01 -01 -01 -01 -01 -01 -01 -01 -01 -01 -01 -01 -01 -01 -01 -01 -01 280 280 280 291 292 304 288 343 332 336 342 348 357 358 000 001 002 354 356 000 002 000 003 001 007 008 010 008 011 008 009 015 024 085 083 114 346 002 025 035 061 061 325 352 001 006 051 007 035 040 032 068 102 019 002 311
-01 -01 -01 -01 -01 -01 -01 -01 -01 -01 -01 -01 -01 -01 -01 -01 -01 -01 -01 -01 -01 -01 -01 -01 -01 -01 -01 -01 -01 -01 -01 -01 -01 -01 -01 -01 -01 -01 277 277 278 280 292 293 349 329 332 341 347 348 358 000 001 002 354 356 000 002 000 001 001 008 009 010 009 012 008 008 015 023 088 087 080 084 348 027 036 062 059 067 323 352 358 052 008 356 032 040 067 079 013 338 355 310
-01 -01 -01 -01 -01 -01 -01 -01 -01 -01 -01 -01 -01 -01 -01 -01 -01 -01 -01 -01 -01 -01 -01 -01 -01 -01 -01 -01 -01 -01 -01 -01 -01 -01 -01 -01 -01 -01 265 266 266 278 279 278 315 330 336 341 348 357 000 001 003 354 355 000 002 000 001 001 002 009 010 009 013 008 008 015 028 029 074 113 111 330 354 024 064 063 062 289 327 059 054 008 352 026 032 067 088 040 032 346 010 302
-01 -01 -01 -01 -01 -01 -01 -01 -01 -01 -01 -01 -01 -01 -01 -01 -01 -01 -01 -01 -01 -01 -01 -01 -01 -01 -01 -01 -01 -01 -01 -01 -01 -01 -01 -01 -01 -01 249 253 256 261 262 282 316 332 336 347 357 000 001 003 357 355 000 001 007 001 002 002 009 011 013 013 009 008 023 024 076 076 090 088 340 344 019 030 060 062 066 346 316 044 002 042 019 020 057 063 026 037 012 014 348 301
-01 -01 -01 -01 -01 -01 -01 -01 -01 -01 -01 -01 -01 -01 -01 -01 -01 -01 -01 -01 -01 -01 -01 -01 -01 -01 -01 -01 -01 -01 -01 -01 -01 -01 -01 -01 -01 -01 -01 -01 -01 -01 197 302 312 333 341 347 358 002 003 357 354 000 001 002 001 003 002 009 011 013 014 009 008 021 080 078 089 091 092 041 357 020 025 113 060 062 115 311 318 343 039 340 036 047 062 021 040 035 014 005 347 305
-01 -01 -01 -01 -01 -01 -01 -01 -01 -01 -01 -01 -01 -01 -01 -01 -01 -01 -01 -01 -01 -01 -01 -01 -01 -01 -01 -01 -01 -01 -01 -01 -01 -01 -01 -01 -01 -01 -01 -01 -01 -01 -01 272 313 336 347 358 000 003 007 354 356 001 002 002 003 002 009 011 013 014 010 008 014 083 085 087 121 120 137 358 014 124 125 126 074 050 054 308 314 327 342 005 037 015 012 043 041 036 077 014 357 325
-01 -01 -01 -01 -01 -01 -01 -01 -01 -01 -01 -01 -01 -01 -01 -01 -01 -01 -01 -01 -01 -01 -01 -01 -01 -01 -01 -01 -01 -01 -01 -01 -01 -01 -01 -01 -01 -01 -01 -01 -01 -01 -01 275 310 340 358 000 003 007 358 355 001 002 000 003 002 009 011 013 014 010 008 064 133 129 134 142 107 190 158 152 152 139 140 141 141 140 330 308 328 331 336 343 010 356 053 044 040 069 023 029 020 327
-01 -01 -01 -01 -01 -01 -01 -01 -01 -01 -01 -01 -01 -01 -01 -01 -01 -01 -01 -01 -01 -01 -01 -01 -01 -01 -01 -01 -01 -01 -01 -01 -01 -01 -01 -01 -01 -01 -01 -01 -01 -01 -01 270 307 359 000 002 007 358 355 001 002 000 003 002 010 012 013 014 010 009 014 093 013 347 354 000 029 034 174 169 026 034 041 091 134 134 295 308 329 340 357 358 014 023 055 034 075 012 026 034 349 326
-01 -01 -01 -01 -01 -01 -01 -01 -01 -01 -01 -01 -01 -01 -01 -01 -01 -01 -01 -01 -01 -01 -01 -01 -01 -01 -01 -01 -01 -01 -01 -01 -01 -01 -01 -01 -01 -01 -01 -01 -01 -01 300 352 349 359 001 002 355 353 001 001 000 002 002 009 012 013 013 010 009 007 002 348 014 356 358 032 071 069 018 026 028 340 080 104 166 254 292 309 331 359 000 029 024 100 104 106 009 041 045 059 340 327
-01 -01 -01 -01 -01 -01 -01 -01 -01 -01 -01 -01 -01 -01 -01 -01 -01 -01 -01 -01 -01 -01 -01 -01 -01 -01 -01 -01 -01 -01 -01 -01 -01 -01 -01 -01 -01 -01 -01 -01 -01 -01 273 323 350 000 002 007 358 353 001 002 002 001 010 011 013 013 010 009 007 015 016 015 356 356 002 073 072 073 039 135 338 356 063 011 358 001 267 309 335 358 018 096 096 097 115 008 005 050 010 325 334 329
-01 -01 -01 -01 -01 -01 -01 -01 -01 -01 -01 -01 -01 -01 -01 -01 -01 -01 -01 -01 -01 -01 -01 -01 -01 -01 -01 -01 -01 -01 -01 -01 -01 -01 -01 -01 -01 -01 -01 -01 -01 -01 277 351 000 001 006 356 353 001 002 000 001 002 012 012 013 010 009 007 015 016 015 352 356 356 003 074 073 069 105 345 356 011 015 334 000 345 052 334 358 111 099 110 111 112 014 024 088 029 037 324 330 321
-01 -01 -01 -01 -01 -01 -01 -01 -01 -01 -01 -01 -01 -01 -01 -01 -01 -01 -01 -01 -01 -01 -01 -01 -01 -01 -01 -01 -01 -01 -01 -01 -01 -01 -01 -01 -01 -01 -01 -01 -01 276 298 357 000 001 357 357 353 001 004 002 001 012 012 014 008 009 006 016 016 017 355 356 356 001 030 068 069 092 341 345 013 017 038 001 009 358 005 003 112 144 139 341 004 017 091 092 092 325 338 336 344 328
-01 -01 -01 -01 -01 -01 -01 -01 -01 -01 -01 -01 -01 -01 -01 -01 -01 -01 -01 -01 -01 -01 -01 -01 -01 -01 -01 -01 -01 -01 -01 -01 -01 -01 -01 -01 -01 -01 -01 -01 -01 274 274 356 000 001 005 356 353 355 002 001 001 012 012 015 009 009 016 016 017 019 355 355 001 002 063 093 094 320 347 354 016 038 335 011 350 001 033 043 039 001 351 007 007 095 108 108 109 323 329 332 339 336
-01 -01 -01 -01 -01 -01 -01 -01 -01 -01 -01 -01 -01 -01 -01 -01 -01 -01 -01 -01 -01 -01 -01 -01 -01 -01 -01 -01 -01 -01 -01 -01 -01 -01 -01 -01 -01 -01 -01 -01 -01 269 269 351 357 001 005 357 356 355 001 001 002 003 012 012 009 009 007 015 017 353 355 356 000 035 080 349 006 316 349 024 037 002 014 010 000 039 046 058 021 045 005 109 107 141 096 346 322 325 330 333 341 343
-01 -01 -01 -01 -01 -01 -01 -01 -01 -01 -01 -01 -01 -01 -01 -01 -01 -01 -01 -01 -01 -01 -01 -01 -01 -01 -01 -01 -01 -01 -01 -01 -01 -01 -01 -01 -01 -01 -01 -01 -01 267 267 356 357 000 000 000 357 353 002 004 002 004 011 011 011 009 007 016 017 016 357 357 358 007 004 000 067 346 012 005 012 009 016 355 045 053 051 015 041 045 055 018 101 137 337 029 322 325 330 340 342 352
-01 -01 -01 -01 -01 -01 -01 -01 -01 -01 -01 -01 -01 -01 -01 -01 -01 -01 -01 -01 -01 -01 -01 -01 -01 -01 -01 -01 -01 -01 -01 -01 -01 -01 -01 -01 -01 -01 -01 -01 -01 312 274 353 356 000 000 005 357 357 357 002 002 003 009 011 012 009 009 016 017 016 355 357 359 359 004 006 346 009 010 009 011 009 359 017 034 031 009 040 043 051 034 035 027 316 342 312 322 324 332 341 343 353
-01 -01 -01 -01 -01 -01 -01 -01 -01 -01 -01 -01 -01 -01 -01 -01 -01 -01 -01 -01 -01 -01 -01 -01 -01 -01 -01 -01 -01 -01 -01 -01 -01 -01 -01 -01 -01 -01 -01 -01 313 308 000 353 356 357 000 005 358 357 356 003 002 002 009 011 012 009 010 016 014 016 353 357 358 359 006 004 007 009 011 009 011 009 000 018 016 013 042 054 055 027 058 058 059 339 012 312 322 330 340 342 353 356
-01 -01 -01 -01 -01 -01 -01 -01 -01 -01 -01 -01 -01 -01 -01 -01 -01 -01 -01 -01 -01 -01 -01 -01 -01 -01 -01 -01 -01 -01 -01 -01 -01 -01 -01 -01 -01 -01 -01 -01 281 319 359 356 353 356 356 001 005 357 358 358 005 002 002 008 010 010 011 010 013 015 354 355 358 000 006 004 005 008 008 009 011 012 007 018 018 031 061 015 066 062 061 067 041 083 300 313 322 331 341 353 355 001
-01 -01 -01 -01 -01 -01 -01 -01 -01 -01 -01 -01 -01 -01 -01 -01 -01 -01 -01 -01 -01 -01 -01 -01 -01 -01 -01 -01 -01 -01 -01 309 023 -01 -01 -01 -01 359 -01 -01 272 245 358 359 355 353 357 357 000 003 356 355 000 004 001 002 007 010 010 012 019 017 019 355 358 000 005 005 005 009 008 009 012 012 014 018 013 029 048 070 070 065 038 041 062 064 299 309 323 331 341 355 000 007
-01 -01 -01 -01 -01 -01 -01 -01 -01 -01 -01 -01 -01 -01 -01 -01 -01 -01 -01 -01 -01 -01 -01 -01 -01 -01 -01 -01 -01 -01 -01 295 294 014 348 343 352 359 052 348 306 309 358 000 358 355 352 354 357 000 002 359 000 000 002 002 006 008 009 013 018 016 015 347 356 358 000 006 006 010 010 011 012 011 014 018 015 029 028 070 027 031 061 060 062 068 279 311 324 341 355 001 005 023
-01 -01 -01 -01 -01 -01 -01 -01 -01 -01 -01 -01 -01 -01 -01 -01 -01 -01 -01 -01 -01 -01 -01 -01 -01 -01 -01 -01 -01 -01 284 290 291 289 310 298 321 013 351 347 356 310 355 357 000 358 355 354 356 358 000 002 359 000 000 002 002 006 008 012 013 014 015 023 347 355 356 000 006 008 010 008 011 013 015 019 019 030 028 046 070 067 068 069 076 075 276 316 324 342 355 001 026 029
-01 -01 -01 -01 -01 -01 -01 -01 -01 -01 -01 -01 -01 -01 -01 -01 -01 -01 -01 -01 -01 -01 -01 -01 -01 -01 -01 -01 -01 -01 282 282 282 291 288 293 295 324 278 302 283 282 354 354 356 359 356 356 355 356 358 000 001 359 000 003 001 002 006 010 013 018 017 023 031 346 356 356 359 009 009 009 013 013 016 019 024 030 030 062 073 079 077 056 058 063 061 275 331 342 357 030 029 024
