ashley_2/OUTPUT/raster.ros
north:    392658.625000
south:    384678.625000
east:     169279.328125
west:     157819.328125
rows:     266
cols:     382
[rows 140 to 167 of 266, columns 126 to 188 of 382]
-0001.000 -0001.000 -0001.000 -0001.000 -0001.000 -0001.000 -0001.000 -0001.000 -0001.000 -0001.000 -0001.000 -0001.000 -0001.000 -0001.000 -0001.000 -0001.000 -0001.000 -0001.000 -0001.000 -0001.000 -0001.000 15.49 15.14 14.89 14.72 12.46 10.37 08.64 08.36 08.12 07.96 07.87 07.63 07.49 07.35 07.19 06.92 06.81 06.65 06.41 06.21 09.10 10.30 12.68 12.42 11.58 10.50 09.89 09.11 08.25 07.67 07.32 08.67 08.11 09.21 09.65 12.27 11.01 09.84 09.55 09.35 08.62 07.61
-0001.000 -0001.000 -0001.000 -0001.000 -0001.000 -0001.000 -0001.000 -0001.000 -0001.000 -0001.000 -0001.000 -0001.000 -0001.000 -0001.000 -0001.000 17.63 05.63 -0001.000 -0001.000 10.44 14.46 09.78 08.79 08.63 08.44 08.36 08.25 08.32 08.57 08.31 08.11 07.91 07.79 07.60 07.43 07.27 07.04 06.76 06.59 06.38 06.23 06.02 05.93 06.99 07.36 07.41 06.96 07.16 09.57 08.57 07.74 07.17 08.41 07.94 08.19 09.11 12.77 11.84 10.54 09.67 09.55 08.70 07.66
-0001.000 -0001.000 -0001.000 -0001.000 -0001.000 -0001.000 -0001.000 -0001.000 -0001.000 14.69 07.24 -0001.000 -0001.000 -0001.000 -0001.000 23.38 22.17 20.65 11.52 09.85 09.39 09.18 09.08 08.88 08.72 08.53 08.42 08.27 08.06 08.73 08.43 08.11 07.89 07.75 07.55 07.39 07.22 06.96 06.59 06.44 06.24 05.96 05.80 05.74 07.30 07.28 07.22 06.89 06.31 05.91 06.41 07.18 07.64 07.99 07.13 08.81 10.54 12.44 11.23 09.96 09.83 09.05 07.89
-0001.000 -0001.000 -0001.000 -0001.000 -0001.000 23.29 23.58 09.09 -0001.000 21.59 16.73 06.91 -0001.000 -0001.000 12.64 25.28 24.83 13.50 12.80 11.64 10.28 09.63 09.35 09.18 09.00 08.76 08.58 08.38 08.27 08.06 08.67 08.47 08.08 07.87 07.73 07.52 07.33 07.14 06.81 06.47 06.35 06.08 05.83 05.68 05.76 07.12 06.85 06.73 06.52 06.12 05.53 04.92 07.18 07.50 07.21 08.79 07.85 12.93 11.59 10.33 09.81 09.35 07.92
-0001.000 -0001.000 -0001.000 -0001.000 -0001.000 -0001.000 -0001.000 22.29 22.03 22.57 22.54 23.62 22.59 21.89 20.06 20.11 19.90 12.64 12.90 12.86 12.01 10.93 09.50 09.22 08.97 08.90 08.77 08.58 08.40 08.26 08.09 08.46 08.59 08.11 07.85 07.71 07.48 07.26 07.01 06.70 06.43 06.17 05.93 05.71 05.58 07.37 06.96 06.63 06.28 06.08 05.68 05.05 04.68 04.68 06.91 08.59 07.78 13.18 12.12 10.93 09.84 09.70 08.23
-0001.000 -0001.000 -0001.000 -0001.000 -0001.000 -0001.000 -0001.000 17.91 17.97 17.64 17.15 16.25 16.04 15.03 13.86 13.84 12.14 09.85 06.64 -0001.000 -0001.000 -0001.000 09.30 09.26 09.17 08.88 08.78 08.69 08.54 08.32 08.24 08.10 07.80 08.69 08.15 07.87 07.71 07.46 07.21 06.92 06.60 06.33 06.01 05.81 05.55 05.64 07.41 06.70 06.37 06.08 05.69 05.20 04.73 04.48 04.59 08.51 07.87 12.61 12.69 11.39 10.43 10.11 08.45
-0001.000 -0001.000 -0001.000 -0001.000 -0001.000 -0001.000 -0001.000 14.89 14.58 14.08 13.65 13.23 12.66 12.02 11.26 10.11 02.76 -0001.000 -0001.000 -0001.000 -0001.000 -0001.000 09.55 09.31 09.17 09.09 08.84 08.70 08.66 08.52 08.34 08.17 08.01 07.72 08.75 08.19 07.85 07.68 07.39 07.09 06.84 06.47 06.17 05.90 05.64 05.47 05.95 07.16 06.67 06.14 05.76 05.22 04.78 04.31 04.30 05.52 07.26 07.57 13.40 12.33 11.01 10.48 09.36
-0001.000 -0001.000 -0001.000 -0001.000 -0001.000 -0001.000 14.45 13.41 12.80 12.29 11.76 11.35 10.75 09.93 08.60 03.00 -0001.000 -0001.000 -0001.000 -0001.000 -0001.000 09.71 09.62 09.61 09.43 09.20 09.13 08.88 08.65 08.63 08.52 08.29 08.15 07.74 07.11 07.93 07.46 07.07 06.83 06.64 06.39 06.10 05.70 05.45 05.19 05.34 05.49 06.49 06.99 06.44 05.82 05.37 04.83 04.19 04.11 05.34 04.96 06.11 14.71 13.21 11.70 10.51 09.70
-0001.000 -0001.000 -0001.000 -0001.000 -0001.000 -0001.000 -0001.000 -0001.000 11.40 10.89 10.01 08.24 05.87 -0001.000 -0001.000 -0001.000 -0001.000 -0001.000 -0001.000 -0001.000 -0001.000 09.98 09.82 09.68 09.60 09.50 09.25 09.12 08.86 08.18 07.80 07.71 07.48 07.34 07.19 06.80 08.10 07.55 07.09 06.81 06.59 06.30 05.92 05.55 05.28 05.04 04.82 04.98 06.33 06.12 05.79 05.54 04.79 04.03 04.13 05.14 04.75 04.47 09.24 10.10 10.64 10.08 10.64
-0001.000 -0001.000 -0001.000 -0001.000 -0001.000 -0001.000 -0001.000 -0001.000 -0001.000 -0001.000 -0001.000 -0001.000 -0001.000 -0001.000 -0001.000 -0001.000 -0001.000 -0001.000 -0001.000 -0001.000 -0001.000 10.38 10.18 09.96 09.72 09.57 08.99 08.45 08.29 08.12 07.94 07.74 07.71 07.52 07.34 07.13 06.83 07.12 07.58 07.08 06.78 06.51 06.20 05.74 05.42 05.15 04.84 04.85 05.28 06.02 05.74 05.27 04.65 03.90 04.90 05.04 04.49 04.19 06.65 07.75 06.98 06.17 08.15
-0001.000 -0001.000 -0001.000 -0001.000 -0001.000 -0001.000 -0001.000 -0001.000 -0001.000 -0001.000 06.16 -0001.000 10.26 06.38 -0001.000 -0001.000 -0001.000 -0001.000 -0001.000 -0001.000 10.98 10.81 10.61 10.33 09.33 09.00 08.77 08.63 08.56 08.30 08.11 07.86 07.68 07.62 07.50 07.32 07.12 06.76 07.38 07.71 07.08 06.74 06.41 06.04 05.64 05.31 05.02 04.79 04.85 05.23 05.89 05.38 04.42 03.55 05.98 04.90 04.29 04.06 03.95 08.73 07.61 06.96 06.14
-0001.000 -0001.000 -0001.000 -0001.000 -0001.000 -0001.000 -0001.000 -0001.000 -0001.000 14.18 13.87 14.05 13.64 12.74 12.70 12.48 11.66 10.61 03.28 -0001.000 11.49 11.22 10.47 09.95 09.73 09.50 09.18 08.86 08.65 08.53 08.38 08.16 07.92 07.68 07.54 07.54 07.31 07.14 06.78 06.81 07.71 07.19 06.66 06.34 05.88 05.45 05.18 04.88 04.87 05.02 06.04 05.53 04.34 03.25 05.26 04.93 04.16 03.68 03.49 11.96 09.95 07.58 06.24
-0001.000 -0001.000 -0001.000 -0001.000 -0001.000 -0001.000 -0001.000 -0001.000 -0001.000 -0001.000 07.56 04.96 -0001.000 00.42 12.88 12.83 12.74 12.66 12.52 12.34 12.12 11.15 10.79 10.47 10.12 09.86 09.64 09.43 09.07 08.75 08.56 08.38 08.24 07.97 07.70 07.44 07.39 07.30 07.07 06.66 06.29 07.47 07.23 06.59 06.27 05.74 05.25 04.92 04.84 04.88 05.01 05.91 04.62 00.87 01.93 05.07 03.78 03.29 03.14 12.59 06.13 08.60 05.88
-0001.000 -0001.000 -0001.000 -0001.000 -0001.000 -0001.000 -0001.000 -0001.000 -0001.000 -0001.000 -0001.000 -0001.000 -0001.000 13.19 13.12 13.07 12.97 12.86 12.77 12.68 12.01 11.75 11.56 11.33 11.00 10.62 10.19 09.83 09.58 09.31 08.98 08.67 08.44 08.28 08.06 07.75 07.46 07.37 07.28 07.06 05.94 05.31 04.63 04.11 03.77 03.60 03.32 03.15 03.91 04.87 04.96 05.36 05.47 00.99 01.40 04.29 02.42 03.09 01.72 01.41 02.02 08.63 05.71
-0001.000 -0001.000 -0001.000 -0001.000 -0001.000 -0001.000 -0001.000 -0001.000 -0001.000 -0001.000 -0001.000 -0001.000 13.50 13.46 13.42 13.33 13.22 13.10 12.98 12.49 12.12 12.03 11.95 11.82 11.70 11.55 11.36 11.02 10.51 10.12 09.65 09.24 08.86 08.54 08.34 08.19 06.50 04.25 04.13 04.10 04.00 03.74 03.67 04.06 04.01 03.71 03.40 03.17 02.99 02.97 03.05 03.20 05.03 03.70 01.32 01.10 01.03 00.97 01.14 01.56 01.38 09.67 06.59
-0001.000 -0001.000 -0001.000 -0001.000 -0001.000 -0001.000 -0001.000 -0001.000 -0001.000 -0001.000 13.79 13.85 13.70 13.62 13.55 13.41 13.34 13.22 13.04 12.46 12.37 12.29 12.16 12.06 11.95 11.84 11.75 11.60 11.44 11.14 10.77 10.32 09.77 09.21 05.64 04.67 04.57 04.44 04.27 04.15 04.06 03.92 03.66 03.68 03.96 03.91 03.56 03.21 02.97 02.85 02.91 03.05 03.21 03.75 03.62 02.87 01.03 00.96 01.11 01.42 01.16 01.16 03.84
-0001.000 -0001.000 -0001.000 -0001.000 -0001.000 -0001.000 -0001.000 -0001.000 -0001.000 14.25 14.06 13.93 13.88 13.82 13.75 13.65 13.47 13.36 12.76 12.60 12.51 12.41 12.33 12.26 12.13 12.04 11.95 11.84 11.72 11.62 11.50 11.56 11.25 05.67 05.43 05.01 04.78 04.66 04.54 04.31 04.20 04.00 03.93 03.63 03.69 03.84 03.35 02.86 02.71 02.83 02.79 02.75 02.86 03.54 03.67 03.38 02.87 00.82 01.09 01.09 04.05 03.48 03.68
-0001.000 -0001.000 -0001.000 15.16 13.40 15.10 15.13 14.77 14.37 14.32 14.18 14.15 14.06 13.93 13.83 13.71 13.58 13.34 12.96 12.88 12.82 12.72 12.63 12.50 12.36 12.22 12.12 12.07 12.07 12.00 11.96 11.71 05.93 05.78 05.58 05.29 04.88 04.50 04.34 04.25 03.79 03.09 02.76 02.64 02.62 02.61 02.47 02.47 02.18 02.09 02.15 02.20 02.44 03.01 03.37 03.28 02.96 02.68 02.42 02.36 03.30 03.36 03.45
-0001.000 -0001.000 -0001.000 15.21 15.09 14.96 15.24 14.62 14.35 14.23 14.25 14.18 14.09 13.97 13.89 13.67 13.63 13.23 13.25 13.19 13.11 13.05 13.00 12.92 12.80 12.62 12.58 12.57 12.50 12.37 12.08 07.95 05.86 05.76 05.64 05.46 05.31 04.93 03.62 02.65 02.46 02.27 02.18 02.06 01.89 01.84 01.75 01.55 01.09 01.39 01.60 01.77 01.82 02.00 02.28 02.74 02.79 02.53 02.34 02.17 03.18 03.32 03.36
-0001.000 -0001.000 -0001.000 14.53 14.49 14.47 14.42 14.26 14.03 13.94 14.21 14.18 14.13 14.01 13.86 13.65 13.67 13.46 13.42 13.40 13.39 13.35 13.32 13.25 13.08 12.97 12.90 13.11 13.00 12.63 12.25 06.10 05.98 05.87 05.75 05.60 05.42 04.08 02.82 02.33 01.89 01.59 00.92 00.33 00.58 02.84 03.06 03.18 03.32 03.26 03.09 00.55 00.61 01.30 01.55 01.90 02.11 02.14 02.17 02.05 02.09 03.30 03.34
-0001.000 -0001.000 -0001.000 -0001.000 14.37 14.35 14.35 14.32 14.22 14.22 14.13 14.03 13.82 13.47 13.27 13.48 13.45 13.43 13.50 13.57 13.58 13.57 13.53 13.44 13.26 13.13 13.24 13.30 13.39 12.81 08.89 06.20 06.11 06.00 05.86 05.67 05.37 02.96 02.57 01.96 00.79 03.05 03.31 03.39 03.46 03.53 03.59 03.65 03.76 03.73 03.64 03.53 03.42 03.25 03.08 00.60 00.39 01.40 01.61 01.95 02.02 03.19 03.24
-0001.000 -0001.000 -0001.000 -0001.000 14.38 14.36 14.39 14.25 14.18 14.15 14.09 14.05 13.74 13.67 13.59 13.61 13.26 13.25 13.24 13.37 13.40 13.39 13.36 13.32 13.16 13.35 13.29 13.20 12.87 12.63 06.16 06.14 06.06 05.95 05.86 05.73 03.93 02.73 02.25 00.43 02.66 03.39 03.71 03.78 03.85 03.91 03.98 04.06 04.23 04.12 04.01 03.90 03.81 03.72 03.63 03.52 03.34 02.90 01.11 01.89 01.95 03.05 03.13
-0001.000 -0001.000 -0001.000 -0001.000 12.92 13.22 14.01 14.25 14.22 14.19 14.13 14.03 13.85 13.76 13.57 13.66 13.57 13.60 13.66 13.87 13.74 13.47 13.30 13.15 12.92 12.69 12.48 12.38 12.21 12.02 06.07 06.14 06.11 05.98 05.86 05.71 02.92 02.47 01.89 02.12 02.75 03.68 04.18 04.30 04.41 17.21 120.31 223.40 314.86 153.12 04.60 04.43 04.26 04.11 04.00 03.89 03.60 02.93 00.50 01.30 01.89 02.43 03.09
-0001.000 -0001.000 -0001.000 -0001.000 -0001.000 -0001.000 -0001.000 03.87 13.08 13.17 12.51 14.12 14.04 13.97 13.86 13.85 13.95 14.31 13.93 13.88 13.84 13.45 13.39 13.28 13.13 13.05 12.97 12.84 12.56 07.63 06.02 05.89 05.80 05.73 05.59 05.11 02.79 02.17 00.73 02.36 02.77 181.43 372.34 463.96 -0001.000 -0001.000 -0001.000 -0001.000 -0001.000 -0001.000 -0001.000 460.90 302.05 143.19 04.58 04.35 03.66 02.78 00.61 01.16 01.84 01.99 03.08
-0001.000 -0001.000 -0001.000 -0001.000 -0001.000 -0001.000 -0001.000 -0001.000 -0001.000 -0001.000 -0001.000 12.72 13.13 13.08 12.78 13.39 13.64 13.76 13.67 13.72 13.67 13.52 13.45 13.29 13.11 12.90 12.80 12.71 12.63 06.19 06.11 06.02 05.93 05.81 05.63 03.11 02.56 01.96 01.29 02.52 02.94 -0001.000 -0001.000 -0001.000 -0001.000 -0001.000 -0001.000 -0001.000 -0001.000 -0001.000 -0001.000 -0001.000 -0001.000 -0001.000 -0001.000 453.33 03.42 02.66 01.40 01.09 01.81 01.94 03.02
-0001.000 -0001.000 -0001.000 -0001.000 -0001.000 -0001.000 -0001.000 -0001.000 -0001.000 -0001.000 -0001.000 -0001.000 -0001.000 -0001.000 -0001.000 -0001.000 -0001.000 11.06 13.32 13.12 12.63 11.39 13.09 12.73 12.65 12.41 12.78 12.65 11.29 06.15 06.05 05.96 05.86 05.74 05.61 02.84 02.34 01.35 02.29 02.67 68.46 -0001.000 -0001.000 -0001.000 -0001.000 -0001.000 -0001.000 -0001.000 -0001.000 -0001.000 -0001.000 -0001.000 -0001.000 -0001.000 -0001.000 -0001.000 03.14 02.62 02.11 01.07 01.73 01.89 02.89
-0001.000 -0001.000 -0001.000 -0001.000 -0001.000 -0001.000 -0001.000 -0001.000 -0001.000 -0001.000 -0001.000 -0001.000 -0001.000 -0001.000 -0001.000 -0001.000 -0001.000 -0001.000 -0001.000 09.70 08.09 05.98 -0001.000 -0001.000 -0001.000 -0001.000 13.07 12.89 08.57 06.19 06.08 05.97 05.87 05.75 04.51 02.72 02.08 00.61 02.47 02.84 436.93 -0001.000 -0001.000 -0001.000 -0001.000 -0001.000 -0001.000 -0001.000 -0001.000 -0001.000 -0001.000 -0001.000 -0001.000 -0001.000 -0001.000 -0001.000 09.38 02.65 02.16 01.03 01.74 01.88 02.82
-0001.000 -0001.000 -0001.000 -0001.000 -0001.000 -0001.000 -0001.000 -0001.000 -0001.000 -0001.000 -0001.000 -0001.000 -0001.000 -0001.000 -0001.000 -0001.000 -0001.000 -0001.000 -0001.000 -0001.000 -0001.000 03.04 -0001.000 -0001.000 -0001.000 -0001.000 01.95 12.38 07.60 06.05 06.14 06.05 05.94 05.82 03.58 02.57 01.74 02.07 02.59 03.10 -0001.000 -0001.000 -0001.000 -0001.000 -0001.000 -0001.000 -0001.000 -0001.000 -0001.000 -0001.000 -0001.000 -0001.000 -0001.000 -0001.000 -0001.000 -0001.000 77.64 02.67 02.18 00.98 01.72 01.81 02.81
