ashley_2/OUTPUT/raster.fli
north:    392658.625000
south:    384678.625000
east:     169279.328125
west:     157819.328125
rows:     266
cols:     382
[rows 78 to 103 of 266, columns 120 to 179 of 382]
-0001.000 -0001.000 -0001.000 -0001.000 -0001.000 -0001.000 -0001.000 -0001.000 -0001.000 -0001.000 -0001.000 -0001.000 -0001.000 -0001.000 -0001.000 -0001.000 -0001.000 -0001.000 -0001.000 -0001.000 -0001.000 -0001.000 -0001.000 -0001.000 -0001.000 -0001.000 -0001.000 -0001.000 -0001.000 -0001.000 -0001.000 -0001.000 -0001.000 00230.706 00339.973 00375.652 00373.597 00350.705 00343.882 00342.563 00239.784 00299.954 00157.000 00221.287 00264.963 00250.381 00187.288 00144.881 -0001.000 -0001.000 -0001.000 -0001.000 -0001.000 -0001.000 -0001.000 -0001.000 -0001.000 -0001.000 -0001.000 -0001.000
-0001.000 -0001.000 -0001.000 -0001.000 -0001.000 -0001.000 -0001.000 -0001.000 -0001.000 -0001.000 -0001.000 -0001.000 -0001.000 -0001.000 -0001.000 -0001.000 -0001.000 -0001.000 -0001.000 -0001.000 -0001.000 -0001.000 -0001.000 -0001.000 -0001.000 -0001.000 -0001.000 -0001.000 -0001.000 -0001.000 -0001.000 -0001.000 -0001.000 00292.319 00363.119 00391.178 00363.960 00358.019 00347.832 00347.167 00355.244 00351.348 00250.042 00354.093 00385.858 00173.132 00171.106 00145.581 -0001.000 -0001.000 -0001.000 -0001.000 -0001.000 -0001.000 -0001.000 -0001.000 -0001.000 -0001.000 -0001.000 -0001.000
-0001.000 -0001.000 -0001.000 -0001.000 -0001.000 -0001.000 -0001.000 -0001.000 -0001.000 -0001.000 -0001.000 00038.803 00042.780 00030.826 -0001.000 -0001.000 -0001.000 -0001.000 -0001.000 -0001.000 -0001.000 -0001.000 -0001.000 -0001.000 -0001.000 -0001.000 -0001.000 -0001.000 -0001.000 -0001.000 -0001.000 -0001.000 00249.943 00321.268 00398.397 00400.271 00373.182 00354.174 00351.975 00352.566 00356.958 00366.766 00391.620 00424.197 00343.967 00148.335 00146.372 00146.695 -0001.000 -0001.000 -0001.000 -0001.000 -0001.000 -0001.000 -0001.000 -0001.000 -0001.000 -0001.000 -0001.000 -0001.000
-0001.000 -0001.000 -0001.000 -0001.000 -0001.000 -0001.000 -0001.000 -0001.000 -0001.000 -0001.000 -0001.000 00042.457 00046.740 00050.476 00048.459 00038.698 00053.860 00146.090 00158.668 00174.724 00185.323 00198.037 00209.294 00225.179 -0001.000 -0001.000 -0001.000 -0001.000 -0001.000 -0001.000 -0001.000 -0001.000 00301.197 00388.101 00410.977 00392.712 00380.666 00355.911 00370.163 00372.531 00369.994 00368.160 00396.362 00414.118 00158.962 00207.815 00228.210 00152.826 -0001.000 -0001.000 -0001.000 -0001.000 -0001.000 -0001.000 -0001.000 -0001.000 -0001.000 -0001.000 -0001.000 -0001.000
-0001.000 -0001.000 -0001.000 -0001.000 -0001.000 -0001.000 -0001.000 -0001.000 -0001.000 -0001.000 00039.128 00044.512 00048.689 00042.178 00044.651 00047.399 00050.317 00143.904 00157.992 00173.540 00185.491 00199.227 00207.014 00224.726 00193.924 00213.572 00212.339 00232.523 00263.100 00263.620 00237.993 00278.034 00356.738 00415.506 00417.205 00402.756 00392.797 00387.313 00408.302 00425.830 00436.072 00442.062 00423.680 00394.669 00174.158 00239.711 00232.738 00156.300 00059.647 00072.625 -0001.000 -0001.000 -0001.000 -0001.000 -0001.000 -0001.000 -0001.000 -0001.000 -0001.000 -0001.000
-0001.000 -0001.000 -0001.000 -0001.000 -0001.000 -0001.000 -0001.000 -0001.000 -0001.000 -0001.000 00040.804 00045.499 00049.975 00041.167 00044.690 00047.815 00128.508 00143.242 00156.876 00174.258 00186.877 00202.207 00207.152 00216.236 00207.379 00224.584 00233.156 00262.805 00285.102 00254.457 00294.613 00343.707 00413.195 00418.170 00423.653 00405.779 00399.954 00414.618 00433.037 00440.327 00455.998 00473.868 00447.542 00274.912 00146.665 00214.223 00212.366 00244.733 00218.513 00178.014 00145.014 00086.550 -0001.000 -0001.000 -0001.000 -0001.000 -0001.000 -0001.000 -0001.000 -0001.000
-0001.000 -0001.000 -0001.000 -0001.000 -0001.000 -0001.000 -0001.000 -0001.000 -0001.000 -0001.000 00042.563 00047.337 00051.314 00041.581 00044.654 00047.494 00127.979 00141.588 00155.071 00174.923 00188.569 00202.969 00212.613 00219.004 00228.506 00237.174 00257.095 00273.263 00283.480 00271.767 00304.686 00375.229 00424.831 00431.450 00403.648 00389.005 00400.366 00403.699 00399.708 00389.942 00383.969 00370.137 00366.594 00132.733 00184.416 00253.616 00284.280 00298.750 00321.097 00194.091 00237.893 00187.462 00168.468 00166.863 00145.521 00127.445 00141.842 00158.721 00160.539 00167.033
-0001.000 -0001.000 -0001.000 -0001.000 -0001.000 -0001.000 -0001.000 -0001.000 -0001.000 -0001.000 00043.545 00048.104 00046.376 00041.713 00044.431 00110.270 00125.903 00138.508 00153.060 00175.316 00190.439 00203.811 00215.214 00216.588 00235.299 00250.154 00275.864 00295.038 00273.850 00280.938 00322.820 00378.712 00403.245 00399.060 00378.361 00382.366 00315.837 00273.706 00243.714 00208.969 00204.511 00203.637 00194.909 00244.298 00290.058 00277.138 00324.854 00313.130 00266.942 00279.917 00232.805 00157.360 00144.068 00138.882 00144.402 00175.483 00168.582 00177.413 00190.527 00192.322
-0001.000 -0001.000 -0001.000 -0001.000 -0001.000 -0001.000 -0001.000 -0001.000 -0001.000 00038.712 00044.455 00048.883 00038.464 00041.629 00044.199 00105.669 00120.637 00136.302 00153.858 00176.299 00191.216 00205.802 00216.582 00224.981 00238.595 00261.935 00282.907 00292.479 00277.687 00315.873 00345.777 00277.807 00202.133 00194.754 00196.679 00190.317 00192.065 00188.365 00191.685 00190.866 00195.203 00216.191 00182.131 00269.252 00340.131 00384.854 00463.388 00373.672 00285.612 00233.390 00221.004 00189.512 00184.410 00196.175 00153.478 00163.712 00165.666 00169.389 00161.096 00128.567
-0001.000 -0001.000 -0001.000 -0001.000 -0001.000 -0001.000 -0001.000 -0001.000 -0001.000 00038.824 00044.546 00049.009 00037.864 00041.001 00043.672 00101.287 00114.049 00132.300 00151.358 00177.123 00192.666 00207.535 00218.681 00229.560 00244.588 00265.033 00276.571 00304.410 00297.667 00221.592 00192.473 00200.308 00190.640 00179.238 00179.572 00182.196 00185.655 00189.204 00192.229 00195.537 00199.193 00234.505 00199.076 00277.562 00370.537 00334.555 00290.739 00287.705 00290.062 00323.686 00353.663 00306.301 00264.053 00174.849 00178.342 00153.929 00154.891 00154.820 00159.611 00169.701
-0001.000 -0001.000 -0001.000 -0001.000 -0001.000 -0001.000 -0001.000 -0001.000 -0001.000 00038.413 00044.093 00048.472 00037.298 00040.228 00042.474 00093.199 00107.156 00126.472 00148.096 00177.835 00194.508 00209.224 00220.250 00234.368 00252.490 00265.996 00278.248 00182.887 00140.411 00166.687 00174.903 00179.114 00173.235 00175.079 00175.299 00181.750 00186.166 00190.449 00194.990 00200.105 00204.434 00268.423 00199.986 00237.554 00286.883 00309.357 00336.782 00364.959 00418.600 00513.430 00346.914 00223.066 00226.245 00221.962 00246.079 00193.351 00243.526 00328.786 00346.338 00349.989
-0001.000 -0001.000 -0001.000 -0001.000 -0001.000 -0001.000 -0001.000 -0001.000 -0001.000 00037.477 00043.248 00047.636 00036.686 00039.367 00041.611 00083.295 00097.758 00117.789 00144.256 00178.527 00196.698 00211.766 00222.458 00239.928 00256.029 00133.912 00129.830 00130.848 00141.023 00147.142 00154.023 00160.815 00165.033 00170.965 00178.801 00185.995 00190.396 00194.650 00199.894 00204.818 00209.776 00178.909 00194.776 00225.053 00298.244 00396.164 00417.695 00374.744 00304.067 00364.683 00261.535 00256.138 00231.256 00275.195 00287.165 00292.186 00261.459 00286.593 00304.217 00294.594
-0001.000 -0001.000 -0001.000 -0001.000 -0001.000 -0001.000 -0001.000 -0001.000 -0001.000 -0001.000 00041.472 00045.588 00037.851 00039.270 00041.602 00071.070 00079.902 00102.594 00140.040 00174.585 00200.618 00214.119 00225.584 00163.980 00123.971 00130.257 00129.970 00138.197 00146.253 00152.320 00158.498 00163.966 00170.568 00177.408 00186.000 00191.005 00195.427 00200.847 00205.883 00210.095 00191.528 00193.672 00228.086 00305.177 00445.420 00431.570 00274.596 00276.416 00247.244 00223.439 00248.591 00281.851 00294.891 00277.554 00261.576 00235.306 00221.494 00227.921 00222.432 00277.897
-0001.000 -0001.000 -0001.000 -0001.000 -0001.000 -0001.000 -0001.000 -0001.000 -0001.000 -0001.000 00037.113 00040.769 00042.607 00048.914 00066.170 00060.111 00068.673 00079.015 00135.152 00175.128 00202.602 00216.601 00110.574 00120.005 00127.496 00130.661 00133.865 00145.540 00150.945 00157.393 00163.353 00168.948 00175.606 00185.563 00191.903 00196.100 00201.815 00207.296 00212.178 00197.758 00193.238 00201.650 00248.258 00286.229 00295.868 00338.355 00324.200 00202.673 00210.248 00209.060 00260.086 00321.619 00339.826 00246.809 00217.543 00190.721 00188.560 00203.104 00233.355 00338.897
-0001.000 -0001.000 -0001.000 -0001.000 -0001.000 -0001.000 -0001.000 -0001.000 -0001.000 -0001.000 -0001.000 00030.048 00025.860 00051.173 00075.464 00060.381 00068.683 00086.019 00115.714 00172.194 00204.713 00106.279 00113.216 00121.484 00128.082 00133.877 00144.039 00149.855 00155.669 00163.113 00168.830 00174.408 00184.804 00192.896 00197.054 00202.908 00208.511 00213.695 00203.336 00194.399 00203.089 00216.619 00243.508 00365.180 00657.813 00652.992 00280.576 00296.800 00297.518 00315.011 00436.405 00514.544 00481.383 00265.437 00165.924 00186.511 00172.152 00176.783 00220.644 00292.865
-0001.000 -0001.000 -0001.000 -0001.000 -0001.000 -0001.000 -0001.000 -0001.000 -0001.000 -0001.000 -0001.000 -0001.000 -0001.000 -0001.000 00067.096 00076.574 00058.910 00083.914 00080.254 00173.774 00100.002 00108.724 00115.034 00124.146 00132.202 00139.421 00149.802 00155.085 00161.604 00168.829 00174.499 00181.642 00193.155 00198.066 00202.943 00209.564 00215.413 00208.639 00196.752 00204.824 00211.773 00216.699 00280.267 00422.910 00532.492 00321.029 00397.751 00545.499 00510.257 00496.722 00534.051 00488.269 00365.468 00222.797 00183.601 00159.488 00136.685 00185.064 00313.129 00446.338
-0001.000 -0001.000 -0001.000 -0001.000 -0001.000 -0001.000 -0001.000 -0001.000 -0001.000 -0001.000 -0001.000 -0001.000 -0001.000 -0001.000 00080.711 00061.761 00065.267 00136.643 00103.818 00091.305 00101.273 00110.358 00117.478 00127.472 00137.308 00146.456 00152.628 00157.907 00166.356 00172.572 00177.735 00191.251 00197.649 00203.489 00210.667 00216.788 00223.409 00195.934 00204.445 00212.945 00216.969 00220.607 00271.570 00396.048 00327.253 00471.880 00711.514 00796.004 00666.504 00550.286 00490.464 00361.504 00295.338 00212.926 00177.992 00146.565 00155.355 00225.659 00311.496 00341.561
-0001.000 -0001.000 -0001.000 -0001.000 -0001.000 -0001.000 -0001.000 -0001.000 -0001.000 -0001.000 -0001.000 -0001.000 -0001.000 -0001.000 00081.317 00058.847 00103.792 00117.836 00156.491 00091.713 00101.956 00111.830 00121.843 00132.188 00142.147 00146.422 00154.967 00162.867 00171.281 00176.807 00188.701 00197.791 00203.565 00211.049 00217.371 00222.950 00196.815 00203.645 00213.338 00218.923 00222.010 00218.766 00259.363 00308.490 00519.289 00536.362 00766.274 00804.019 00724.157 00504.419 00354.691 00343.124 00253.756 00194.300 00224.064 00150.546 00162.013 00220.163 00229.155 00172.724
-0001.000 -0001.000 -0001.000 -0001.000 -0001.000 -0001.000 -0001.000 -0001.000 -0001.000 -0001.000 -0001.000 -0001.000 -0001.000 -0001.000 00082.856 00059.658 00100.468 00108.033 00082.026 00091.512 00103.027 00113.880 00122.807 00133.561 00141.980 00150.544 00158.337 00168.381 00175.344 00184.187 00198.606 00204.847 00210.982 00218.523 00224.352 00197.217 00205.006 00214.750 00221.372 00224.440 00222.337 00226.162 00240.428 00292.571 00405.921 00545.451 00626.018 00640.131 00508.762 00431.269 00347.305 00241.816 00223.042 00258.227 00216.225 00162.565 00154.242 00171.804 00160.475 00181.947
-0001.000 -0001.000 -0001.000 -0001.000 -0001.000 -0001.000 -0001.000 -0001.000 -0001.000 -0001.000 -0001.000 -0001.000 -0001.000 -0001.000 00084.082 00060.628 00101.275 00106.456 00081.026 00088.606 00101.067 00116.108 00125.855 00138.982 00146.006 00156.174 00165.573 00182.840 00218.216 00234.311 00247.063 00253.803 00262.030 00269.261 00254.982 00245.277 00257.540 00267.501 00272.070 00269.785 00272.384 00274.921 00276.981 00307.501 00457.040 00556.090 00570.246 00480.383 00467.577 00288.201 00251.784 00353.243 00284.791 00242.612 00163.589 00133.627 00212.008 00226.762 00193.519 00152.871
-0001.000 -0001.000 -0001.000 -0001.000 -0001.000 -0001.000 -0001.000 -0001.000 -0001.000 -0001.000 -0001.000 -0001.000 -0001.000 00078.914 00084.994 00061.021 00100.191 00104.914 00079.269 00087.889 00101.349 00117.752 00130.278 00141.870 00164.584 00190.801 00204.645 00213.530 00230.537 00244.460 00252.896 00262.601 00266.976 00263.609 00243.365 00255.661 00268.324 00272.537 00271.081 00272.584 00275.976 00275.657 00294.180 00308.551 00465.612 00533.559 00546.493 00381.885 00303.999 00278.017 00312.864 00283.827 00258.132 00183.734 00244.773 00207.751 00201.073 00194.573 00126.009 00137.060
-0001.000 -0001.000 -0001.000 -0001.000 -0001.000 -0001.000 -0001.000 -0001.000 -0001.000 -0001.000 -0001.000 -0001.000 -0001.000 00079.016 00084.881 00060.975 00099.949 00076.365 00076.616 00086.255 00104.064 00121.651 00152.541 00173.561 00186.639 00198.002 00211.022 00225.745 00242.810 00250.497 00260.854 00267.598 00268.716 00241.153 00251.707 00265.787 00272.682 00271.934 00272.342 00275.458 00275.093 00294.169 00302.115 00317.289 00437.578 00595.595 00503.386 00392.157 00332.712 00248.344 00259.363 00228.883 00215.572 00303.336 00290.493 00292.126 00210.147 00126.598 00139.648 00184.657
-0001.000 -0001.000 -0001.000 -0001.000 -0001.000 -0001.000 -0001.000 -0001.000 -0001.000 -0001.000 -0001.000 -0001.000 -0001.000 00078.000 00083.697 00059.921 00094.906 00076.043 00072.585 00083.373 00100.879 00145.521 00165.066 00180.520 00193.366 00208.624 00219.467 00241.026 00250.447 00258.382 00265.697 00272.014 00240.874 00250.774 00266.514 00272.115 00278.080 00271.860 00276.382 00278.876 00292.762 00303.407 00308.438 00347.803 00390.982 00566.802 00558.581 00392.148 00270.688 00206.478 00210.582 00307.520 00410.557 00299.123 00297.720 00291.591 00265.864 00209.341 00229.578 00237.573
-0001.000 -0001.000 -0001.000 -0001.000 -0001.000 -0001.000 -0001.000 -0001.000 -0001.000 -0001.000 -0001.000 -0001.000 -0001.000 00080.467 00085.057 00059.268 00089.818 00073.668 00065.087 00079.160 00121.015 00152.405 00171.408 00187.112 00201.378 00214.034 00234.617 00249.796 00257.993 00265.118 00271.749 00240.084 00248.602 00266.167 00270.097 00276.501 00271.395 00276.177 00279.072 00293.264 00305.768 00310.268 00315.551 00340.630 00334.969 00435.914 00369.493 00279.051 00251.119 00229.399 00312.383 00430.018 00439.847 00335.397 00296.349 00294.573 00211.350 00237.794 00267.123 00286.608
-0001.000 -0001.000 -0001.000 -0001.000 -0001.000 -0001.000 -0001.000 -0001.000 -0001.000 -0001.000 -0001.000 -0001.000 -0001.000 00082.460 00061.863 00119.631 00109.535 00071.120 00058.291 00072.659 00117.237 00160.114 00179.309 00195.428 00210.287 00229.198 00248.300 00258.273 00265.135 00271.464 00245.035 00246.570 00262.221 00270.287 00277.167 00270.380 00275.619 00278.589 00294.198 00306.115 00310.179 00314.309 00325.365 00370.808 00256.924 00319.237 00349.137 00413.228 00276.229 00201.821 00381.211 00491.230 00388.686 00337.437 00320.663 00227.749 00225.218 00264.323 00291.463 00317.805
-0001.000 -0001.000 -0001.000 -0001.000 -0001.000 -0001.000 -0001.000 -0001.000 -0001.000 -0001.000 -0001.000 -0001.000 -0001.000 00084.077 00061.375 00115.383 00130.065 00102.790 00097.284 00078.251 00119.397 00167.868 00186.918 00205.650 00220.909 00248.099 00255.572 00264.785 00271.948 00260.785 00244.436 00260.332 00268.567 00274.951 00271.020 00276.666 00276.887 00291.704 00305.382 00308.885 00312.206 00321.507 00320.080 00232.954 00270.345 00289.930 00378.178 00397.394 00239.144 00235.120 00265.492 00320.070 00342.492 00364.301 00302.522 00219.253 00247.282 00270.108 00335.913 00344.575
