ashley_2/OUTPUT/raster.sdr
north:    392658.625000
south:    384678.625000
east:     169279.328125
west:     157819.328125
rows:     266
cols:     382
[rows 168 to 209 of 266, columns 188 to 281 of 382]
091 092 092 092 069 086 085 066 092 093 093 075 093 070 057 060 054 064 061 060 071 059 065 067 068 070 033 070 064 075 071 074 081 081 084 085 097 098 099 108 108 108 105 107 108 043 038 021 359 027 038 040 071 025 094 008 331 000 328 012 086 087 096 116 104 073 104 111 122 092 113 112 109 108 114 112 112 114 109 156 -01 -01 -01 -01 -01 -01 -01 -01 -01 -01 -01 -01 -01 -01
093 094 094 094 095 092 094 094 095 096 095 093 093 086 072 059 065 070 070 070 084 104 107 104 036 035 072 080 080 083 079 081 083 083 097 097 097 107 104 107 107 114 115 107 104 105 088 091 020 026 116 106 082 083 045 331 356 327 014 088 088 097 121 105 111 148 140 058 092 114 121 120 118 116 110 111 108 090 089 -01 -01 -01 -01 -01 -01 -01 -01 -01 -01 -01 -01 -01 -01 -01
106 105 104 095 095 095 096 096 096 095 103 101 098 103 088 079 090 093 089 088 089 086 084 078 076 076 077 083 077 079 086 086 097 097 107 101 104 104 112 117 117 121 115 115 075 162 167 151 132 031 088 084 088 088 081 028 113 009 115 077 119 100 105 113 113 112 110 111 120 124 125 125 123 121 084 094 094 092 081 -01 -01 -01 -01 -01 -01 -01 -01 -01 -01 -01 -01 -01 -01 -01
110 106 106 104 105 105 105 105 099 103 104 095 092 093 122 119 106 091 081 086 088 091 101 083 083 071 077 077 083 103 101 107 102 101 104 110 111 111 125 124 115 120 133 168 167 139 006 027 092 089 088 102 104 094 136 105 029 126 165 149 097 103 111 112 108 117 119 118 116 116 090 081 092 092 088 088 089 095 098 -01 -01 -01 -01 -01 -01 -01 -01 -01 -01 -01 -01 -01 -01 -01
116 111 111 105 104 104 104 105 105 108 108 109 105 130 138 132 133 116 115 110 105 103 076 077 078 079 081 103 106 100 100 106 108 109 126 125 130 129 127 130 120 114 115 118 054 014 018 097 099 099 124 120 136 129 131 132 139 077 097 096 101 103 108 109 116 120 121 125 114 106 111 095 110 097 093 115 116 070 107 -01 -01 -01 -01 -01 -01 -01 -01 -01 -01 -01 -01 -01 -01 -01
112 116 116 111 113 105 105 104 104 100 110 112 113 121 176 149 145 144 142 094 090 092 093 103 103 104 104 101 105 105 126 124 125 133 132 129 128 128 131 133 121 120 072 019 004 107 110 112 114 139 139 138 140 165 062 074 082 096 102 104 101 108 106 114 115 119 114 115 118 121 120 118 115 116 117 116 110 106 107 -01 -01 -01 -01 -01 -01 -01 -01 -01 -01 -01 -01 -01 -01 -01
120 113 116 116 111 113 112 113 104 103 108 105 114 122 142 190 158 153 151 129 129 127 125 095 096 100 125 125 125 130 131 129 133 133 132 131 130 130 134 136 122 124 122 120 133 129 128 123 123 126 128 078 082 081 078 083 093 096 104 103 104 111 112 115 113 111 112 114 120 121 122 125 128 126 110 114 119 113 061 -01 -01 -01 -01 -01 -01 -01 -01 -01 -01 -01 -01 -01 -01 -01
120 120 113 109 116 112 112 113 114 104 104 105 105 110 111 117 193 164 154 154 142 142 125 126 127 127 131 131 131 135 135 135 132 133 131 131 133 099 115 114 116 116 126 129 127 128 127 126 092 075 077 083 082 082 083 095 097 096 106 107 112 112 113 112 107 110 113 117 118 122 131 134 130 131 128 122 127 094 064 -01 -01 -01 -01 -01 -01 -01 -01 -01 -01 -01 -01 -01 -01 -01
121 120 119 113 113 116 116 111 111 114 113 105 105 105 104 105 139 144 165 153 153 143 145 149 149 148 147 146 146 145 145 116 113 118 117 116 117 119 120 119 124 127 124 124 121 115 121 092 075 075 083 082 084 084 096 098 100 102 112 114 113 110 104 105 107 111 114 123 126 127 129 129 130 132 124 125 124 096 049 056 -01 -01 -01 -01 -01 -01 -01 -01 -01 -01 -01 -01 -01 -01
119 121 120 119 113 114 113 118 111 111 114 112 112 112 112 107 108 112 142 141 138 142 140 142 104 104 118 117 118 120 120 118 118 123 124 122 122 122 126 127 111 113 112 111 118 121 098 073 072 083 084 084 084 100 099 102 102 112 113 116 113 105 107 107 109 117 118 121 122 127 128 126 122 125 125 129 131 126 117 087 -01 -01 -01 -01 -01 -01 -01 -01 -01 -01 -01 -01 -01 -01
122 120 121 120 119 119 114 113 119 113 114 115 116 114 114 112 114 114 134 135 112 105 105 120 120 120 120 120 126 125 125 124 129 129 130 116 110 110 116 106 106 113 117 119 110 100 080 089 085 085 101 101 100 101 102 113 113 115 111 106 108 108 110 119 120 119 121 120 118 119 119 123 127 129 126 128 128 127 126 123 -01 -01 -01 -01 -01 -01 -01 -01 -01 -01 -01 -01 -01 -01
123 122 120 121 120 119 118 114 114 118 118 114 114 114 116 114 114 115 115 136 136 123 130 129 129 129 129 130 130 111 111 113 113 112 117 110 111 117 116 115 113 114 110 110 098 102 094 102 102 099 099 100 100 114 116 112 111 098 106 108 109 119 121 122 125 126 126 125 125 125 125 119 120 122 128 128 130 132 145 -01 -01 -01 -01 -01 -01 -01 -01 -01 -01 -01 -01 -01 -01 -01
125 123 122 120 121 120 119 118 114 112 112 118 118 118 115 115 114 116 118 118 132 125 125 126 105 112 112 113 113 113 118 118 109 109 113 116 118 119 119 113 110 106 104 102 103 106 100 099 100 100 116 115 116 112 115 102 107 109 110 121 121 123 122 124 126 126 126 126 125 125 125 125 125 125 158 164 159 158 -01 -01 -01 -01 -01 -01 -01 -01 -01 -01 -01 -01 -01 -01 -01 -01
125 125 123 122 120 121 119 118 119 113 113 116 116 118 118 118 116 116 114 120 114 111 114 112 114 113 118 118 109 109 115 115 112 111 111 112 115 118 119 116 116 114 105 105 105 119 118 118 117 118 112 112 114 115 106 108 124 122 124 127 126 127 126 125 123 122 122 122 122 122 122 122 122 146 -01 -01 -01 -01 -01 -01 -01 -01 -01 -01 -01 -01 -01 -01 -01 -01 -01 -01 -01 -01
127 125 123 122 122 120 122 120 120 119 119 119 113 113 115 111 118 118 116 116 116 117 117 115 116 117 116 113 112 112 112 112 112 112 115 115 116 120 122 126 124 115 115 098 096 112 113 113 114 114 115 098 102 105 125 127 127 127 131 131 131 131 131 132 126 126 126 126 126 123 123 123 122 -01 -01 -01 -01 -01 -01 -01 -01 -01 -01 -01 -01 -01 -01 -01 -01 -01 -01 -01 -01 -01
128 127 125 123 122 120 121 122 120 120 120 119 119 119 113 113 115 112 118 118 111 116 116 113 113 113 113 112 111 115 115 115 119 119 119 119 119 119 118 121 119 116 122 122 121 122 123 089 093 125 095 135 132 132 132 128 128 128 130 130 129 130 130 130 130 130 129 129 130 130 129 129 124 -01 -01 -01 -01 -01 -01 -01 -01 -01 -01 -01 -01 -01 -01 -01 -01 -01 -01 -01 -01 -01
129 128 127 125 123 122 120 121 122 122 120 121 120 120 121 119 113 113 113 113 113 113 118 118 118 118 123 120 120 120 120 120 118 118 118 118 122 122 123 121 125 124 124 122 126 126 127 127 128 128 129 129 130 130 130 132 132 132 132 135 135 132 132 132 132 132 132 130 130 130 128 129 -01 -01 -01 -01 -01 -01 -01 -01 -01 -01 -01 -01 -01 -01 -01 -01 -01 -01 -01 -01 -01 -01
134 130 127 125 125 123 122 120 120 120 122 122 121 120 120 120 120 118 118 121 121 121 121 119 119 117 119 119 119 123 123 123 123 122 125 125 124 125 125 124 121 118 124 119 117 118 131 176 155 152 150 148 146 145 144 144 134 135 135 135 135 135 135 135 135 135 135 132 132 132 130 -01 -01 -01 -01 -01 -01 -01 -01 -01 -01 -01 -01 -01 -01 -01 -01 -01 -01 -01 -01 -01 -01 -01
-01 193 132 127 125 122 121 122 122 120 120 120 122 122 121 121 120 120 119 121 120 120 121 121 124 126 124 125 124 123 123 122 122 122 123 123 124 124 124 123 120 120 117 114 114 110 110 130 114 106 157 151 150 144 144 144 144 144 143 143 143 141 141 136 136 136 136 136 135 135 -01 -01 -01 -01 -01 -01 -01 -01 -01 -01 -01 -01 -01 -01 -01 -01 -01 -01 -01 -01 -01 -01 -01 -01
-01 -01 -01 130 125 126 126 121 121 122 122 120 120 120 120 123 121 123 123 123 123 123 123 120 123 124 124 123 123 123 121 121 121 121 121 121 124 124 124 124 124 121 120 119 119 119 103 134 134 136 136 136 135 134 132 131 129 127 142 143 142 143 143 143 141 141 141 136 136 -01 -01 -01 -01 -01 -01 -01 -01 -01 -01 -01 -01 -01 -01 -01 -01 -01 -01 -01 -01 -01 -01 -01 -01 -01
-01 -01 -01 155 137 128 127 126 126 121 120 123 122 120 120 119 120 120 120 120 120 120 120 122 122 122 122 125 125 121 121 122 122 122 122 122 122 122 124 125 125 125 125 125 124 124 100 103 204 156 155 154 141 142 141 141 141 136 136 136 136 136 143 143 144 144 143 141 -01 -01 -01 -01 -01 -01 -01 -01 -01 -01 -01 -01 -01 -01 -01 -01 -01 -01 -01 -01 -01 -01 -01 -01 -01 -01
-01 -01 -01 160 148 137 128 128 126 126 121 121 120 123 122 122 122 122 122 123 123 123 120 120 122 122 121 124 124 124 124 126 126 126 126 126 126 126 126 126 126 126 126 126 126 086 088 104 175 170 164 156 153 153 152 143 143 143 140 140 140 136 136 136 136 143 143 -01 -01 -01 -01 -01 -01 -01 -01 -01 -01 -01 -01 -01 -01 -01 -01 -01 -01 -01 -01 -01 -01 -01 -01 -01 -01 -01
-01 -01 283 170 148 138 136 136 128 128 126 126 121 121 120 120 122 122 122 122 122 122 125 125 124 125 125 126 126 127 127 126 127 127 127 127 127 127 126 126 126 126 126 126 126 106 103 100 114 111 128 164 163 156 156 153 151 151 143 143 142 142 140 140 136 136 -01 -01 -01 -01 -01 -01 -01 -01 -01 -01 -01 -01 -01 -01 -01 -01 -01 -01 -01 -01 -01 -01 -01 -01 -01 -01 -01 -01
-01 301 224 188 171 150 146 138 136 128 128 127 126 126 125 125 125 125 126 126 126 126 126 126 127 126 127 127 126 126 127 128 128 127 127 127 127 127 126 126 126 126 126 126 126 096 102 076 108 125 128 129 121 163 157 156 156 153 151 149 149 143 143 142 140 -01 -01 -01 -01 -01 -01 -01 -01 -01 -01 -01 -01 -01 -01 -01 -01 -01 -01 -01 -01 -01 -01 -01 -01 -01 -01 -01 -01 -01
-01 238 220 192 171 169 150 146 138 138 136 128 129 127 127 127 127 127 129 129 129 129 129 129 129 128 130 129 129 129 129 129 126 126 127 126 116 116 104 104 104 104 098 100 116 082 080 092 092 039 154 148 148 130 128 167 157 156 156 153 151 148 143 -01 -01 -01 -01 -01 -01 -01 -01 -01 -01 -01 -01 -01 -01 -01 -01 -01 -01 -01 -01 -01 -01 -01 -01 -01 -01 -01 -01 -01 -01 -01
-01 -01 218 194 189 172 168 151 146 146 139 135 135 135 135 135 135 135 135 135 135 135 134 134 134 134 133 133 133 133 133 134 133 134 134 158 108 110 111 119 119 119 117 116 113 091 112 111 110 154 153 159 155 148 148 145 145 159 157 155 153 149 -01 -01 -01 -01 -01 -01 -01 -01 -01 -01 -01 -01 -01 -01 -01 -01 -01 -01 -01 -01 -01 -01 -01 -01 -01 -01 -01 -01 -01 -01 -01 -01
-01 -01 -01 196 189 173 167 167 151 151 146 139 139 139 139 138 138 138 138 136 136 136 136 136 136 136 136 136 136 136 136 102 167 175 174 191 173 163 159 120 123 125 127 127 129 102 108 111 112 151 151 126 152 151 155 155 148 145 144 155 -01 -01 -01 -01 -01 -01 -01 -01 -01 -01 -01 -01 -01 -01 -01 -01 -01 -01 -01 -01 -01 -01 -01 -01 -01 -01 -01 -01 -01 -01 -01 -01 -01 -01
-01 -01 -01 -01 -01 188 174 167 166 152 151 151 146 146 145 145 145 140 140 140 140 139 139 139 139 139 138 138 138 105 189 152 149 098 175 191 177 199 164 158 152 152 148 148 133 155 145 140 140 167 143 144 151 150 132 151 155 148 -01 -01 -01 -01 -01 -01 -01 -01 -01 -01 -01 -01 -01 -01 -01 -01 -01 -01 -01 -01 -01 -01 -01 -01 -01 -01 -01 -01 -01 -01 -01 -01 -01 -01 -01 -01
294 -01 -01 -01 251 193 191 172 168 165 153 153 152 150 150 150 146 146 146 145 145 144 144 144 144 140 140 141 138 097 090 067 167 -01 -01 -01 315 202 170 169 164 158 158 152 112 057 111 110 131 135 121 118 117 118 118 153 -01 -01 -01 -01 -01 -01 -01 -01 -01 -01 -01 -01 -01 -01 -01 -01 -01 -01 -01 -01 -01 -01 -01 -01 -01 -01 -01 -01 -01 -01 -01 -01 -01 -01 -01 -01 -01 -01
293 303 -01 -01 241 204 190 175 121 178 174 175 170 174 192 166 152 152 150 150 146 146 147 147 145 145 145 146 143 059 068 074 120 -01 -01 292 345 080 195 174 168 164 159 159 155 118 113 118 154 142 142 142 128 128 128 -01 -01 -01 -01 -01 -01 -01 -01 -01 -01 -01 -01 -01 -01 -01 -01 -01 -01 -01 -01 -01 -01 -01 -01 -01 -01 -01 -01 -01 -01 -01 -01 -01 -01 -01 -01 -01 -01 -01
268 280 273 281 212 204 195 120 136 142 178 174 175 170 194 169 169 164 154 154 153 153 150 150 147 147 146 146 146 075 086 088 041 359 354 327 346 092 108 110 173 168 164 163 158 124 123 123 344 027 040 046 047 093 087 -01 -01 -01 -01 -01 -01 -01 -01 -01 -01 -01 -01 -01 -01 -01 -01 -01 -01 -01 -01 -01 -01 -01 -01 -01 -01 -01 -01 -01 -01 -01 -01 -01 -01 -01 -01 -01 -01 -01
264 239 235 228 215 202 181 133 131 191 148 174 175 175 252 209 178 168 164 163 163 155 154 153 153 150 148 148 094 165 006 042 296 000 012 350 093 109 122 121 122 125 125 118 159 131 044 023 030 110 103 100 100 101 071 -01 -01 -01 -01 -01 -01 -01 -01 -01 -01 -01 -01 -01 -01 -01 -01 -01 -01 -01 -01 -01 -01 -01 -01 -01 -01 -01 -01 -01 -01 -01 -01 -01 -01 -01 -01 -01 -01 -01
241 237 230 222 215 208 185 156 149 149 113 154 174 171 232 195 202 181 173 167 165 163 162 155 154 154 152 152 151 144 128 102 357 032 116 111 123 125 126 126 127 127 127 133 133 111 135 123 134 059 059 064 066 066 100 -01 -01 -01 -01 -01 -01 -01 -01 -01 -01 -01 -01 -01 -01 -01 -01 -01 -01 -01 -01 -01 -01 -01 -01 -01 -01 -01 -01 -01 -01 -01 -01 -01 -01 -01 -01 -01 -01 -01
236 230 222 222 205 172 146 031 161 157 149 147 154 176 228 196 192 182 174 182 196 166 163 162 162 156 155 154 154 149 149 148 137 123 137 136 135 135 135 135 135 135 135 135 135 083 046 051 054 115 110 108 107 107 101 -01 -01 -01 -01 -01 -01 -01 -01 -01 -01 -01 -01 -01 -01 -01 -01 -01 -01 -01 -01 -01 -01 -01 -01 -01 -01 -01 -01 -01 -01 -01 -01 -01 -01 -01 -01 -01 -01 -01
230 230 223 215 212 192 152 151 141 162 156 149 149 142 195 233 198 192 181 238 206 193 169 166 163 162 161 155 155 156 154 155 148 148 147 147 138 138 138 139 139 139 139 139 137 136 127 124 124 125 115 115 115 116 -01 -01 -01 -01 -01 -01 -01 -01 -01 -01 -01 -01 -01 -01 -01 -01 -01 -01 -01 -01 -01 -01 -01 -01 -01 -01 -01 -01 -01 -01 -01 -01 -01 -01 -01 -01 -01 -01 -01 -01
223 223 222 215 174 151 205 158 151 151 164 157 156 149 194 203 198 191 184 246 206 194 190 171 166 166 163 158 161 158 157 157 155 154 154 149 148 147 147 146 146 145 145 139 140 139 139 139 135 135 135 135 125 123 -01 -01 -01 -01 -01 -01 -01 -01 -01 -01 -01 -01 -01 -01 -01 -01 -01 -01 -01 -01 -01 -01 -01 -01 -01 -01 -01 -01 -01 -01 -01 -01 -01 -01 -01 -01 -01 -01 -01 -01
223 221 215 206 193 127 127 123 157 158 149 149 157 155 259 207 198 191 248 248 209 194 191 173 171 168 166 159 159 160 168 160 161 157 155 154 154 154 149 150 151 149 146 146 145 145 140 140 140 139 139 139 134 -01 -01 -01 -01 -01 -01 -01 -01 -01 -01 -01 -01 -01 -01 -01 -01 -01 -01 -01 -01 -01 -01 -01 -01 -01 -01 -01 -01 -01 -01 -01 -01 -01 -01 -01 -01 -01 -01 -01 -01 -01
221 216 214 205 191 127 069 061 117 116 159 151 179 -01 207 204 198 191 249 246 210 194 191 187 174 171 168 160 159 157 164 168 161 161 160 156 156 156 154 153 149 150 152 149 148 146 146 144 144 140 141 139 -01 -01 -01 -01 -01 -01 -01 -01 -01 -01 -01 -01 -01 -01 -01 -01 -01 -01 -01 -01 -01 -01 -01 -01 -01 -01 -01 -01 -01 -01 -01 -01 -01 -01 -01 -01 -01 -01 -01 -01 -01 -01
216 214 206 203 189 166 126 050 051 057 110 -01 -01 -01 -01 -01 -01 246 246 244 213 194 191 188 175 173 171 164 157 158 161 163 167 163 162 160 158 158 157 157 155 153 153 150 152 149 149 149 145 144 142 -01 -01 -01 -01 -01 -01 -01 -01 -01 -01 -01 -01 -01 -01 -01 -01 -01 -01 -01 -01 -01 -01 -01 -01 -01 -01 -01 -01 -01 -01 -01 -01 -01 -01 -01 -01 -01 -01 -01 -01 -01 -01 -01
216 214 206 203 189 165 154 108 064 065 065 -01 -01 -01 -01 -01 -01 256 257 236 197 194 191 188 186 175 173 169 162 163 163 162 159 168 165 165 163 160 158 159 159 159 155 154 154 152 153 153 148 142 -01 -01 -01 -01 -01 -01 -01 -01 -01 -01 -01 -01 -01 -01 -01 -01 -01 -01 -01 -01 -01 -01 -01 -01 -01 -01 -01 -01 -01 -01 -01 -01 -01 -01 -01 -01 -01 -01 -01 -01 -01 -01 -01 -01
216 213 206 202 190 185 166 159 121 126 045 054 -01 -01 -01 -01 262 298 280 232 203 194 191 188 186 176 174 171 166 162 165 161 161 161 158 168 165 162 159 159 160 161 159 155 155 156 152 152 -01 -01 -01 -01 -01 -01 -01 -01 -01 -01 -01 -01 -01 -01 -01 -01 -01 -01 -01 -01 -01 -01 -01 -01 -01 -01 -01 -01 -01 -01 -01 -01 -01 -01 -01 -01 -01 -01 -01 -01 -01 -01 -01 -01 -01 -01
215 213 207 203 191 190 183 167 164 147 111 104 -01 -01 -01 -01 292 258 237 230 204 198 197 191 188 184 175 173 168 163 168 164 165 160 160 160 169 165 164 160 159 161 160 158 154 156 -01 -01 -01 -01 -01 -01 -01 -01 -01 -01 -01 -01 -01 -01 -01 -01 -01 -01 -01 -01 -01 -01 -01 -01 -01 -01 -01 -01 -01 -01 -01 -01 -01 -01 -01 -01 -01 -01 -01 -01 -01 -01 -01 -01 -01 -01 -01 -01
