ashley_2/OUTPUT/raster.toa
north:    392658.625000
south:    384678.625000
east:     169279.328125
west:     157819.328125
rows:     266
cols:     382
[rows 104 to 129 of 266, columns 120 to 179 of 382]
-0001.000 -0001.000 -0001.000 -0001.000 -0001.000 -0001.000 -0001.000 -0001.000 -0001.000 -0001.000 -0001.000 -0001.000 00021.874 00021.178 00020.274 00019.591 00019.106 00018.560 00018.222 00017.810 00017.624 00017.576 00017.542 00017.520 00017.506 00017.502 00017.500 00017.502 00017.504 00017.500 00017.495 00017.495 00017.497 00017.500 00017.501 00017.504 00017.507 00017.515 00017.525 00017.534 00017.545 00017.557 00017.566 00017.586 00017.730 00017.873 00018.089 00018.290 00018.475 00018.461 00018.572 00018.679 00018.791 00018.947 00018.964 00018.807 00018.772 00018.794 00018.928 00018.988
-0001.000 -0001.000 -0001.000 -0001.000 -0001.000 -0001.000 -0001.000 -0001.000 -0001.000 -0001.000 -0001.000 -0001.000 00021.784 00021.085 00020.129 00019.486 00018.879 00018.215 00017.821 00017.585 00017.528 00017.486 00017.458 00017.440 00017.434 00017.432 00017.433 00017.436 00017.435 00017.428 00017.427 00017.429 00017.432 00017.433 00017.436 00017.439 00017.447 00017.458 00017.467 00017.478 00017.491 00017.500 00017.512 00017.531 00017.598 00017.858 00018.090 00018.315 00018.213 00018.236 00018.361 00018.523 00018.703 00018.859 00018.626 00018.497 00018.481 00018.644 00018.699 00018.703
-0001.000 -0001.000 -0001.000 -0001.000 -0001.000 -0001.000 -0001.000 -0001.000 -0001.000 -0001.000 -0001.000 -0001.000 00021.794 00021.084 00020.101 00019.404 00018.760 00018.003 00017.580 00017.486 00017.434 00017.398 00017.376 00017.367 00017.364 00017.365 00017.368 00017.369 00017.362 00017.359 00017.360 00017.364 00017.365 00017.368 00017.371 00017.379 00017.390 00017.400 00017.412 00017.424 00017.433 00017.446 00017.466 00017.489 00017.556 00017.810 00018.107 00018.032 00017.948 00018.027 00018.196 00018.415 00018.609 00018.716 00018.305 00018.208 00018.361 00018.410 00018.431 00018.460
-0001.000 -0001.000 -0001.000 -0001.000 -0001.000 -0001.000 -0001.000 -0001.000 -0001.000 -0001.000 -0001.000 -0001.000 00021.953 00021.223 00020.295 00019.487 00018.724 00017.881 00017.474 00017.388 00017.341 00017.314 00017.300 00017.296 00017.297 00017.300 00017.303 00017.295 00017.291 00017.292 00017.296 00017.298 00017.300 00017.303 00017.311 00017.322 00017.332 00017.345 00017.358 00017.367 00017.381 00017.401 00017.435 00017.477 00017.629 00017.908 00017.998 00017.847 00017.850 00017.879 00018.078 00018.304 00018.515 00018.366 00018.122 00018.121 00018.148 00018.197 00018.143 00018.231
-0001.000 -0001.000 -0001.000 -0001.000 -0001.000 -0001.000 -0001.000 -0001.000 -0001.000 -0001.000 -0001.000 -0001.000 -0001.000 -0001.000 -0001.000 -0001.000 00021.109 00019.549 00017.371 00017.292 00017.253 00017.232 00017.228 00017.228 00017.231 00017.236 00017.229 00017.223 00017.225 00017.227 00017.230 00017.233 00017.235 00017.243 00017.253 00017.263 00017.277 00017.290 00017.299 00017.315 00017.339 00017.383 00017.427 00017.474 00017.639 00017.857 00017.780 00017.785 00017.807 00017.857 00017.965 00018.192 00018.468 00018.129 00017.994 00017.940 00017.943 00017.888 00017.914 00018.065
-0001.000 -0001.000 -0001.000 -0001.000 -0001.000 -0001.000 -0001.000 -0001.000 -0001.000 -0001.000 -0001.000 -0001.000 -0001.000 -0001.000 -0001.000 -0001.000 -0001.000 00018.595 00017.267 00017.199 00017.170 00017.161 00017.160 00017.162 00017.168 00017.163 00017.156 00017.157 00017.159 00017.162 00017.165 00017.167 00017.175 00017.185 00017.195 00017.209 00017.222 00017.232 00017.246 00017.288 00017.333 00017.380 00017.437 00017.495 00017.589 00017.707 00017.717 00017.774 00017.831 00017.887 00017.983 00018.172 00018.357 00018.001 00017.880 00017.812 00017.772 00017.714 00017.768 00017.917
-0001.000 -0001.000 -0001.000 -0001.000 -0001.000 -0001.000 -0001.000 -0001.000 -0001.000 -0001.000 -0001.000 -0001.000 -0001.000 -0001.000 -0001.000 -0001.000 -0001.000 00019.233 00017.162 00017.110 00017.094 00017.092 00017.094 00017.099 00017.099 00017.090 00017.089 00017.091 00017.094 00017.097 00017.100 00017.107 00017.117 00017.127 00017.141 00017.154 00017.164 00017.188 00017.241 00017.303 00017.364 00017.426 00017.605 00017.644 00017.658 00017.716 00017.774 00017.833 00017.892 00017.951 00018.010 00018.085 00018.182 00017.890 00017.777 00017.717 00017.675 00017.652 00017.681 00017.708
-0001.000 -0001.000 -0001.000 -0001.000 -0001.000 -0001.000 -0001.000 -0001.000 -0001.000 -0001.000 -0001.000 -0001.000 -0001.000 -0001.000 -0001.000 -0001.000 -0001.000 00019.087 00017.055 00017.027 00017.025 00017.026 00017.031 00017.032 00017.024 00017.021 00017.023 00017.026 00017.028 00017.031 00017.038 00017.049 00017.059 00017.073 00017.086 00017.096 00017.107 00017.190 00017.541 00017.575 00017.573 00017.557 00017.677 00017.845 00017.844 00017.862 00017.907 00017.929 00017.959 00018.005 00018.067 00018.131 00017.953 00017.779 00017.676 00017.627 00017.604 00017.599 00017.604 00017.616
-0001.000 -0001.000 -0001.000 -0001.000 -0001.000 -0001.000 -0001.000 -0001.000 -0001.000 -0001.000 -0001.000 -0001.000 -0001.000 -0001.000 -0001.000 -0001.000 00020.134 00018.047 00016.854 00016.818 00016.817 00016.830 00016.851 00016.825 00016.789 00016.796 00016.812 00016.818 00016.831 00016.856 00016.907 00016.958 00017.004 00017.018 00017.028 00017.036 00017.171 00017.196 00017.197 00017.219 00017.185 00017.258 00017.436 00017.712 00017.862 00017.840 00017.864 00017.876 00017.926 00018.162 00018.389 00018.196 00017.861 00017.667 00017.578 00017.541 00017.540 00017.553 00017.570 00017.610
-0001.000 -0001.000 -0001.000 -0001.000 -0001.000 -0001.000 -0001.000 -0001.000 -0001.000 -0001.000 -0001.000 -0001.000 -0001.000 -0001.000 -0001.000 -0001.000 00018.754 00016.653 00016.535 00016.525 00016.532 00016.558 00016.545 00016.511 00016.494 00016.504 00016.515 00016.525 00016.543 00016.594 00016.646 00016.706 00016.767 00016.815 00016.853 00016.899 00016.969 00017.008 00017.017 00017.012 00017.009 00017.055 00017.344 00017.629 00017.766 00017.827 00017.819 00017.792 00017.844 00018.029 00017.999 00018.002 00017.826 00017.551 00017.484 00017.474 00017.489 00017.521 00017.570 00017.617
-0001.000 -0001.000 -0001.000 -0001.000 -0001.000 -0001.000 -0001.000 -0001.000 -0001.000 -0001.000 -0001.000 -0001.000 -0001.000 -0001.000 -0001.000 -0001.000 00018.562 00016.277 00016.237 00016.239 00016.255 00016.259 00016.238 00016.196 00016.203 00016.216 00016.225 00016.235 00016.287 00016.340 00016.400 00016.457 00016.505 00016.543 00016.587 00016.656 00016.725 00016.791 00016.759 00016.735 00016.748 00016.945 00017.257 00017.539 00017.813 00017.644 00017.572 00017.588 00017.658 00017.689 00017.664 00017.705 00017.703 00017.435 00017.411 00017.424 00017.476 00017.529 00017.585 00017.642
-0001.000 -0001.000 -0001.000 -0001.000 -0001.000 -0001.000 -0001.000 -0001.000 -0001.000 -0001.000 -0001.000 -0001.000 -0001.000 -0001.000 -0001.000 00021.693 00017.515 00015.970 00015.965 00015.969 00015.987 00015.973 00015.955 00015.937 00015.944 00015.953 00015.959 00015.986 00016.037 00016.099 00016.156 00016.201 00016.239 00016.279 00016.348 00016.415 00016.496 00016.466 00016.442 00016.436 00016.505 00016.786 00017.155 00017.472 00017.342 00017.233 00017.195 00017.275 00017.390 00017.329 00017.351 00017.343 00017.362 00017.344 00017.392 00017.451 00017.512 00017.584 00017.574 00017.587
-0001.000 -0001.000 -0001.000 -0001.000 -0001.000 -0001.000 -0001.000 -0001.000 -0001.000 -0001.000 -0001.000 -0001.000 -0001.000 -0001.000 -0001.000 00021.412 00016.857 00015.784 00015.773 00015.774 00015.788 00015.786 00015.773 00015.751 00015.753 00015.762 00015.769 00015.786 00015.830 00015.879 00015.924 00015.957 00015.980 00016.045 00016.109 00016.186 00016.184 00016.154 00016.133 00016.144 00016.331 00016.754 00017.160 00017.092 00016.867 00016.724 00016.795 00017.002 00017.044 00017.006 00017.035 00017.025 00017.128 00017.269 00017.422 00017.529 00017.525 00017.505 00017.515 00017.567
-0001.000 -0001.000 -0001.000 -0001.000 -0001.000 -0001.000 -0001.000 -0001.000 -0001.000 -0001.000 -0001.000 -0001.000 -0001.000 -0001.000 -0001.000 00021.480 00016.849 00015.603 00015.583 00015.582 00015.589 00015.600 00015.587 00015.569 00015.561 00015.571 00015.577 00015.588 00015.633 00015.677 00015.725 00015.759 00015.787 00015.838 00015.894 00015.948 00015.928 00015.911 00015.900 00015.957 00016.246 00016.708 00016.737 00016.429 00016.103 00016.155 00016.369 00016.505 00016.436 00016.545 00016.546 00016.695 00016.924 00017.117 00017.252 00017.388 00017.429 00017.473 00017.528 00017.583
-0001.000 -0001.000 -0001.000 -0001.000 -0001.000 -0001.000 -0001.000 -0001.000 -0001.000 -0001.000 -0001.000 -0001.000 -0001.000 -0001.000 -0001.000 00021.637 00017.037 00015.410 00015.395 00015.390 00015.393 00015.410 00015.401 00015.387 00015.371 00015.378 00015.387 00015.399 00015.432 00015.475 00015.521 00015.558 00015.589 00015.635 00015.691 00015.754 00015.747 00015.733 00015.722 00015.736 00015.905 00015.938 00016.300 00015.866 00015.842 00015.878 00015.981 00016.004 00015.962 00016.044 00016.168 00016.438 00016.711 00016.849 00017.033 00017.207 00017.406 00017.499 00017.546 00017.603
-0001.000 -0001.000 -0001.000 -0001.000 -0001.000 -0001.000 -0001.000 -0001.000 -0001.000 -0001.000 -0001.000 -0001.000 -0001.000 -0001.000 -0001.000 00019.988 00017.010 00015.226 00015.208 00015.197 00015.199 00015.211 00015.212 00015.201 00015.187 00015.188 00015.196 00015.205 00015.229 00015.268 00015.312 00015.351 00015.387 00015.429 00015.486 00015.548 00015.564 00015.551 00015.541 00015.536 00015.555 00015.582 00015.663 00015.620 00015.654 00015.688 00015.719 00015.734 00015.753 00015.767 00015.883 00016.152 00016.297 00016.499 00016.757 00017.034 00017.233 00017.404 00017.551 00017.583
-0001.000 -0001.000 -0001.000 -0001.000 -0001.000 -0001.000 -0001.000 -0001.000 -0001.000 -0001.000 -0001.000 -0001.000 -0001.000 -0001.000 00020.237 00017.773 00016.195 00015.042 00015.022 00015.008 00015.005 00015.012 00015.023 00015.010 00014.998 00014.992 00015.000 00015.008 00015.025 00015.059 00015.101 00015.142 00015.179 00015.220 00015.278 00015.340 00015.381 00015.363 00015.354 00015.350 00015.363 00015.379 00015.398 00015.426 00015.459 00015.496 00015.533 00015.559 00015.588 00015.603 00015.655 00015.745 00015.986 00016.255 00016.531 00016.751 00017.014 00017.245 00017.484 00017.481
-0001.000 -0001.000 -0001.000 -0001.000 -0001.000 -0001.000 -0001.000 -0001.000 -0001.000 -0001.000 -0001.000 -0001.000 -0001.000 -0001.000 00019.166 00015.119 00014.902 00014.898 00014.879 00014.863 00014.852 00014.851 00014.859 00014.861 00014.848 00014.841 00014.843 00014.853 00014.859 00014.876 00014.906 00014.942 00014.974 00015.009 00015.070 00015.131 00015.195 00015.175 00015.165 00015.161 00015.168 00015.187 00015.206 00015.232 00015.266 00015.303 00015.343 00015.379 00015.423 00015.450 00015.500 00015.542 00015.765 00016.042 00016.176 00016.493 00016.818 00017.120 00017.330 00017.415
-0001.000 -0001.000 -0001.000 -0001.000 -0001.000 00021.730 00021.274 -0001.000 -0001.000 -0001.000 -0001.000 00021.844 -0001.000 -0001.000 00018.932 00014.805 00014.751 00014.751 00014.744 00014.725 00014.708 00014.698 00014.698 00014.706 00014.702 00014.689 00014.688 00014.696 00014.703 00014.709 00014.730 00014.758 00014.792 00014.829 00014.881 00014.932 00014.987 00014.991 00014.981 00014.976 00014.977 00014.993 00015.012 00015.039 00015.072 00015.110 00015.148 00015.191 00015.239 00015.288 00015.340 00015.386 00015.529 00015.666 00016.048 00016.360 00016.629 00016.905 00017.163 00017.402
-0001.000 -0001.000 -0001.000 -0001.000 -0001.000 00021.379 00020.651 00019.894 00020.377 00019.662 00019.197 00018.950 00019.593 00019.667 00018.400 00014.833 00014.607 00014.600 00014.597 00014.588 00014.570 00014.554 00014.545 00014.546 00014.551 00014.545 00014.538 00014.537 00014.545 00014.552 00014.561 00014.583 00014.612 00014.648 00014.693 00014.748 00014.801 00014.866 00014.844 00014.835 00014.830 00014.833 00014.851 00014.872 00014.900 00014.928 00014.960 00014.996 00015.045 00015.103 00015.164 00015.223 00015.307 00015.523 00015.865 00016.065 00016.368 00016.703 00017.042 00017.289
-0001.000 -0001.000 -0001.000 -0001.000 00021.861 00021.180 00020.328 00019.615 00019.081 00018.393 00017.771 00017.427 00017.775 00017.183 00016.543 00015.321 00014.468 00014.455 00014.445 00014.441 00014.431 00014.414 00014.401 00014.393 00014.391 00014.396 00014.393 00014.387 00014.386 00014.395 00014.402 00014.413 00014.436 00014.468 00014.511 00014.566 00014.618 00014.684 00014.720 00014.698 00014.686 00014.682 00014.690 00014.713 00014.739 00014.767 00014.799 00014.835 00014.875 00014.925 00014.989 00015.061 00015.147 00015.325 00015.527 00015.897 00016.214 00016.539 00016.906 00017.202
-0001.000 -0001.000 -0001.000 -0001.000 00021.709 00021.032 00020.058 00019.449 00018.835 00018.101 00017.455 00016.966 00015.904 00015.369 00014.874 00014.476 00014.332 00014.316 00014.301 00014.290 00014.284 00014.272 00014.259 00014.247 00014.240 00014.237 00014.244 00014.241 00014.237 00014.237 00014.245 00014.251 00014.265 00014.293 00014.331 00014.380 00014.433 00014.496 00014.584 00014.576 00014.550 00014.538 00014.534 00014.551 00014.577 00014.606 00014.637 00014.673 00014.712 00014.762 00014.828 00014.901 00014.997 00015.143 00015.401 00015.781 00016.122 00016.448 00016.774 00017.084
-0001.000 -0001.000 -0001.000 -0001.000 00021.594 00020.866 00019.914 00019.291 00018.617 00017.881 00017.194 00016.313 00015.724 00015.188 00014.721 00014.326 00014.199 00014.180 00014.163 00014.148 00014.137 00014.127 00014.115 00014.104 00014.092 00014.085 00014.084 00014.089 00014.087 00014.086 00014.088 00014.091 00014.098 00014.120 00014.152 00014.193 00014.247 00014.309 00014.395 00014.465 00014.431 00014.401 00014.390 00014.387 00014.413 00014.441 00014.473 00014.511 00014.550 00014.597 00014.661 00014.739 00014.832 00015.054 00015.356 00015.779 00015.999 00016.262 00016.578 00016.933
-0001.000 -0001.000 -0001.000 -0001.000 00021.425 00020.656 00019.821 00019.179 00018.429 00017.673 00017.015 00016.018 00015.423 00014.918 00014.604 00014.230 00014.071 00014.049 00014.029 00014.012 00013.999 00013.992 00013.987 00013.980 00013.974 00013.968 00013.965 00013.965 00013.967 00013.968 00013.967 00013.966 00013.967 00013.974 00013.988 00014.012 00014.062 00014.122 00014.206 00014.317 00014.326 00014.286 00014.254 00014.242 00014.247 00014.273 00014.308 00014.346 00014.386 00014.431 00014.492 00014.573 00014.669 00014.987 00015.389 00015.552 00015.860 00016.172 00016.395 00016.708
-0001.000 -0001.000 -0001.000 00021.972 00021.273 00020.417 00019.660 00019.086 00018.299 00017.537 00016.737 00015.850 00015.286 00014.797 00014.407 00014.011 00013.973 00013.960 00013.950 00013.939 00013.930 00013.923 00013.916 00013.910 00013.902 00013.896 00013.891 00013.888 00013.888 00013.890 00013.890 00013.889 00013.887 00013.890 00013.899 00013.913 00013.931 00013.964 00014.020 00014.125 00014.248 00014.193 00014.142 00014.108 00014.093 00014.105 00014.139 00014.179 00014.221 00014.263 00014.322 00014.403 00014.506 00014.791 00015.043 00015.432 00015.728 00015.979 00016.249 00016.555
-0001.000 -0001.000 -0001.000 00021.871 00021.167 00020.264 00019.539 00018.898 00018.137 00017.453 00016.606 00015.753 00015.143 00014.704 00014.318 00013.953 00013.909 00013.897 00013.885 00013.874 00013.863 00013.854 00013.847 00013.839 00013.833 00013.824 00013.818 00013.813 00013.811 00013.810 00013.812 00013.812 00013.811 00013.810 00013.814 00013.823 00013.837 00013.861 00013.904 00013.960 00014.074 00014.126 00014.062 00013.997 00013.980 00013.971 00013.984 00014.009 00014.051 00014.095 00014.153 00014.233 00014.337 00014.483 00014.935 00015.249 00015.524 00015.833 00016.135 00016.237
