helipistas/1493500825_143_365/INPUT/LCP/Aspect.asc
ncols        161
nrows        216
xllcorner    473230.104338547797
yllcorner    4606450.711504123174
cellsize     100.000000000000
NODATA_value  -9999
[rows 0 to 19 of 216, columns 0 to 45 of 161]
-9999.0 -9999 90 90 90 90 90 90 90 270 270 270 270 270 90 90 90 90 90 90 90 270 90 90 90 90 -9999 90 90 270 270 270 270 90 90 90 270 270 90 90 90 270 270 90 90 90
-9999 161.5650482177734375 140.440338134765625 97.71189117431640625 101.437255859375 103.86103057861328125 102.4499969482421875 99.09027862548828125 89.309722900390625 232.5946502685546875 239.8756866455078125 223.6196441650390625 209.6871795654296875 208.3611907958984375 150.5615081787109375 141.4830780029296875 299.05462646484375 31.67546844482421875 20.63755035400390625 28.113208770751953125 67.7509765625 171.869903564453125 141.170166015625 119.93151092529296875 120.9637603759765625 101.3099365234375 135 6.3401947021484375 0 329.47027587890625 321.581939697265625 315 177.51043701171875 166.607513427734375 196.189208984375 240.9453887939453125 274.398712158203125 225 129.559661865234375 105.10109710693359375 111.8014068603515625 228.1798248291015625 225 161.5650482177734375 131.3086090087890625 137.202606201171875
-9999 198.4349517822265625 143.53076171875 97.40691375732421875 100.82745361328125 104.215850830078125 102.771240234375 103.24051666259765625 89.2926788330078125 135 222.4552001953125 206.83404541015625 207.204010009765625 205.953369140625 165.0332794189453125 215.537689208984375 279.162353515625 358.7811279296875 359.255950927734375 46.52752685546875 81.17961883544921875 131.90594482421875 164.98162841796875 149.9314117431640625 135 108.4349517822265625 108.4349517822265625 293.1986083984375 323.130096435546875 341.5650634765625 335.854461669921875 66.8014068603515625 123.31063079833984375 161.5650482177734375 228.468231201171875 261.869903564453125 45 175.601287841796875 132.137603759765625 105.572540283203125 111.8014068603515625 225 221.8201751708984375 146.3099365234375 129.6441802978515625 144.865814208984375
-9999 -9999 90 90 90 90 90 90 90 90 270 270 270 270 90 270 270 270 270 90 90 90 -9999 -9999 90 90 90 270 270 270 270 90 90 90 270 270 90 90 90 90 90 270 270 90 90 90
-9999 143.74615478515625 158.886505126953125 118.6104583740234375 105.01836395263671875 82.9987335205078125 54.272602081298828125 26.565052032470703125 43.781124114990234375 25.3461761474609375 1.33222198486328125 171.869903564453125 225 214.114471435546875 203.1985931396484375 274.398712158203125 281.611480712890625 180 180 120.7740325927734375 103.35533905029296875 105.642242431640625 164.744873046875 169.9920196533203125 168.6900634765625 168.6900634765625 176.633544921875 248.498565673828125 247.6198577880859375 177.709381103515625 178.66778564453125 146.5921783447265625 127.09283447265625 144.4623260498046875 249.9047698974609375 234.7275848388671875 166.3286895751953125 167.0053863525390625 156.037506103515625 113.7494964599609375 100.0079803466796875 251.5650482177734375 225 128.2901611328125 106.189208984375 90
-9999 120.9637603759765625 139.91656494140625 128.6598052978515625 110.77225494384765625 73.07248687744140625 29.291362762451171875 29.74488067626953125 50.389312744140625 34.380344390869140625 49.864513397216796875 97.8152923583984375 207.645965576171875 199.536651611328125 241.699249267578125 273.10601806640625 286.3895263671875 110.5560455322265625 143.972625732421875 125.2475738525390625 106.27967071533203125 110.22486114501953125 140.710601806640625 152.10272216796875 168.6900634765625 168.6900634765625 196.3895416259765625 249.623565673828125 244.9831085205078125 142.765167236328125 156.1612548828125 155.92449951171875 148.4957275390625 188.130096435546875 240.9453887939453125 222.95458984375 163.44293212890625 164.2488250732421875 167.47119140625 126.25383758544921875 105.25511932373046875 225 198.4349517822265625 131.4236602783203125 113.1985931396484375 90
-9999 125.5376739501953125 135 126.3843536376953125 107.52556610107421875 120.9637603759765625 101.3099365234375 72.89727020263671875 70.40771484375 55.12467193603515625 69.145538330078125 79.2156982421875 281.3099365234375 201.037506103515625 247.1094512939453125 235.5518035888671875 194.6012725830078125 160.2011260986328125 159.28582763671875 152.7446746826171875 127.234832763671875 135 143.74615478515625 139.763641357421875 164.744873046875 161.5650482177734375 210.9637451171875 229.763641357421875 206.5650482177734375 152.3540191650390625 143.74615478515625 149.0362396240234375 164.744873046875 240.9453887939453125 210.9637451171875 193.6713104248046875 168.6900634765625 167.0053863525390625 173.6598052978515625 153.4349517822265625 153.4349517822265625 186.3401947021484375 188.130096435546875 122.47119140625 74.74488067626953125 0
-9999 168.6900634765625 149.0362396240234375 141.8427734375 118.6104583740234375 135 108.4349517822265625 51.340190887451171875 66.8014068603515625 59.470294952392578125 72.2553253173828125 80.90972137451171875 83.6598052978515625 145.304840087890625 234.865814208984375 218.911468505859375 186.2344818115234375 162.672088623046875 161.85443115234375 170.25634765625 156.317901611328125 161.5650482177734375 149.0362396240234375 145.304840087890625 174.805572509765625 173.6598052978515625 191.3099365234375 195.255126953125 185.710601806640625 166.607513427734375 161.5650482177734375 168.6900634765625 212.47119140625 245.5560455322265625 139.0856170654296875 160.6410064697265625 176.1859283447265625 175.601287841796875 173.6598052978515625 165.9637451171875 170.537689208984375 198.4349517822265625 203.1985931396484375 171.869903564453125 18.4349517822265625 0
-9999 134.045166015625 154.440032958984375 160.3461761474609375 163.6104583740234375 177.709381103515625 177.768829345703125 176.8004608154296875 152.727630615234375 153.121856689453125 143.38323974609375 124.1769866943359375 156.8014068603515625 127.8749847412109375 251.5650482177734375 225 182.726318359375 144.4623260498046875 78.6900634765625 23.1985931396484375 96.3401947021484375 167.0053863525390625 173.6598052978515625 11.30992889404296875 334.440032958984375 346.26373291015625 9.46231842041015625 25.0168914794921875 18.4349517822265625 28.300754547119140625 45 0 251.5650482177734375 203.1985931396484375 128.2901611328125 104.743560791015625 -9999 -9999 348.6900634765625 0 3.36646270751953125 338.962493896484375 324.462310791015625 315 315 45
-9999 143.9149322509765625 146.8886566162109375 150.255126953125 154.7988739013671875 176.1859283447265625 176.2847137451171875 173.2695159912109375 155.6096954345703125 159.702423095703125 166.087493896484375 153.8531494140625 193.392486572265625 215.537689208984375 225 193.5704345703125 177.273681640625 203.1985931396484375 288.4349365234375 52.1250152587890625 92.12109375 145.304840087890625 235.304840087890625 291.037506103515625 304.875335693359375 323.74615478515625 26.565052032470703125 48.576335906982421875 29.05460357666015625 45 61.69924163818359375 0 108.4349517822265625 156.8014068603515625 149.0362396240234375 119.05460357666015625 -9999 -9999 294.4439697265625 330.255126953125 10.0079803466796875 4.39870452880859375 8.13010406494140625 315 341.5650634765625 71.5650482177734375
-9999 90 90 90 90 90 90 90 90 90 -9999 -9999 270 270 -9999 90 90 270 270 90 90 90 270 270 270 270 90 90 90 90 90 -9999 90 90 90 90 -9999 -9999 270 270 90 90 90 270 -9999 90
-9999 119.05460357666015625 136.4687957763671875 139.5139923095703125 135 167.38067626953125 168.388519287109375 165.5792236328125 132.4552001953125 103.5704345703125 323.130096435546875 343.300750732421875 357.61407470703125 357.137603759765625 0 354.559661865234375 355.76361083984375 346.522186279296875 346.7335205078125 10.95406341552734375 16.189208984375 5.5275421142578125 358.9190673828125 358.363433837890625 318.416595458984375 329.972869873046875 15.64225006103515625 26.98023223876953125 13.276397705078125 19.3978118896484375 25.25316619873046875 7.30576324462890625 49.9697418212890625 90 251.5650482177734375 347.00537109375 357.273681640625 357.51043701171875 326.888671875 332.354034423828125 11.30992889404296875 8.13010406494140625 7.4314117431640625 3.012786865234375 21.8014068603515625 23.1985931396484375
-9999 122.66091156005859375 131.00909423828125 144.727569580078125 140.3558197021484375 162.5972900390625 163.95098876953125 175.1009063720703125 173.36749267578125 188.130096435546875 293.962493896484375 318.012786865234375 7.1250152587890625 8.53076934814453125 0 339.145538330078125 343.495635986328125 345.6300048828125 345.85418701171875 10.95406341552734375 16.189208984375 5.5275421142578125 17.7838897705078125 25.9065093994140625 305.1060791015625 317.181640625 18.15949249267578125 36.027374267578125 23.66313934326171875 31.2005157470703125 39.05313873291015625 21.03751373291015625 67.61986541748046875 90 266.633544921875 307.40533447265625 351.869903564453125 352.568603515625 330.52410888671875 336.8013916015625 11.30992889404296875 2.72631072998046875 2.48955535888671875 30.068584442138671875 50.194427490234375 8.13010406494140625
-9999 74.1342926025390625 76.2183990478515625 79.77783203125 96.54628753662109375 121.7594757080078125 108.4349517822265625 180 259.99200439453125 266.633544921875 278.130096435546875 293.1986083984375 354.47247314453125 1.66028594970703125 5.2677001953125 342.4075927734375 340.958770751953125 342.181121826171875 343.300750732421875 8.8806610107421875 24.145538330078125 21.8014068603515625 39.89783477783203125 38.990993499755859375 295.484130859375 283.15093994140625 77.7352294921875 85.0302581787109375 77.7352294921875 53.8806610107421875 32.988521575927734375 26.9395294189453125 63.434947967529296875 60.94539642333984375 315 317.20257568359375 341.5650634765625 347.00537109375 1.2188720703125 4.763641357421875 3.36646270751953125 0 0 51.340190887451171875 68.1985931396484375 0
-9999 78.1785125732421875 77.57405853271484375 82.0730743408203125 95.0636138916015625 130.9143829345703125 115.0168914794921875 180 261.027374267578125 266.987213134765625 276.3402099609375 288.4349365234375 324.229888916015625 348.53045654296875 15.46121978759765625 346.7335205078125 345.606414794921875 338.55224609375 339.86370849609375 5.35582733154296875 35.90972137451171875 41.987213134765625 38.774169921875 37.8749847412109375 302.19573974609375 287.15240478515625 78.6900634765625 85.0302581787109375 76.6074981689453125 14.534454345703125 7.0012664794921875 40.9858245849609375 69.193206787109375 61.99082183837890625 312.79742431640625 315 322.125 331.699249267578125 29.8759918212890625 42.510448455810546875 343.6104736328125 0 0 60.25511932373046875 74.05460357666015625 0
-9999 110.5133209228515625 122.97772216796875 136.5911407470703125 118.495635986328125 154.9831085205078125 125.5376739501953125 315 305.27239990234375 331.0908203125 295.447998046875 285.0543212890625 281.793426513671875 295.76934814453125 28.412662506103515625 352.875 345.9637451171875 276.3402099609375 240.9453887939453125 188.130096435546875 71.053497314453125 41.905941009521484375 20.9657135009765625 18.71858978271484375 339.1209716796875 313.40887451171875 84.40065765380859375 90.57872772216796875 108.4349517822265625 173.6598052978515625 176.1859283447265625 139.159637451171875 98.13010406494140625 29.475887298583984375 335.6744384765625 338.317718505859375 346.1593017578125 331.26019287109375 79.69515228271484375 88.36342620849609375 263.6597900390625 315 341.5650634765625 47.20259857177734375 43.1523895263671875 5.5275421142578125
-9999 113.0912933349609375 120.37912750244140625 155.3231353759765625 138.1798248291015625 191.3099365234375 210.9637451171875 288.4349365234375 289.25927734375 313.3397216796875 300.9637451171875 288.733367919921875 283.201080322265625 288.0343017578125 355.3140869140625 20.5560455322265625 36.86989593505859375 288.4349365234375 210.9637451171875 229.9697418212890625 2.48955535888671875 18.4349517822265625 14.16217041015625 12.5789337158203125 14.45243072509765625 35.537677764892578125 84.1736602783203125 90.50702667236328125 104.0362396240234375 142.1250152587890625 154.9831085205078125 157.036224365234375 147.52880859375 338.62939453125 329.50018310546875 332.612579345703125 16.92751312255859375 34.114471435546875 81.25383758544921875 88.60282135009765625 264.805572509765625 288.4349365234375 315 34.215702056884765625 39.093860626220703125 16.189208984375
-9999 108.21709442138671875 106.89373016357421875 158.962493896484375 68.1985931396484375 329.0362548828125 270 270 270 270 270 270 270 270 270 90 90 -9999 -9999 270 270 90 90 90 90 90 90 90 90 90 90 90 270 270 270 270 90 90 90 90 270 270 270 90 90 90
-9999 123.6900634765625 112.09423065185546875 232.5946502685546875 322.125 337.166351318359375 340.6409912109375 350.639801025390625 309.36932373046875 281.6593017578125 249.9047698974609375 231.1701812744140625 225.716156005859375 241.0323333740234375 215.788970947265625 131.90594482421875 130.236358642578125 171.027374267578125 173.1572265625 208.072479248046875 202.380126953125 176.820159912109375 174.0938568115234375 168.6900634765625 90 51.340190887451171875 55.619655609130859375 77.61923980712890625 65.5560455322265625 28.85565948486328125 19.7988739013671875 10.78429412841796875 350.0958251953125 320.7105712890625 284.743560791015625 255.256439208984375 117.121307373046875 119.2913665771484375 105.25511932373046875 55.30484771728515625 336.8013916015625 336.8013916015625 337.619873046875 11.7251129150390625 32.005382537841796875 28.495639801025390625
-9999 90 90 270 282.2647705078125 300.068603515625 320.042449951171875 351.869903564453125 337.89056396484375 315 236.8886566162109375 214.875335693359375 229.0377044677734375 245.4925994873046875 226.3019561767578125 133.4088592529296875 131.7295074462890625 154.6538238525390625 160.2011260986328125 201.8014068603515625 196.3895416259765625 176.820159912109375 200.772247314453125 216.25384521484375 90 14.03624725341796875 62.52556610107421875 78.1785125732421875 60.94539642333984375 1.16913604736328125 0.7639007568359375 15.94539642333984375 20.05609130859375 358.2642822265625 299.05462646484375 240.9453887939453125 116.02959442138671875 118.1416015625 120.9637603759765625 330.945404052734375 324.462310791015625 334.855224609375 335.725555419921875 9.63753509521484375 41.185924530029296875 43.31531524658203125
