helipistas/1493500825_143_365/INPUT/LCP/Aspect.asc
ncols        161
nrows        216
xllcorner    473230.104338547797
yllcorner    4606450.711504123174
cellsize     100.000000000000
NODATA_value  -9999
[rows 80 to 99 of 216, columns 46 to 91 of 161]
318.1363525390625 321.581939697265625 321.2540283203125 288.4349365234375 207.645965576171875 136.87786865234375 127.33319091796875 119.64986419677734375 120.9637603759765625 170.537689208984375 123.19757080078125 118.1132049560546875 252.6994781494140625 269.060791015625 273.5035400390625 264.559661865234375 232.352386474609375 216.573028564453125 227.602569580078125 180 180 236.8886566162109375 248.7723541259765625 220.76361083984375 209.744873046875 208.072479248046875 186.8427734375 235.7388916015625 257.15228271484375 298.300750732421875 335.854461669921875 330.73199462890625 335.70904541015625 330.461212158203125 296.98529052734375 282.464935302734375 18.4349517822265625 2.29061126708984375 64.23067474365234375 62.26580810546875 30.20323944091796875 351.17364501953125 352.979217529296875 1.2188720703125 1.11456298828125 354.33270263671875
314.265472412109375 317.75909423828125 332.03778076171875 350.21759033203125 137.862396240234375 146.944183349609375 137.662994384765625 118.9091796875 120.20323944091796875 153.4349517822265625 125.2475738525390625 127.40535736083984375 256.476837158203125 269.2747802734375 273.6522216796875 262.875 212.19573974609375 226.7899169921875 237.52880859375 180 180 239.0362396240234375 240.4786376953125 200.772247314453125 206.5650482177734375 205.0168914794921875 210.9637451171875 249.691558837890625 259.01934814453125 281.3099365234375 309.6441650390625 321.26348876953125 327.1368408203125 333.4349365234375 310.5526123046875 299.57781982421875 278.130096435546875 319.9697265625 53.6156463623046875 54.309940338134765625 26.221965789794921875 337.4053955078125 341.73455810546875 355.862396240234375 356.21551513671875 356.9412841796875
316.909149169921875 279.78240966796875 200.376434326171875 143.259429931640625 142.495849609375 155.112579345703125 159.9047698974609375 155.6954498291015625 150.7511749267578125 163.300750732421875 135 78.6900634765625 278.3438720703125 258.6900634765625 249.227752685546875 258.87078857421875 284.4207763671875 284.65673828125 265.601287841796875 180 180 245.92449951171875 265.179229736328125 315 318.2705078125 327.094757080078125 322.5325927734375 315.3165283203125 340.2593994140625 338.1986083984375 335.5560302734375 335.6744384765625 329.0362548828125 333.4349365234375 198.4349517822265625 163.44293212890625 187.7335968017578125 186.892425537109375 173.333343505859375 135 16.55706787109375 322.125 319.9697265625 355.364532470703125 348.6900634765625 135
354.47247314453125 329.0362548828125 144.4623260498046875 129.2176055908203125 144.211029052734375 143.7974090576171875 150.004913330078125 165.5297088623046875 162.2553253173828125 174.289398193359375 195.255126953125 281.3099365234375 282.652557373046875 252.9794769287109375 246.8014068603515625 260.90972900390625 277.02838134765625 291.5712890625 263.36749267578125 180 180 240.4221649169921875 266.689056396484375 293.1986083984375 308.211029052734375 317.337310791015625 312.9833984375 308.59844970703125 338.815673828125 344.357757568359375 342.349884033203125 348.388519287109375 344.744873046875 3.17983245849609375 94.3250579833984375 133.98602294921875 180.7073211669921875 180.629608154296875 200.637542724609375 250.3461761474609375 323.88067626953125 324.865814208984375 322.765167236328125 27.181110382080078125 51.709835052490234375 102.2647705078125
90 90 90 90 90 90 90 90 90 -9999 270 270 270 270 270 270 270 270 270 -9999 -9999 270 270 270 270 270 270 270 270 270 270 270 270 90 90 90 90 90 270 270 270 270 270 90 90 90
163.810791015625 162.758544921875 141.4588165283203125 120.80144500732421875 135.987762451171875 123.5304718017578125 122.5604400634765625 173.6598052978515625 135 331.699249267578125 315 326.56011962890625 323.325653076171875 322.125 297.349853515625 266.295379638671875 240.9453887939453125 215.96051025390625 222.0643310546875 180 180 265.46221923828125 292.846649169921875 321.088531494140625 330.543670654296875 330.795928955078125 319.5224609375 304.83221435546875 327.875 339.775146484375 187.253204345703125 172.81573486328125 175.0445556640625 173.407135009765625 137.8155517578125 140.163299560546875 173.133575439453125 174.0584716796875 200.40020751953125 222.63592529296875 213.6161346435546875 216.869903564453125 230.194427490234375 133.3397216796875 141.418792724609375 145.840301513671875
167.275634765625 166.4295654296875 138.0664825439453125 120.80144500732421875 139.159637451171875 124.1769866943359375 123.19757080078125 217.8749847412109375 261.869903564453125 301.75946044921875 306.17962646484375 334.746826171875 324.926239013671875 323.74615478515625 315 264.225677490234375 232.66680908203125 222.662689208984375 228.9004974365234375 180 180 267.70941162109375 284.94287109375 311.748046875 330.09552001953125 330.350128173828125 321.30364990234375 315.76904296875 3.99091339111328125 74.16761016845703125 129.382415771484375 149.8934783935546875 158.255706787109375 173.97601318359375 139.843994140625 142.081207275390625 164.491363525390625 166.514068603515625 197.8648681640625 227.874359130859375 224.023468017578125 228.366455078125 240.9453887939453125 125.770111083984375 133.7409515380859375 138.2397003173828125
177.5804901123046875 176.7602996826171875 126.027374267578125 100.0079803466796875 114.145538330078125 110.376434326171875 94.8990936279296875 263.6597900390625 240.9453887939453125 258.6900634765625 286.1573486328125 334.90374755859375 339.88037109375 341.5650634765625 347.997711181640625 333.749755859375 343.405242919921875 337.655242919921875 340.85552978515625 0 0 323.310272216796875 298.072509765625 310.872406005859375 328.626983642578125 324.462310791015625 308.92755126953125 234.4623260498046875 153.7998809814453125 144.4623260498046875 149.0362396240234375 156.286407470703125 155.88580322265625 171.292633056640625 147.011474609375 150.0684814453125 166.5347900390625 155.3231353759765625 257.00537109375 274.42822265625 284.68878173828125 284.858612060546875 268.83087158203125 105.60394287109375 112.067901611328125 116.5650482177734375
191.9293212890625 195.802520751953125 147.9946136474609375 100.40771484375 108.4349517822265625 117.47443389892578125 96.8427734375 258.6900634765625 225 261.869903564453125 280.394317626953125 318.052886962890625 335.045257568359375 337.051055908203125 338.90203857421875 328.92095947265625 345.51824951171875 329.24346923828125 333.316314697265625 0 0 324.78240966796875 299.1676025390625 311.987213134765625 335.13629150390625 331.504364013671875 349.2156982421875 107.0205230712890625 137.862396240234375 137.862396240234375 142.765167236328125 157.1902923583984375 156.8014068603515625 164.39605712890625 149.9314117431640625 160.529693603515625 193.4652099609375 204.6768646240234375 260.75390625 273.79217529296875 283.9124755859375 290.376434326171875 268.3634033203125 103.9283447265625 109.7988739013671875 113.80594635009765625
205.144775390625 204.274444580078125 171.25384521484375 117.78392791748046875 116.83404541015625 135 127.8749847412109375 240.52410888671875 291.37060546875 278.8646240234375 276.280029296875 293.74951171875 316.7899169921875 324.211029052734375 327.380767822265625 316.77606201171875 341.933502197265625 332.053314208984375 332.2744140625 0 0 329.493865966796875 286.41357421875 251.79608154296875 192.9946136474609375 188.6156463623046875 169.75592041015625 148.07391357421875 153.1380767822265625 142.447418212890625 127.7554931640625 127.40535736083984375 124.76519775390625 126.3843536376953125 114.09201812744140625 138.433624267578125 248.4286956787109375 271.33221435546875 277.696044921875 268.66778564453125 251.9165496826171875 223.0474853515625 223.6830902099609375 122.347442626953125 113.4286956787109375 100.96787261962890625
203.1985931396484375 202.380126953125 171.25384521484375 119.389007568359375 118.5596160888671875 142.1250152587890625 135 253.8865814208984375 281.3099365234375 279.3720703125 275.785552978515625 289.536651611328125 308.829833984375 316.363922119140625 324.24609375 306.008758544921875 329.307373046875 331.6351318359375 331.8583984375 0 0 345.745361328125 306.689727783203125 228.3018646240234375 163.705963134765625 169.1359405517578125 162.397369384765625 150.0183563232421875 162.914703369140625 159.99029541015625 148.547943115234375 129.447021484375 126.7536773681640625 126.3843536376953125 114.4439544677734375 139.6668548583984375 254.427459716796875 270.939208984375 277.696044921875 268.40887451171875 245.432830810546875 223.712677001953125 224.34893798828125 128.36749267578125 118.44293212890625 104.17234039306640625
270 270 90 90 90 90 90 270 287.15240478515625 296.5650634765625 276.757080078125 270 270 270 270 270 270 270 270 -9999 -9999 270 270 270 90 90 90 90 90 90 90 90 90 90 90 90 270 270 270 270 270 270 270 90 90 90
191.97613525390625 186.76617431640625 168.6900634765625 136.5074310302734375 130.76361083984375 168.6900634765625 3.36646270751953125 315 305.371826171875 319.993743896484375 292.7965087890625 263.43731689453125 238.19061279296875 226.4878692626953125 220.8150787353515625 246.8014068603515625 234.95062255859375 216.4163818359375 207.349884033203125 180 180 180.8069305419921875 181.6500396728515625 180.8680419921875 168.157928466796875 165.9637451171875 153.068450927734375 142.2531890869140625 165.3167724609375 173.6598052978515625 173.0470428466796875 153.4349517822265625 154.536651611328125 157.833648681640625 144.2725982666015625 161.5650482177734375 257.51751708984375 250.263092041015625 249.739501953125 263.302001953125 273.468231201171875 283.523162841796875 270.7252197265625 101.76828765869140625 114.623565673828125 121.2005157470703125
150.0684814453125 162.149688720703125 158.1985931396484375 145.304840087890625 156.2505035400390625 256.60748291015625 308.990997314453125 309.957550048828125 293.55224609375 307.09283447265625 296.22198486328125 259.01934814453125 227.2457427978515625 215.2475738525390625 220.8150787353515625 246.399810791015625 234.1301727294921875 197.300537109375 192.3194427490234375 180 180 173.837005615234375 173.6598052978515625 179.1319580078125 177.2297821044921875 176.6981353759765625 153.5576324462890625 142.2531890869140625 164.744873046875 178.726959228515625 178.602813720703125 151.189208984375 152.3540191650390625 164.1480712890625 176.987213134765625 219.805572509765625 255.6063995361328125 247.4161529541015625 249.9864349365234375 264.16650390625 272.662994384765625 287.300537109375 270.939208984375 99.4623260498046875 110.1363067626953125 133.6980438232421875
112.52056884765625 130.4860076904296875 138.09405517578125 119.47589111328125 333.4349365234375 301.5042724609375 298.73980712890625 292.864501953125 284.206787109375 298.6639404296875 312.273681640625 312.273681640625 315 323.130096435546875 313.3153076171875 277.841705322265625 245.1125946044921875 174.699066162109375 176.295379638671875 180 180 167.855712890625 165.5182342529296875 177.997467041015625 192.5789337158203125 198.019775390625 123.366363525390625 106.735992431640625 129.8978271484375 168.6900634765625 172.405364990234375 148.1164398193359375 141.96826171875 176.87786865234375 287.10272216796875 315.698699951171875 312.397430419921875 303.111328125 288.8690185546875 280.290313720703125 288.4349365234375 328.240509033203125 192.8477020263671875 125.94927978515625 125.3718414306640625 157.34063720703125
106.073577880859375 120.677276611328125 147.339080810546875 235.619659423828125 298.6104736328125 303.231689453125 300.379119873046875 291.4676513671875 283.86968994140625 299.32049560546875 312.273681640625 312.273681640625 306.869903564453125 315 318.69140625 283.89117431640625 217.8749847412109375 152.26580810546875 159.851593017578125 180 180 169.2490234375 169.1285400390625 180.400665283203125 208.2442474365234375 218.0656585693359375 131.0548095703125 106.95984649658203125 122.845062255859375 145.0079803466796875 154.9831085205078125 157.348114013671875 152.3116455078125 228.8785247802734375 278.03570556640625 307.80078125 321.009002685546875 311.42364501953125 287.622314453125 280.119049072265625 288.99664306640625 72.095550537109375 131.2482757568359375 126.36920166015625 125.788970947265625 147.7452850341796875
145.45989990234375 131.566375732421875 155.5560455322265625 280.619659423828125 304.04595947265625 318.052886962890625 326.920745849609375 323.66412353515625 305.469879150390625 326.920745849609375 343.8865966796875 334.2900390625 288.4349365234375 251.5650482177734375 235.304840087890625 216.3474578857421875 171.501434326171875 144.9720611572265625 146.427093505859375 180 180 168.2935638427734375 177.9786376953125 202.619873046875 244.90374755859375 239.250030517578125 135 111.3093109130859375 122.47119140625 126.6341094970703125 128.480194091796875 155.5560455322265625 101.3099365234375 280.40771484375 265.2625732421875 223.6521148681640625 204.8636932373046875 205.2239227294921875 227.707916259765625 235.7131195068359375 208.2287750244140625 164.47589111328125 161.5650482177734375 152.92791748046875 139.57391357421875 132.5633544921875
163.369049072265625 153.924652099609375 204.4439544677734375 276.115509033203125 296.1138916015625 308.03173828125 317.181640625 325.55181884765625 306.869903564453125 327.665069580078125 6.3401947021484375 10.49147796630859375 315 225 235.304840087890625 185.389312744140625 151.620758056640625 142.873931884765625 144.36651611328125 180 180 173.3201141357421875 204.6467742919921875 227.2906036376953125 241.798370361328125 235.7388916015625 133.9390869140625 111.03751373291015625 122.47119140625 125.27242279052734375 127.09283447265625 204.4439544677734375 258.6900634765625 280.00799560546875 262.303955078125 185.9061431884765625 205.6258544921875 205.9940185546875 218.7093353271484375 225.27154541015625 199.155609130859375 173.6598052978515625 172.405364990234375 173.6598052978515625 169.508514404296875 186.3401947021484375
173.6598052978515625 161.5650482177734375 270 270 270 270 270 270 270 270 90 90 -9999 -9999 270 90 90 90 90 -9999 -9999 90 270 270 270 270 90 90 90 90 90 270 270 270 270 90 270 270 270 270 270 90 90 270 270 270
233.130096435546875 306.869903564453125 319.23638916015625 280.7843017578125 269.4327392578125 250.1593017578125 233.03570556640625 223.66778564453125 240.8801422119140625 217.405364990234375 158.498565673828125 162.1351318359375 181.33221435546875 181.397186279296875 206.36541748046875 177.2208251953125 146.5921783447265625 137.792694091796875 133.4925689697265625 180 180 196.927520751953125 271.97491455078125 295.615478515625 288.4349365234375 219.2894134521484375 141.428741455078125 120.846588134765625 134.283843994140625 130.364532470703125 126.86989593505859375 216.702850341796875 217.725006103515625 229.398712158203125 216.869903564453125 171.869903564453125 225 228.8140716552734375 236.0035400390625 238.32452392578125 203.4160308837890625 176.448272705078125 176.4964599609375 190.6697845458984375 192.425933837890625 199.75946044921875
