helipistas/1493500825_143_365/INPUT/LCP/Aspect.asc
ncols        161
nrows        216
xllcorner    473230.104338547797
yllcorner    4606450.711504123174
cellsize     100.000000000000
NODATA_value  -9999
[rows 60 to 79 of 216, columns 0 to 45 of 161]
-9999 3.8140716552734375 347.00537109375 346.84906005859375 341.095428466796875 47.544803619384765625 87.15785980224609375 105.46121978759765625 113.5522613525390625 111.03751373291015625 185.194427490234375 191.3099365234375 259.286865234375 248.8242645263671875 207.5252227783203125 163.072479248046875 166.4295654296875 164.500732421875 174.14398193359375 227.3859405517578125 286.3895263671875 311.42364501953125 40.9143829345703125 68.96248626708984375 92.29061126708984375 255.9637603759765625 268.2642822265625 279.34466552734375 296.27423095703125 305.770111083984375 316.2060546875 335.725555419921875 339.90478515625 148.70697021484375 173.92755126953125 174.1736602783203125 215.380279541015625 275.11041259765625 316.5074462890625 336.9384765625 338.824249267578125 356.987213134765625 354.610687255859375 293.1986083984375 152.8188934326171875 147.925994873046875
-9999 182.04541015625 192.89373779296875 174.610687255859375 175.97174072265625 162.26947021484375 127.694244384765625 120.9637603759765625 110.820892333984375 103.4652099609375 203.1985931396484375 198.4349517822265625 235.7843017578125 225 191.3099365234375 163.3549652099609375 158.86016845703125 173.6598052978515625 263.6597900390625 289.79888916015625 290.224853515625 273.012786865234375 106.1134185791015625 124.56252288818359375 121.50426483154296875 304.824493408203125 312.678466796875 310.544403076171875 302.5604248046875 286.52581787109375 265.601287841796875 198.4349517822265625 150.52410888671875 135 272.29058837890625 341.5650634765625 324.36651611328125 300.846588134765625 294.717437744140625 270 270 90 90 270 90 90
-9999 204.9047698974609375 186.1886138916015625 156.540985107421875 162.05059814453125 171.869903564453125 146.3099365234375 137.337310791015625 113.87528228759765625 105.572540283203125 188.130096435546875 186.3401947021484375 212.905242919921875 200.376434326171875 182.290618896484375 175.872406005859375 174.6678466796875 216.25384521484375 266.71075439453125 288.4349365234375 298.300750732421875 274.398712158203125 101.65929412841796875 116.2001190185546875 210.068572998046875 286.798370361328125 306.773284912109375 317.526123046875 309.193267822265625 295.34619140625 262.99871826171875 149.0362396240234375 146.8886566162109375 161.5650482177734375 270.5787353515625 307.14666748046875 323.70220947265625 314.469482421875 344.21923828125 337.71441650390625 300.9637451171875 128.480194091796875 153.1380767822265625 181.636566162109375 155.942657470703125 154.4765777587890625
-9999 270 270 90 90 90 90 90 90 90 -9999 -9999 270 270 90 270 270 270 270 270 270 270 90 90 270 270 270 270 270 270 270 90 90 -9999 270 270 270 279.68878173828125 328.240509033203125 18.99665069580078125 54.462322235107421875 110.03720855712890625 132.172882080078125 176.1859283447265625 154.2592926025390625 157.051055908203125
-9999 162.323883056640625 180 157.52056884765625 150.255126953125 172.5685882568359375 153.7780303955078125 158.1985931396484375 135 108.4349517822265625 135 161.5650482177734375 191.3099365234375 208.300750732421875 258.6900634765625 321.3402099609375 340.01690673828125 316.84759521484375 303.310638427734375 320.7105712890625 341.5650634765625 329.0362548828125 76.75948333740234375 70.559967041015625 307.875 258.49517822265625 239.9314117431640625 212.774871826171875 207.31561279296875 197.140350341796875 195.255126953125 169.59228515625 225 339.775146484375 305.134185791015625 280.491455078125 265.292144775390625 264.57940673828125 241.699249267578125 129.9203948974609375 136.1457672119140625 113.790771484375 96.74558258056640625 119.5778350830078125 130.236358642578125 149.743560791015625
-9999 192.9946136474609375 176.423675537109375 172.146697998046875 169.2156982421875 170.942108154296875 158.051300048828125 165.068572998046875 161.5650482177734375 135 108.4349517822265625 135 135 225 267.51043701171875 296.5650634765625 317.726318359375 310.10089111328125 304.875335693359375 337.30621337890625 6.3401947021484375 11.30992889404296875 75.06858062744140625 68.1985931396484375 35.537677764892578125 251.053497314453125 234.4623260498046875 201.66595458984375 197.676116943359375 190.069061279296875 188.923980712890625 203.1985931396484375 265.46221923828125 312.1375732421875 325.619659423828125 291.037506103515625 265.39990234375 263.96673583984375 232.1250152587890625 124.79602813720703125 130.840362548828125 123.05582427978515625 99.90418243408203125 103.5704345703125 123.5304718017578125 184.763641357421875
-9999 108.4349517822265625 101.3099365234375 315 341.5650634765625 81.86989593505859375 87.51044464111328125 60.94539642333984375 59.036243438720703125 144.4623260498046875 156.8014068603515625 161.5650482177734375 168.6900634765625 311.633544921875 333.225067138671875 338.7283935546875 338.4287109375 328.4486083984375 316.4144287109375 351.869903564453125 13.5704345703125 14.534454345703125 66.2505035400390625 93.8140716552734375 135 267.51043701171875 262.40533447265625 195.945404052734375 188.74615478515625 221.987213134765625 294.274444580078125 310.5328369140625 274.89910888671875 236.0035400390625 218.6598052978515625 255.9637603759765625 264.20721435546875 236.1546630859375 189.09027099609375 151.3138580322265625 148.32452392578125 149.0362396240234375 154.17901611328125 141.398956298828125 138.972503662109375 212.47119140625
-9999 135 108.4349517822265625 288.4349365234375 315 83.6598052978515625 87.27368927001953125 30.963756561279296875 78.6900634765625 115.0168914794921875 144.4623260498046875 150.945404052734375 260.21759033203125 290.26568603515625 317.181640625 339.49188232421875 339.20098876953125 339.775146484375 331.53485107421875 357.273681640625 17.24146270751953125 18.4349517822265625 73.72032928466796875 92.53356170654296875 203.1985931396484375 267.70941162109375 259.695159912109375 150.255126953125 162.89727783203125 244.536651611328125 280.10931396484375 313.12213134765625 282.99462890625 210.379119873046875 237.9946136474609375 262.875 257.275634765625 201.974517822265625 175.42608642578125 156.540985107421875 153.924652099609375 139.9697418212890625 145.885528564453125 152.8600921630859375 167.5500030517578125 225
-9999 150.52410888671875 169.9920196533203125 186.3401947021484375 186.3401947021484375 160.2011260986328125 0 345.5792236328125 39.644176483154296875 59.62087249755859375 45 35.537677764892578125 286.699249267578125 270 264.2894287109375 242.3540191650390625 231.009002685546875 208.6104583740234375 225 225 113.1985931396484375 142.1250152587890625 113.4160308837890625 109.51080322265625 195.255126953125 221.566375732421875 210.677276611328125 175.1009063720703125 11.30992889404296875 281.82147216796875 256.6446533203125 217.5284423828125 212.905242919921875 268.2642822265625 275.389312744140625 260.362457275390625 173.1572265625 160.463348388671875 167.811370849609375 167.938690185546875 163.9676513671875 126.77327728271484375 125.9915008544921875 150.945404052734375 229.763641357421875 270
-9999 172.5685882568359375 163.6104583740234375 186.3401947021484375 186.3401947021484375 207.47442626953125 278.53076171875 322.352386474609375 53.325649261474609375 70.114837646484375 30.963756561279296875 23.1985931396484375 290.5560302734375 270 263.884490966796875 233.74615478515625 221.4236602783203125 199.9831085205078125 236.7682952880859375 251.5650482177734375 102.9946136474609375 124.69515228271484375 115.1775360107421875 111.03751373291015625 185.194427490234375 214.919403076171875 209.21923828125 233.325653076171875 287.700439453125 293.1986083984375 247.833648681640625 209.47589111328125 238.4310302734375 269.309722900390625 277.305755615234375 257.00537109375 139.9697418212890625 138.251953125 161.84051513671875 182.447052001953125 183.28924560546875 127.359588623046875 126.573028564453125 177.87890625 250.463348388671875 270
-9999 90 90 270 270 270 270 270 90 90 90 90 270 270 270 270 270 270 270 270 90 90 90 90 -9999 270 270 270 270 270 270 270 270 270 270 270 90 90 90 270 270 90 90 270 270 270
-9999 348.6900634765625 357.709381103515625 352.568603515625 353.50067138671875 341.1881103515625 330.8323974609375 342.8240966796875 67.4427490234375 82.11685943603515625 113.1985931396484375 142.1250152587890625 249.227752685546875 263.94580078125 257.41229248046875 202.067901611328125 195.255126953125 202.166351318359375 240.9453887939453125 229.9697418212890625 119.5778350830078125 112.067901611328125 102.094757080078125 102.094757080078125 185.194427490234375 254.9816436767578125 277.305755615234375 266.987213134765625 239.9314117431640625 213.366363525390625 258.0706787109375 289.98309326171875 279.46234130859375 265.236358642578125 238.3925018310546875 222.87890625 138.521453857421875 123.9174346923828125 149.4000244140625 188.74615478515625 188.130096435546875 142.594635009765625 133.4925689697265625 205.144775390625 252.718505859375 254.1676177978515625
-9999 305.53765869140625 329.0362548828125 344.604461669921875 346.476837158203125 333.687347412109375 344.407196044921875 20.89776611328125 71.98023223876953125 83.8113861083984375 102.9946136474609375 124.69515228271484375 250.463348388671875 263.55841064453125 256.10882568359375 175.364532470703125 176.87786865234375 217.8749847412109375 243.4349517822265625 222.1375885009765625 124.114471435546875 115.82099151611328125 102.094757080078125 102.094757080078125 195.255126953125 259.438995361328125 275.389312744140625 263.6597900390625 219.2894134521484375 225 262.16448974609375 283.24053955078125 282.52880859375 263.6597900390625 221.1859283447265625 206.5650482177734375 137.602569580078125 120.5792236328125 143.426971435546875 184.398712158203125 184.0856170654296875 153.886077880859375 145.954071044921875 222.5633544921875 255.718902587890625 253.7059478759765625
-9999 316.4144287109375 336.90869140625 358.090850830078125 357.137603759765625 324.462310791015625 146.8886566162109375 152.969146728515625 141.009002685546875 117.89727020263671875 125.5376739501953125 113.1985931396484375 271.54815673828125 268.45184326171875 250.6410064697265625 164.2488250732421875 163.44293212890625 235.304840087890625 243.4349517822265625 210.256439208984375 133.12213134765625 139.205352783203125 123.6900634765625 108.4349517822265625 251.5650482177734375 285.69000244140625 308.758087158203125 345.784149169921875 347.94921875 337.47943115234375 290.8790283203125 260.0958251953125 231.4830780029296875 218.774169921875 196.3895416259765625 198.4349517822265625 129.14398193359375 86.1214752197265625 67.543060302734375 68.1985931396484375 153.4349517822265625 162.4075775146484375 68.96248626708984375 300.465545654296875 295.49755859375 318.468231201171875
-9999 327.4395751953125 329.16705322265625 16.69924163818359375 24.22774505615234375 57.52880859375 111.97451019287109375 144.4623260498046875 166.607513427734375 150.945404052734375 135 120.9637603759765625 271.2188720703125 268.15240478515625 240.52410888671875 167.0053863525390625 166.3286895751953125 235.304840087890625 240.9453887939453125 202.619873046875 127.4605560302734375 133.47247314453125 135 116.5650482177734375 261.027374267578125 280.80438232421875 301.5042724609375 336.25048828125 339.6558837890625 355.815093994140625 316.59112548828125 249.227752685546875 214.695159912109375 203.875274658203125 202.380126953125 205.0168914794921875 178.363433837890625 83.82982635498046875 66.9911346435546875 83.2901611328125 120.465545654296875 218.8298187255859375 278.61566162109375 293.498565673828125 292.456939697265625 320.3558349609375
-9999 301.1485595703125 298.300750732421875 76.7014312744140625 74.74488067626953125 83.0470428466796875 90.35587310791015625 93.62148284912109375 210.9637451171875 203.1985931396484375 135 108.4349517822265625 266.4964599609375 262.875 244.1790008544921875 147.52880859375 157.619873046875 223.754638671875 217.5284423828125 184.9697418212890625 140.7823944091796875 130.667694091796875 135 123.366363525390625 254.197479248046875 267.79742431640625 268.3316650390625 222.397430419921875 198.99664306640625 179.215179443359375 215.272430419921875 273.8140869140625 320.440338134765625 326.768280029296875 315 196.3895416259765625 198.4349517822265625 137.9108428955078125 132.6140594482421875 126.3843536376953125 107.52556610107421875 270 284.0362548828125 272.070037841796875 244.2039794921875 197.54901123046875
-9999 7.25319671630859375 331.504364013671875 76.2183990478515625 74.19748687744140625 83.92754364013671875 90.33506011962890625 93.7152862548828125 191.3099365234375 188.130096435546875 161.5650482177734375 135 266.00909423828125 262.09283447265625 242.6501312255859375 130.236358642578125 142.594635009765625 213.4078216552734375 198.4349517822265625 175.0302581787109375 152.650115966796875 143.5836181640625 146.633636474609375 135 256.60748291015625 267.904754638671875 268.29864501953125 143.53076171875 164.427459716796875 190.097503662109375 242.571258544921875 271.7357177734375 312.61407470703125 319.23638916015625 73.6104583740234375 135 196.6069793701171875 134.0906219482421875 130.42608642578125 141.8427734375 118.6104583740234375 270 281.3099365234375 274.1849365234375 214.59228515625 179.51031494140625
-9999 90 90 90 90 90 90 90 -9999 -9999 -9999 -9999 270 270 270 90 90 270 270 90 90 90 90 90 270 270 270 90 90 270 270 270 270 270 90 90 270 90 90 90 90 270 270 270 -9999 90
-9999 158.962493896484375 186.3401947021484375 83.36748504638671875 61.8583984375 66.501434326171875 71.5650482177734375 49.8990936279296875 22.8905487060546875 69.77513885498046875 171.869903564453125 173.6598052978515625 225 228.1798248291015625 203.1985931396484375 158.385223388671875 145.885528564453125 198.4349517822265625 175.156005859375 167.47119140625 161.00335693359375 151.699249267578125 152.10272216796875 60.94539642333984375 284.4207763671875 273.2808837890625 260.21759033203125 128.6598052978515625 135 216.1193389892578125 258.886962890625 261.30450439453125 249.227752685546875 252.758544921875 100.56101226806640625 106.073577880859375 181.636566162109375 127.3493499755859375 127.4605560302734375 165.9637451171875 45 278.130096435546875 235.619659423828125 181.3019561767578125 185.300933837890625 175.364532470703125
-9999 232.5946502685546875 230.7105865478515625 78.6900634765625 47.385944366455078125 62.241458892822265625 69.77513885498046875 49.8990936279296875 51.709835052490234375 82.9987335205078125 156.8014068603515625 161.5650482177734375 198.4349517822265625 214.4608154296875 201.644439697265625 181.0809326171875 181.8476104736328125 155.5560455322265625 152.281494140625 167.47119140625 180.9391937255859375 181.46881103515625 217.405364990234375 291.037506103515625 283.67132568359375 273.8140869140625 256.184967041015625 123.6900634765625 129.805572509765625 227.9356689453125 260.24755859375 261.501434326171875 250.463348388671875 253.810791015625 99.60520172119140625 104.6567535400390625 140.3558197021484375 122.228759765625 133.12213134765625 225 284.0362548828125 286.3895263671875 172.694244384765625 158.875274658203125 195.5545654296875 196.55706787109375
