helipistas/1493500825_143_365/INPUT/LCP/Aspect.asc
ncols        161
nrows        216
xllcorner    473230.104338547797
yllcorner    4606450.711504123174
cellsize     100.000000000000
NODATA_value  -9999
[rows 20 to 39 of 216, columns 0 to 45 of 161]
-9999 107.52556610107421875 82.40535736083984375 317.4366455078125 331.53485107421875 320.14788818359375 328.21630859375 355.413909912109375 2.19057464599609375 7.5494232177734375 350.41705322265625 350.16644287109375 328.41619873046875 308.008056640625 323.130096435546875 48.366458892822265625 48.366458892822265625 53.13010406494140625 75.9637603759765625 194.0362548828125 192.9946136474609375 187.696044921875 250.114837646484375 276.07244873046875 323.130096435546875 345.465545654296875 45.79572296142578125 46.07082366943359375 19.4861297607421875 1.46880340576171875 1.97493743896484375 26.221965789794921875 39.400661468505859375 14.858612060546875 356.00909423828125 354.805572509765625 59.036243438720703125 60.94539642333984375 27.645977020263671875 301.60748291015625 292.067901611328125 300.9637451171875 281.3099365234375 0 55.619655609130859375 45
-9999 189.462310791015625 56.309932708740234375 301.80938720703125 316.4144287109375 310.236358642578125 318.739501953125 353.592559814453125 6.54628753662109375 14.19855499267578125 351.869903564453125 351.656097412109375 337.10943603515625 326.73858642578125 355.236358642578125 48.366458892822265625 48.366458892822265625 63.434947967529296875 80.5376739501953125 119.74488067626953125 172.694244384765625 211.865966796875 256.1593017578125 274.144622802734375 299.744873046875 334.2900390625 35.690059661865234375 30.963756561279296875 17.904449462890625 15.7511749267578125 20.77225494384765625 32.691986083984375 46.005084991455078125 17.0205230712890625 9.2461090087890625 11.97613525390625 60.1240081787109375 61.99082183837890625 38.990993499755859375 306.027374267578125 291.037506103515625 315 288.4349365234375 296.5650634765625 34.69515228271484375 41.820171356201171875
-9999 307.40533447265625 334.79888916015625 312.70941162109375 317.12109375 305.53765869140625 300.30267333984375 338.962493896484375 357.87890625 8.972625732421875 0.9093780517578125 1.20183563232421875 350.639801025390625 16.92751312255859375 139.763641357421875 135 137.862396240234375 128.1572265625 128.1572265625 135 171.869903564453125 246.037506103515625 257.228759765625 250.2011260986328125 235.885528564453125 218.211029052734375 137.202606201171875 102.52880859375 90 92.12109375 104.534454345703125 112.01128387451171875 106.2940521240234375 140.710601806640625 150.945404052734375 155.5560455322265625 124.69515228271484375 102.9946136474609375 83.6598052978515625 276.3402099609375 263.6597900390625 225 225 235.619659423828125 148.3925018310546875 136.5911407470703125
-9999 290.376434326171875 313.3634033203125 308.6597900390625 313.02508544921875 309.382415771484375 303.886962890625 327.93804931640625 332.25897216796875 355.78582763671875 14.534454345703125 18.914398193359375 25.292022705078125 74.85901641845703125 121.7594757080078125 132.137603759765625 135 128.1572265625 128.1572265625 141.3401947021484375 203.1985931396484375 250.0168914794921875 255.3432464599609375 247.4427490234375 225 225 190.491485595703125 105.94539642333984375 90 91.7357025146484375 101.97613525390625 112.8905487060546875 105.83238983154296875 135 142.1250152587890625 147.52880859375 142.1250152587890625 113.1985931396484375 81.86989593505859375 278.130096435546875 261.869903564453125 225 225 214.695159912109375 129.0938568115234375 132.0643310546875
-9999 294.775146484375 302.125 280.86407470703125 248.498565673828125 233.297149658203125 225 213.231719970703125 229.8531036376953125 205.167877197265625 138.8785247802734375 117.80146026611328125 102.9946136474609375 105.94539642333984375 136.7899169921875 149.0362396240234375 151.3895416259765625 150.4786376953125 144.1301727294921875 171.3843536376953125 255.9637603759765625 234.09027099609375 222.7093963623046875 212.275634765625 200.772247314453125 212.7352294921875 194.534454345703125 177.08917236328125 169.9920196533203125 87.64670562744140625 89.21517181396484375 90 90 90 90 90 90 90 90 270 270 270 270 270 90 90
-9999 310.601287841796875 306.11932373046875 294.86370849609375 226.432098388671875 225 216.702850341796875 218.418060302734375 234.7003936767578125 208.4651641845703125 161.5650482177734375 144.09027099609375 101.3099365234375 103.09189605712890625 128.829833984375 145.0079803466796875 147.52880859375 160.7407073974609375 155.955780029296875 231.1701812744140625 259.380340576171875 156.8014068603515625 204.775146484375 197.52557373046875 201.91485595703125 214.6241455078125 195.8519287109375 213.4653778076171875 246.4477386474609375 80.6764068603515625 69.53772735595703125 65.22486114501953125 78.6900634765625 45 37.8749847412109375 32.47119140625 26.565052032470703125 33.690067291259765625 34.380344390869140625 338.1986083984375 253.6104583740234375 230.7105865478515625 254.7448883056640625 270 83.6598052978515625 73.30075836181640625
-9999 270 270 270 270 270 270 270 270 270 90 90 90 90 90 90 90 90 90 270 270 90 270 270 270 270 270 270 270 81.25383758544921875 65.22486114501953125 70.559967041015625 79.2868804931640625 18.4349517822265625 29.05460357666015625 24.4439544677734375 36.86989593505859375 45 38.290164947509765625 50.194427490234375 210.9637451171875 242.10272216796875 259.99200439453125 270 81.86989593505859375 69.4439544677734375
-9999 237.094757080078125 225 206.995849609375 229.5739288330078125 265.10089111328125 268.3634033203125 259.99200439453125 254.327178955078125 232.1250152587890625 178.2642974853515625 177.87890625 95.71059417724609375 84.57477569580078125 79.1359405517578125 85.73210906982421875 97.6506500244140625 128.6598052978515625 128.6598052978515625 255.9637603759765625 229.398712158203125 138.012786865234375 219.2894134521484375 263.6597900390625 299.05462646484375 309.8826904296875 344.604461669921875 317.20257568359375 304.2156982421875 67.38013458251953125 75.9637603759765625 82.30394744873046875 61.46001434326171875 345.762725830078125 13.86103057861328125 16.78264617919921875 39.55966949462890625 55.619655609130859375 48.576335906982421875 51.709835052490234375 6.3401947021484375 315 311.8201904296875 351.869903564453125 68.96248626708984375 74.05460357666015625
-9999 236.0409393310546875 214.7960205078125 227.0825653076171875 248.0254974365234375 265.364532470703125 268.45184326171875 254.7448883056640625 252.1351470947265625 237.52880859375 188.6156463623046875 190.491485595703125 99.4623260498046875 83.97247314453125 80.455474853515625 86.46770477294921875 96.3401947021484375 128.6598052978515625 128.6598052978515625 255.9637603759765625 206.5650482177734375 127.5685882568359375 239.9314117431640625 266.987213134765625 288.4349365234375 301.6397705078125 352.568603515625 330.945404052734375 318.57635498046875 70.3461761474609375 77.905242919921875 81.86989593505859375 31.50426483154296875 322.721832275390625 23.1985931396484375 27.645977020263671875 51.581943511962890625 71.5650482177734375 75.256439208984375 50.194427490234375 353.6597900390625 318.1798095703125 315 8.13010406494140625 71.5650482177734375 74.05460357666015625
-9999 319.843994140625 339.227752685546875 322.016510009765625 307.0303955078125 282.03057861328125 254.427459716796875 254.0546112060546875 267.87890625 241.699249267578125 172.8749847412109375 175.236358642578125 164.39605712890625 124.2868804931640625 116.7915191650390625 105.25511932373046875 89.25594329833984375 90 126.86989593505859375 227.2906036376953125 219.6441802978515625 40.42607879638671875 310.91436767578125 295.01690673828125 263.8114013671875 241.7712249755859375 191.3099365234375 218.6598052978515625 243.4349517822265625 73.1785888671875 42.455196380615234375 45.86804962158203125 3.69138336181640625 310.0728759765625 60.25511932373046875 90 99.90418243408203125 92.29061126708984375 79.9920196533203125 348.6900634765625 344.054595947265625 334.98309326171875 331.699249267578125 29.05460357666015625 85.81508636474609375 106.189208984375
-9999 347.660919189453125 338.08514404296875 339.702423095703125 327.875 292.7509765625 241.2602081298828125 259.695159912109375 267.70941162109375 203.1985931396484375 147.9946136474609375 157.380126953125 165.358123779296875 134.3704071044921875 128.990997314453125 110.89776611328125 88.9583740234375 90 113.1985931396484375 210.256439208984375 246.1048431396484375 297.89727783203125 325.304840087890625 307.875 254.7448883056640625 230.1021728515625 205.0168914794921875 234.4623260498046875 254.0546112060546875 34.69515228271484375 10.84030914306640625 45 10.95406341552734375 315 70.0168914794921875 90 101.7251129150390625 88.21009063720703125 40.236358642578125 321.3402099609375 330.255126953125 341.5650634765625 338.962493896484375 50.71059417724609375 87.08916473388671875 103.6713104248046875
-9999 267.87890625 225 210.9637451171875 225 281.3099365234375 322.125 296.8472900390625 261.63409423828125 163.1785888671875 131.1859283447265625 138.366455078125 157.7509765625 142.9434661865234375 157.98870849609375 153.4349517822265625 153.4349517822265625 144.78240966796875 120.256439208984375 239.0362396240234375 257.988525390625 243.7257843017578125 198.4349517822265625 195.255126953125 198.4349517822265625 243.0604705810546875 257.6192626953125 273.012786865234375 284.743560791015625 342.758544921875 343.810791015625 68.6293792724609375 96.63251495361328125 205.7099609375 124.69515228271484375 112.12633514404296875 111.8014068603515625 84.805572509765625 11.30992889404296875 321.009002685546875 311.42364501953125 336.8013916015625 225 104.534454345703125 92.642547607421875 86.987213134765625
-9999 98.13010406494140625 172.5685882568359375 225 239.0362396240234375 275.47735595703125 301.651275634765625 319.51397705078125 230.194427490234375 151.8583984375 124.9920196533203125 131.987213134765625 149.4207763671875 141.4830780029296875 164.538787841796875 153.4349517822265625 153.4349517822265625 173.2901611328125 164.054595947265625 235.304840087890625 254.8759918212890625 237.4074249267578125 186.3401947021484375 185.194427490234375 216.25384521484375 251.92767333984375 259.99200439453125 272.48956298828125 282.2647705078125 339.227752685546875 340.463348388671875 71.1309967041015625 92.95078277587890625 161.5650482177734375 134.104827880859375 119.64986419677734375 123.6900634765625 78.6900634765625 348.6900634765625 332.354034423828125 323.74615478515625 45 113.1985931396484375 105.642242431640625 92.91083526611328125 86.63353729248046875
-9999 90 90 270 270 270 270 270 90 90 90 90 90 90 90 90 90 270 270 270 270 270 -9999 -9999 270 270 270 270 270 270 270 90 90 90 90 90 90 90 270 270 270 90 90 90 90 90
-9999 158.5522613525390625 183.99090576171875 255.9637603759765625 284.0362548828125 287.0205078125 293.1986083984375 41.820171356201171875 131.4964599609375 158.5323486328125 138.1363525390625 119.47589111328125 110.5560455322265625 114.3530120849609375 155.806793212890625 160.942291259765625 104.743560791015625 321.911224365234375 337.78240966796875 357.137603759765625 319.9697265625 290.224853515625 315 341.5650634765625 298.072509765625 292.5572509765625 320.85601806640625 315 311.0994873046875 12.9946136474609375 71.5650482177734375 104.349334716796875 99.07149505615234375 101.97613525390625 57.994617462158203125 28.07248687744140625 19.3978118896484375 11.68936920166015625 347.574066162109375 343.300750732421875 347.905242919921875 12.8477020263671875 16.8214111328125 30.963756561279296875 66.9911346435546875 76.3286895751953125
-9999 229.6858978271484375 223.636077880859375 260.53765869140625 279.46234130859375 285.255126953125 290.89776611328125 75.784149169921875 110.3532257080078125 151.16448974609375 158.070404052734375 141.519805908203125 108.4349517822265625 108.98321533203125 142.4715576171875 209.407196044921875 260.837646484375 300.42578125 318.416595458984375 8.53076934814453125 2.29061126708984375 324.462310791015625 288.4349365234375 315 295.20111083984375 288.019775390625 311.26861572265625 318.9005126953125 315 49.0856170654296875 86.1859283447265625 103.73626708984375 99.8879852294921875 110.22486114501953125 338.1986083984375 352.405364990234375 31.2005157470703125 19.025604248046875 338.70263671875 325.00799560546875 333.4349365234375 25.3461761474609375 32.125 45 73.84265899658203125 79.159698486328125
-9999 301.349578857421875 321.788970947265625 323.226715087890625 314.181549072265625 285.488494873046875 242.612579345703125 124.56252288818359375 105.25511932373046875 124.50852203369140625 165.465545654296875 166.4295654296875 127.98349761962890625 103.4381866455078125 59.036243438720703125 310.6839599609375 311.8201904296875 300.2032470703125 280.98065185546875 33.690067291259765625 6.63251495361328125 357.51043701171875 342.05059814453125 339.341094970703125 306.0850830078125 268.86181640625 238.6713104248046875 215.2933502197265625 208.715087890625 149.349334716796875 136.7357025146484375 113.5522613525390625 81.43085479736328125 355.156005859375 337.833648681640625 340.067474365234375 29.8759918212890625 12.464935302734375 342.235137939453125 329.0362548828125 315 61.090816497802734375 59.79676055908203125 60.94539642333984375 73.75711822509765625 60.59281158447265625
-9999 300.7740478515625 312.662689208984375 334.65380859375 326.888671875 323.53076171875 201.5713043212890625 135 106.4768829345703125 118.810791015625 161.5650482177734375 162.758544921875 130.38934326171875 114.590118408203125 341.5650634765625 309.70989990234375 310.840362548828125 313.567901611328125 287.5924072265625 306.869903564453125 322.495849609375 346.1593017578125 349.6241455078125 347.96942138671875 322.495849609375 267.9786376953125 222.87890625 202.574127197265625 197.83502197265625 167.47119140625 160.559967041015625 124.2156982421875 45 326.53460693359375 332.03778076171875 334.707977294921875 31.67546844482421875 8.972625732421875 337.34063720703125 348.6900634765625 341.5650634765625 60.35013580322265625 59.036243438720703125 60.94539642333984375 74.45367431640625 63.0604705810546875
-9999 277.9801025390625 261.027374267578125 199.7988739013671875 192.9946136474609375 173.36749267578125 172.303955078125 145.304840087890625 110.71417236328125 100.7131195068359375 109.536651611328125 136.7899169921875 123.6900634765625 139.9697418212890625 259.824493408203125 275.9644775390625 287.4027099609375 315 188.972625732421875 203.875274658203125 220.9858245849609375 204.145538330078125 201.3706207275390625 214.695159912109375 215.537689208984375 232.305755615234375 212.799530029296875 210.9637451171875 214.695159912109375 195.642242431640625 246.8014068603515625 73.6104583740234375 188.130096435546875 216.674346923828125 212.36663818359375 210.30267333984375 150.1240081787109375 311.8201904296875 315 57.80426788330078125 143.8806610107421875 135 130.9143829345703125 122.0053863525390625 99.5366363525390625 96.54628753662109375
-9999 290.09521484375 254.197479248046875 168.6900634765625 172.694244384765625 181.33221435546875 181.54815673828125 149.0362396240234375 117.89727020263671875 106.92751312255859375 101.7251129150390625 121.908111572265625 127.5685882568359375 182.290618896484375 262.4761962890625 274.939208984375 284.534454345703125 81.027374267578125 135 202.28558349609375 222.0390625 207.349884033203125 219.559661865234375 235.619659423828125 193.392486572265625 219.4724578857421875 207.07208251953125 216.25384521484375 220.236358642578125 229.23638916015625 264.0938720703125 71.5650482177734375 100.7131195068359375 171.5288543701171875 208.779815673828125 206.861907958984375 219.685455322265625 281.852996826171875 317.602569580078125 78.14699554443359375 114.55045318603515625 139.0856170654296875 135 129.805572509765625 101.52371978759765625 97.25319671630859375
