helipistas/1493500825_143_365/INPUT/LCP/Elevation.asc
ncols        161
nrows        216
xllcorner    473230.104338547797
yllcorner    4606450.711504123174
cellsize     100.000000000000
NODATA_value -9999
[rows 108 to 161 of 216, columns 0 to 95 of 161]
94 94 98 98 82 82 67 55 55 43 43 37 31 31 32 32 34 34 30 30 30 27 27 29 28 28 28 28 27 27 28 29 29 29 29 30 30 29 34 34 31 31 27 26 26 31 31 46 46 61 59 59 50 50 50 66 66 72 72 67 67 69 60 60 61 61 61 73 73 60 60 49 49 46 41 41 52 52 62 62 78 84 84 75 75 85 93 93 101 101 122 122 144 141 141 126
75 75 72 72 64 64 57 47 47 39 39 34 33 33 30 30 30 30 30 31 31 35 35 28 25 25 26 26 26 26 27 31 31 27 27 24 24 26 27 27 25 25 23 37 37 54 54 53 53 46 46 46 37 37 52 60 60 53 53 52 52 52 46 46 58 58 58 56 56 43 43 36 36 41 51 51 56 56 69 69 78 66 66 74 74 92 110 110 113 113 133 133 159 161 161 148
75 75 72 72 64 64 57 47 47 39 39 34 33 33 30 30 30 30 30 31 31 35 35 28 25 25 26 26 26 26 27 31 31 27 27 24 24 26 27 27 25 25 23 37 37 54 54 53 53 46 46 46 37 37 52 60 60 53 53 52 52 52 46 46 58 58 58 56 56 43 43 36 36 41 51 51 56 56 69 69 78 66 66 74 74 92 110 110 113 113 133 133 159 161 161 148
53 53 48 48 47 47 46 36 36 34 34 32 31 31 36 36 39 39 36 36 36 36 36 27 25 25 26 26 24 24 25 25 25 25 25 24 24 22 20 20 21 21 26 37 37 45 45 41 41 36 42 42 32 32 41 42 42 38 38 38 38 37 46 46 50 50 50 36 36 32 32 30 30 34 41 41 49 49 51 51 55 66 66 91 91 118 138 138 130 130 151 151 148 148 148 139
53 53 48 48 47 47 46 36 36 34 34 32 31 31 36 36 39 39 36 36 36 36 36 27 25 25 26 26 24 24 25 25 25 25 25 24 24 22 20 20 21 21 26 37 37 45 45 41 41 36 42 42 32 32 41 42 42 38 38 38 38 37 46 46 50 50 50 36 36 32 32 30 30 34 41 41 49 49 51 51 55 66 66 91 91 118 138 138 130 130 151 151 148 148 148 139
49 49 38 38 39 39 43 36 36 33 33 38 46 46 42 42 39 39 34 30 30 29 29 27 25 25 25 25 26 26 27 32 32 40 40 29 29 25 22 22 21 21 23 31 31 32 32 28 28 28 30 30 25 25 26 33 33 33 33 34 34 33 43 43 34 34 34 25 25 26 26 33 33 42 52 52 66 66 61 61 64 70 70 77 77 88 91 91 96 96 123 123 115 114 114 117
49 49 38 38 39 39 43 36 36 33 33 38 46 46 42 42 39 39 34 30 30 29 29 27 25 25 25 25 26 26 27 32 32 40 40 29 29 25 22 22 21 21 23 31 31 32 32 28 28 28 30 30 25 25 26 33 33 33 33 34 34 33 43 43 34 34 34 25 25 26 26 33 33 42 52 52 66 66 61 61 64 70 70 77 77 88 91 91 96 96 123 123 115 114 114 117
49 49 38 38 39 39 43 36 36 33 33 38 46 46 42 42 39 39 34 30 30 29 29 27 25 25 25 25 26 26 27 32 32 40 40 29 29 25 22 22 21 21 23 31 31 32 32 28 28 28 30 30 25 25 26 33 33 33 33 34 34 33 43 43 34 34 34 25 25 26 26 33 33 42 52 52 66 66 61 61 64 70 70 77 77 88 91 91 96 96 123 123 115 114 114 117
41 41 38 38 41 41 44 45 45 53 53 55 45 45 35 35 32 32 32 30 30 27 27 29 29 29 32 32 31 31 37 38 38 37 37 31 31 26 23 23 22 22 22 21 21 21 21 21 21 20 22 22 20 20 21 21 21 25 25 29 29 36 39 39 26 26 26 23 23 27 27 36 36 47 60 60 58 58 61 61 57 53 53 62 62 65 70 70 86 86 101 101 95 86 86 94
41 41 38 38 41 41 44 45 45 53 53 55 45 45 35 35 32 32 32 30 30 27 27 29 29 29 32 32 31 31 37 38 38 37 37 31 26 26 23 23 22 22 22 21 21 21 21 21 21 20 22 22 20 20 21 21 21 25 25 29 29 36 39 39 26 26 26 23 23 27 27 36 36 47 60 60 58 58 61 61 57 53 53 62 62 65 70 70 86 86 101 101 95 86 86 94
49 49 41 41 50 50 54 55 55 51 51 45 44 44 41 41 35 35 30 31 31 27 27 34 40 40 42 42 44 44 36 31 31 28 28 26 23 23 22 22 23 23 25 22 22 18 18 19 19 19 20 20 19 19 18 23 23 27 27 28 28 28 22 22 21 21 21 25 25 33 33 40 40 52 57 57 50 50 46 46 45 46 46 51 51 59 76 76 90 90 95 95 76 68 68 74
49 49 41 41 50 50 54 55 55 51 51 45 44 44 41 41 35 35 30 31 31 27 27 34 40 40 42 42 44 44 36 31 31 28 28 26 23 23 22 22 23 23 25 22 22 18 18 19 19 19 20 20 19 19 18 23 23 27 27 28 28 28 22 22 21 21 21 25 25 33 33 40 40 52 57 57 50 50 46 46 45 46 46 51 51 59 76 76 90 90 95 95 76 68 68 74
55 55 42 42 50 50 63 65 65 58 58 52 45 45 38 38 37 37 46 50 50 53 53 49 50 50 46 46 45 45 39 35 35 28 28 25 22 22 22 22 22 22 23 22 22 21 21 18 18 18 18 18 17 17 17 18 18 21 21 19 19 17 19 19 24 24 24 31 31 37 37 43 43 46 45 45 42 42 34 34 34 38 38 44 44 55 62 62 81 81 99 99 87 63 63 50
55 55 42 42 50 50 63 65 65 58 58 52 45 45 38 38 37 37 46 50 50 53 53 49 50 50 46 46 45 45 39 35 35 28 28 25 22 22 22 22 22 22 23 22 22 21 21 18 18 18 18 18 17 17 17 18 18 21 21 19 19 17 19 19 24 24 24 31 31 37 37 43 43 46 45 45 42 42 34 34 34 38 38 44 44 55 62 62 81 81 99 99 87 63 63 50
47 47 51 51 50 50 63 65 65 58 58 52 45 45 38 38 37 37 46 50 50 53 53 49 50 50 46 46 45 45 39 35 35 28 28 25 22 22 22 22 22 22 23 22 22 21 21 18 18 18 18 18 17 17 17 18 18 21 21 19 19 17 19 19 24 24 24 31 31 37 37 43 43 46 45 45 42 42 34 34 34 38 38 44 44 55 62 62 81 81 99 99 87 63 63 50
47 47 51 51 77 77 89 79 79 66 66 61 60 60 49 49 60 60 63 59 59 58 58 52 48 48 43 43 41 41 29 27 27 28 28 27 27 27 27 27 24 24 21 24 24 23 23 20 20 17 18 18 16 16 18 16 16 19 19 17 17 19 28 28 37 37 37 36 36 39 39 39 39 46 36 36 30 30 28 37 37 56 56 66 66 72 88 88 96 96 104 104 84 77 77 53
47 47 51 51 77 89 89 79 79 66 66 61 60 60 49 49 60 60 63 59 59 58 58 52 48 48 43 43 41 41 29 27 27 28 28 27 27 27 27 27 24 24 21 24 24 23 23 20 20 17 18 18 16 16 18 16 16 19 19 17 17 19 28 28 37 37 37 36 36 39 39 39 39 46 36 36 30 30 28 37 37 56 56 66 66 72 88 88 96 96 104 104 84 77 77 53
62 62 84 84 97 90 90 80 80 75 75 66 55 55 53 53 54 54 48 42 42 41 41 35 33 33 30 30 30 30 27 31 31 33 33 33 40 40 47 47 35 35 28 20 20 20 20 21 21 18 16 16 15 15 15 16 16 16 16 14 14 17 23 23 32 32 32 30 30 32 32 33 33 38 29 29 24 24 33 47 47 86 86 97 97 73 81 81 90 90 93 93 75 60 60 54
62 62 84 84 97 90 90 80 80 75 75 66 55 55 53 53 54 54 48 42 42 41 41 35 33 33 30 30 30 30 27 31 31 33 33 33 40 40 47 47 35 35 28 20 20 20 20 21 21 18 16 16 15 15 15 16 16 16 16 14 14 17 23 23 32 32 32 30 30 32 32 33 33 38 29 29 24 24 33 47 47 86 86 97 97 73 81 81 90 90 93 93 75 60 60 54
94 94 93 93 92 82 82 78 78 70 70 60 57 57 58 58 51 51 42 40 40 36 36 36 38 38 31 31 31 31 33 51 51 55 55 50 52 52 42 42 29 29 26 22 22 23 23 22 22 24 21 21 18 18 14 14 14 15 15 15 15 14 19 19 27 27 27 22 22 26 26 22 22 21 19 19 22 22 33 40 40 56 56 58 58 52 67 67 69 69 57 57 54 45 45 51
94 94 93 93 92 82 82 78 78 70 70 60 57 57 58 58 51 51 42 40 40 36 36 36 38 38 31 31 31 31 33 51 51 55 55 50 52 52 42 42 29 29 26 22 22 23 23 22 22 24 21 21 18 18 14 14 14 15 15 15 15 14 19 19 27 27 27 22 22 26 26 22 22 21 19 19 22 22 33 40 40 56 56 58 58 52 67 67 69 69 57 57 54 45 45 51
107 107 92 92 83 75 75 68 68 58 58 51 46 46 45 45 43 43 40 43 43 43 43 50 44 44 35 35 42 31 33 51 51 55 55 50 52 52 42 42 29 29 26 22 22 23 23 22 22 24 21 21 18 18 14 14 14 15 15 15 15 14 19 19 27 27 27 22 22 26 26 22 22 21 19 19 22 22 33 40 40 56 56 58 58 52 67 67 69 69 57 57 54 45 45 51
107 107 92 92 83 75 75 68 68 58 58 51 46 46 45 45 43 43 40 43 43 43 43 50 44 44 35 35 42 42 58 70 70 62 62 45 42 42 32 32 26 26 24 25 25 29 29 33 33 29 21 21 21 21 18 16 16 15 15 13 13 12 16 16 25 25 25 18 18 21 21 22 22 17 15 15 18 18 25 31 31 31 31 47 47 61 75 75 65 65 53 53 46 32 32 36
107 107 92 92 83 75 75 68 68 58 58 51 46 46 45 45 43 43 40 43 43 43 43 50 44 44 35 35 42 42 58 70 70 62 62 45 42 42 32 32 26 26 24 25 25 29 29 33 29 29 21 21 21 21 18 16 16 15 15 13 13 12 16 16 25 25 25 18 18 21 21 22 22 17 15 15 18 18 25 31 31 31 31 47 47 61 75 75 65 65 53 53 46 32 32 36
108 108 95 95 78 67 67 56 56 52 52 56 58 58 62 62 52 52 69 79 79 63 63 57 43 43 46 46 49 49 65 82 82 71 71 40 33 33 36 36 38 38 40 40 40 43 43 43 28 28 21 21 17 17 17 17 17 15 15 13 13 13 12 12 14 14 14 15 15 16 16 16 16 14 14 14 14 14 19 23 23 35 35 42 42 56 63 63 66 66 52 52 34 28 28 20
108 108 95 95 78 67 67 56 56 52 52 56 58 58 62 62 52 52 69 79 79 63 63 57 43 43 46 46 49 49 65 82 82 71 71 40 33 33 36 36 38 38 40 40 40 43 43 43 28 28 21 21 17 17 17 17 17 15 15 13 13 13 12 12 14 14 14 15 15 16 16 16 16 14 14 14 14 14 19 23 23 35 35 42 42 56 63 63 66 66 52 52 34 28 28 20
86 86 77 77 67 59 59 71 71 91 91 88 72 72 70 70 64 64 88 88 88 71 71 58 55 55 66 66 74 74 72 59 59 46 46 39 44 44 66 66 71 71 67 73 73 67 67 49 37 37 24 24 18 18 15 14 14 13 13 14 14 14 12 12 13 13 13 13 13 11 11 13 13 12 12 12 13 13 20 27 27 37 37 44 44 53 50 50 46 46 41 41 30 19 19 21
86 86 77 77 67 59 59 71 71 91 91 88 72 72 70 70 64 64 88 88 88 71 71 58 55 55 66 66 74 74 72 59 59 46 46 39 44 44 66 66 71 71 67 73 73 67 67 49 37 37 24 24 18 18 15 14 14 13 13 14 14 14 12 12 13 13 13 13 13 11 11 13 13 12 12 12 13 13 20 27 27 37 37 44 44 53 50 50 46 46 41 41 30 19 19 21
78 78 75 75 86 93 93 128 128 145 145 103 91 91 80 80 71 71 90 103 103 94 94 85 76 76 70 70 62 62 55 51 51 42 42 47 58 58 74 74 102 102 107 120 120 118 118 88 54 54 43 43 31 31 21 14 14 13 13 14 14 14 12 12 13 13 13 13 13 11 11 13 13 12 12 12 13 13 20 27 27 37 37 44 44 53 50 50 46 46 41 41 30 19 19 21
78 78 75 75 86 93 93 128 128 145 145 103 91 91 80 80 71 90 90 103 103 94 94 85 76 76 70 70 62 62 55 51 51 42 42 47 58 58 74 74 102 102 107 120 120 118 118 88 54 54 43 43 31 31 21 14 14 12 12 11 11 12 11 11 10 10 10 11 11 11 11 11 11 8 10 10 10 10 18 25 25 35 35 42 42 42 38 38 35 35 31 31 31 22 22 27
78 78 75 75 86 93 93 128 128 145 145 103 91 91 80 80 71 90 90 103 103 94 94 85 76 76 70 70 62 62 55 51 51 42 42 47 58 58 74 74 102 102 107 120 120 118 118 88 54 54 43 43 31 31 21 14 14 12 12 11 11 12 11 11 10 10 10 11 11 11 11 11 11 8 10 10 10 10 18 25 25 35 35 42 42 42 38 38 35 35 31 31 31 22 22 27
96 96 98 98 126 146 146 177 177 172 172 127 123 123 112 112 90 108 108 128 128 122 122 96 83 83 79 79 61 61 53 56 56 50 50 60 65 65 78 78 99 99 100 89 89 103 103 112 99 99 97 97 70 70 46 28 28 16 16 12 12 12 11 11 10 10 10 10 10 10 10 10 10 8 10 10 12 12 17 21 21 24 24 25 25 31 34 34 29 29 25 25 21 18 18 35
96 96 98 98 126 146 146 177 177 172 172 127 123 123 112 112 90 108 108 128 128 122 122 96 83 83 79 79 61 61 53 56 56 50 50 60 65 65 78 78 99 99 100 89 89 103 103 112 99 99 97 97 70 70 46 28 28 16 16 12 12 12 11 11 10 10 10 10 10 10 10 10 10 8 10 10 12 12 17 21 21 24 24 25 25 31 34 34 29 29 25 25 21 18 18 35
134 134 120 120 158 194 194 238 238 220 220 198 175 175 132 132 123 147 147 149 149 133 133 114 103 103 84 84 70 70 68 70 70 75 75 85 88 88 81 81 79 79 76 67 67 62 62 64 66 66 84 84 94 94 62 41 41 23 23 16 16 12 11 11 9 9 9 8 8 10 10 7 7 8 11 11 15 15 16 16 16 18 18 22 22 25 29 29 34 34 27 16 16 16 16 22
134 134 120 120 158 194 194 238 238 220 220 198 175 175 132 132 123 147 147 149 149 133 133 114 103 103 84 84 70 70 68 70 70 75 75 85 88 88 81 81 79 79 76 67 67 62 62 64 66 66 84 84 94 94 62 41 41 23 23 16 16 12 11 11 9 9 9 8 8 10 10 7 7 8 11 11 15 15 16 16 16 18 18 22 22 25 29 29 34 34 27 16 16 16 16 22
151 151 167 167 184 223 223 274 274 286 286 274 229 229 183 183 175 174 174 165 165 156 156 134 123 123 114 114 99 99 101 101 101 102 102 99 82 82 74 74 71 71 63 59 59 47 47 42 39 39 38 38 47 47 43 38 38 26 26 22 22 14 10 10 10 10 10 10 10 12 12 10 10 8 8 8 12 12 18 19 16 18 18 22 22 25 29 29 34 34 27 16 16 16 16 22
151 151 167 167 184 223 223 274 274 286 286 274 229 229 183 183 175 174 174 165 165 156 156 134 123 123 114 114 99 99 101 101 101 102 102 99 82 82 74 74 71 71 63 59 59 47 47 42 39 39 38 38 47 47 43 38 38 26 26 22 22 14 10 10 10 10 10 10 10 12 12 10 10 8 8 8 12 12 18 19 19 14 14 16 16 23 31 31 38 38 36 21 21 14 14 9
151 151 167 167 184 223 223 274 274 286 286 274 229 229 183 183 175 174 174 165 165 156 156 134 123 123 114 114 99 99 101 101 101 102 102 99 82 82 74 74 71 71 63 59 59 47 47 42 39 39 38 38 47 47 43 38 38 26 26 22 22 14 10 10 10 10 10 10 10 12 12 10 10 8 8 8 12 12 18 19 19 14 14 16 16 23 31 31 38 38 36 21 21 14 14 9
186 186 207 207 248 267 267 290 290 319 319 312 285 285 254 254 214 191 191 172 172 162 162 168 156 156 138 138 118 118 117 107 107 109 109 92 77 77 69 69 61 61 59 54 54 52 52 55 47 47 33 33 28 28 24 21 21 18 18 17 17 13 11 11 10 10 10 10 10 10 10 10 10 8 7 7 10 10 14 17 17 22 22 25 25 34 45 45 46 46 38 23 23 9 9 0
186 186 207 207 248 267 267 290 290 319 319 312 285 285 254 254 214 191 191 172 172 162 162 168 156 156 138 138 118 118 117 107 107 109 109 92 77 77 69 69 61 61 59 54 54 52 52 55 47 47 33 33 28 28 24 21 21 18 18 17 13 13 11 11 10 10 10 10 10 10 10 10 10 8 7 7 10 10 14 17 17 22 22 25 25 34 45 45 46 46 38 23 23 9 9 0
225 225 230 230 242 268 268 262 262 266 266 278 303 303 276 276 241 197 197 161 161 146 146 133 138 138 128 128 105 105 91 83 83 84 84 79 82 82 72 72 64 64 52 49 49 52 52 52 54 54 47 47 35 35 26 23 23 17 17 15 11 11 10 10 8 8 8 10 10 8 8 8 8 9 7 7 10 10 16 27 27 32 32 26 26 16 17 17 15 15 10 5 5 1 1 0
225 225 230 230 242 268 268 262 262 266 266 278 303 303 276 276 241 197 197 161 161 146 146 133 138 138 128 128 105 105 91 83 83 84 84 79 82 82 72 72 64 64 52 49 49 52 52 52 54 54 47 47 35 35 26 23 23 17 17 15 11 11 10 10 8 8 8 10 10 8 8 8 8 9 7 7 10 10 16 27 27 32 32 26 26 16 17 17 15 15 10 5 5 1 1 0
193 193 200 200 233 260 260 220 220 215 215 235 289 289 300 300 257 197 197 135 135 114 114 102 105 105 105 105 94 94 80 71 71 67 67 72 67 67 59 59 62 62 52 41 41 41 41 42 50 50 40 40 30 30 23 17 17 19 19 18 13 13 10 10 8 8 8 7 7 9 9 6 6 8 7 7 9 9 9 10 10 11 11 10 10 9 9 9 9 9 8 0 0 0 0 0
193 193 200 200 233 260 260 220 220 215 215 235 289 289 300 300 257 197 197 135 135 114 114 102 105 105 105 105 94 94 80 71 71 67 67 72 67 67 59 59 62 62 52 41 41 41 41 42 50 50 40 40 30 30 23 17 17 19 19 18 13 13 10 10 8 8 8 7 7 9 9 6 6 8 7 7 9 9 9 10 10 11 11 10 10 9 9 9 9 9 8 0 0 0 0 0
193 193 200 200 233 260 260 220 220 215 215 235 289 289 300 300 257 197 197 135 135 114 114 102 105 105 105 105 94 80 80 71 71 67 67 72 67 67 59 59 62 62 52 41 41 41 41 42 50 50 40 40 30 30 23 17 17 19 19 18 13 13 10 10 8 8 8 7 7 9 9 6 6 8 7 7 9 9 9 10 10 11 11 10 10 9 9 9 9 9 8 0 0 0 0 0
171 171 186 186 211 207 207 193 193 169 169 183 235 235 263 263 252 207 207 168 168 130 130 110 93 93 87 87 80 75 75 65 65 55 55 64 57 57 49 49 56 56 51 48 48 38 38 39 41 41 29 29 25 25 17 12 12 12 12 13 12 12 10 10 7 7 7 8 8 7 7 7 7 9 7 7 6 6 6 4 4 6 6 7 7 9 11 11 9 9 1 0 0 0 0 0
171 171 186 186 211 207 207 193 193 169 169 183 235 235 263 263 252 207 207 168 168 130 130 110 93 93 87 87 80 75 75 65 65 55 55 64 57 57 49 49 56 56 51 48 48 38 38 39 41 41 29 29 25 25 17 12 12 12 12 13 12 12 10 10 7 7 7 8 8 7 7 7 7 9 7 7 6 6 6 4 4 6 6 7 7 9 11 11 9 9 1 0 0 0 0 0
154 154 174 174 176 151 151 150 150 125 125 155 191 191 216 216 210 239 239 175 175 132 132 115 95 95 73 73 69 62 62 63 63 53 53 52 49 49 45 45 50 50 47 42 42 31 31 33 35 35 24 24 18 18 19 20 20 26 26 29 17 17 9 9 7 7 7 7 7 7 7 6 6 6 5 5 5 5 5 4 4 5 5 5 5 6 9 9 8 8 0 0 0 0 0 0
154 154 174 174 176 151 151 150 150 125 125 155 191 191 216 216 210 239 239 175 175 132 132 115 95 95 73 73 69 62 62 63 63 53 53 52 49 49 45 45 50 50 47 42 42 31 31 33 35 35 24 24 18 18 19 20 20 26 26 29 17 17 9 9 7 7 7 7 7 7 7 6 6 6 5 5 5 5 5 4 4 5 5 5 5 6 9 9 8 8 0 0 0 0 0 0
168 168 189 189 167 120 120 115 115 99 99 138 183 183 174 174 189 233 233 200 200 150 150 120 97 97 82 82 74 67 67 54 54 45 45 40 39 39 39 39 35 35 38 34 34 28 28 32 31 31 24 24 26 26 27 26 26 34 34 28 22 22 26 26 9 9 9 7 7 7 7 6 6 5 6 6 5 5 5 2 2 4 4 6 6 9 11 11 2 2 0 0 0 0 0 0
168 168 189 189 167 120 120 115 115 99 99 138 183 183 174 174 189 233 233 200 200 150 150 120 97 97 82 82 74 67 67 54 54 45 45 40 39 39 39 39 35 35 38 34 34 28 28 32 31 31 24 24 26 26 27 26 26 34 34 28 22 22 26 26 9 9 9 7 7 7 7 6 6 5 6 6 5 5 5 2 2 4 4 6 6 9 11 11 2 2 0 0 0 0 0 0
105 105 115 115 149 132 132 89 89 83 83 126 183 183 174 174 189 233 233 200 200 150 150 120 97 97 82 82 74 67 67 54 54 45 45 40 39 39 39 39 35 35 38 34 34 28 28 32 31 31 24 24 26 26 27 26 26 34 34 28 22 22 26 26 9 9 9 7 7 7 7 6 6 5 6 6 5 5 5 2 2 4 4 6 6 9 11 11 2 2 0 0 0 0 0 0
105 105 115 115 149 132 132 89 89 83 83 126 167 167 133 133 166 168 168 193 193 177 177 149 99 99 78 78 65 55 55 51 51 48 48 41 37 37 35 35 31 31 28 25 25 24 24 29 29 29 33 33 33 33 24 16 16 15 15 13 11 11 9 9 6 6 6 5 5 5 5 3 3 4 5 5 4 4 5 4 4 4 4 5 5 11 7 7 0 0 0 0 0 0 0 0
105 105 115 115 149 132 132 89 89 83 83 126 167 167 133 133 166 168 168 193 193 177 177 149 99 99 78 78 65 55 55 51 51 48 48 41 37 37 35 35 31 31 28 25 25 24 24 29 29 29 33 33 33 33 24 16 16 15 15 13 11 11 9 9 6 6 6 5 5 5 5 3 3 4 5 5 4 4 5 4 4 4 4 5 5 11 7 7 0 0 0 0 0 0 0 0
