helipistas/1493500825_143_365/INPUT/LCP/Elevation.asc
ncols        161
nrows        216
xllcorner    473230.104338547797
yllcorner    4606450.711504123174
cellsize     100.000000000000
NODATA_value -9999
[rows 0 to 53 of 216, columns 0 to 95 of 161]
32767 193 193 188 146 146 107 107 78 86 86 111 111 127 127 109 108 108 97 97 92 95 95 84 84 81 81 81 78 78 85 85 91 89 89 88 88 93 93 87 77 77 82 82 81 74 74 72 72 69 69 67 67 67 68 68 70 74 74 77 77 71 71 70 77 77 77 77 82 82 85 84 84 88 88 90 92 92 95 95 98 98 101 110 110 118 118 120 124 124 128 128 128 128 123 131
32767 193 193 188 146 146 107 107 78 86 86 111 111 127 127 109 108 108 97 97 92 95 95 84 84 81 81 81 78 78 85 85 91 89 89 88 88 93 93 87 77 77 82 82 81 74 74 72 72 69 69 67 67 67 68 68 70 74 74 77 77 71 71 70 77 77 77 77 82 82 85 84 84 88 88 90 92 92 95 95 98 98 101 110 110 118 118 120 124 124 128 128 128 128 123 131
32767 187 187 183 136 136 99 99 86 79 79 85 85 98 98 95 116 116 120 120 96 82 82 82 82 81 81 80 89 89 91 91 82 78 78 90 90 88 88 83 73 73 77 77 72 68 68 69 69 70 70 70 70 70 74 74 76 78 78 76 76 75 75 74 75 75 75 75 80 80 82 90 90 88 88 90 92 92 95 95 98 98 101 110 110 118 118 120 124 124 128 128 128 128 123 131
32767 187 187 183 136 136 99 99 86 79 79 85 85 98 98 95 116 116 120 120 96 82 82 82 82 81 81 80 89 89 91 91 82 78 78 90 90 88 88 83 73 73 77 77 72 68 68 69 69 70 70 70 70 70 74 74 76 78 78 76 76 75 75 74 75 75 75 75 80 80 82 90 90 91 91 89 89 89 95 95 96 96 100 104 104 110 110 114 115 115 119 119 118 118 118 122
32767 187 187 183 136 136 99 99 86 79 79 85 85 98 98 95 116 116 120 120 96 82 82 82 82 81 81 80 89 89 91 91 82 78 78 90 90 88 88 83 73 73 77 77 72 68 68 69 69 70 70 70 70 70 74 74 76 78 78 76 76 75 75 74 75 75 75 75 80 80 82 90 90 91 91 89 89 89 95 95 96 96 100 104 104 110 110 114 115 115 119 119 118 118 118 122
32767 181 154 154 131 131 128 128 111 96 96 77 77 80 80 107 117 117 105 105 88 80 80 77 77 76 76 78 85 85 78 78 74 76 76 81 81 78 78 77 73 73 73 73 69 69 69 75 75 76 76 72 71 71 73 73 74 75 75 73 73 74 74 80 80 80 80 80 79 85 85 88 88 85 85 85 89 89 92 92 94 94 95 98 98 101 101 105 106 106 110 110 110 110 117 116
32767 181 154 154 131 131 128 128 111 96 96 77 77 80 80 107 117 117 105 105 88 80 80 77 77 76 76 78 85 85 78 78 74 76 76 81 81 78 78 77 73 73 73 73 69 69 69 75 75 76 76 72 71 71 73 73 74 75 75 73 73 74 74 80 80 80 80 80 79 85 85 88 88 85 85 85 89 89 92 92 94 94 95 98 98 101 101 105 106 106 110 110 110 110 117 116
32767 145 136 136 129 129 128 128 127 106 106 79 79 75 75 84 85 85 76 76 76 76 76 74 74 74 74 74 73 73 72 72 72 75 75 69 69 69 69 68 68 68 70 70 71 71 71 71 71 74 74 75 78 78 78 78 72 75 75 76 76 73 73 77 79 79 79 79 80 81 81 80 80 85 85 86 90 90 94 94 96 96 96 95 95 97 97 100 98 98 105 105 112 112 113 109
32767 145 136 136 129 129 128 128 127 106 106 79 79 75 75 84 85 85 76 76 76 76 76 74 74 74 74 74 73 73 72 72 72 75 75 69 69 69 69 68 68 68 70 70 71 71 71 71 71 74 74 75 78 78 78 78 72 75 75 76 76 73 73 77 79 79 79 79 80 81 81 80 80 85 85 86 90 90 94 94 96 96 96 95 95 97 97 100 98 98 105 105 112 112 113 109
32767 128 111 111 92 92 89 89 83 72 72 72 72 75 75 75 74 74 81 81 75 72 72 77 77 88 88 80 77 77 73 73 73 70 70 69 69 69 69 73 72 72 71 71 72 71 71 70 70 70 70 72 70 70 72 72 73 77 77 79 79 78 78 81 75 75 75 75 74 73 73 77 77 82 82 87 89 89 89 89 90 90 89 92 92 94 94 91 93 93 99 99 106 106 105 101
32767 128 111 111 92 92 89 89 83 72 72 72 72 75 75 75 74 74 81 81 75 72 72 77 77 88 88 80 77 77 73 73 73 70 70 69 69 69 69 73 72 72 71 71 72 71 71 70 70 70 70 72 70 70 72 72 73 77 77 79 79 78 78 81 75 75 75 75 74 73 73 77 77 82 82 87 89 89 89 89 90 90 89 92 92 94 94 91 93 93 99 99 106 106 105 101
32767 128 111 111 92 92 89 89 83 72 72 72 72 75 75 75 74 74 81 81 75 72 72 77 77 88 88 80 77 77 73 73 73 70 70 69 69 69 69 73 72 72 71 71 72 71 71 70 70 70 70 72 70 70 72 72 73 77 77 79 79 78 78 81 75 75 75 75 74 73 73 77 77 82 82 87 89 89 89 89 90 90 89 92 92 94 94 91 93 93 99 99 106 106 105 101
32767 114 89 89 76 76 70 70 70 74 74 98 98 93 93 93 104 104 112 112 106 103 103 90 90 120 120 109 97 97 84 84 79 68 68 74 74 75 75 78 77 77 77 77 73 73 73 70 70 73 73 70 69 69 74 74 75 78 78 76 76 75 75 78 75 75 75 75 79 76 76 74 74 76 76 81 85 85 87 87 88 88 89 90 90 89 89 96 97 97 99 99 99 99 96 105
32767 114 89 89 76 76 70 70 70 74 74 98 98 93 93 93 104 104 112 112 106 103 103 90 90 120 120 109 97 97 84 84 79 68 68 74 74 75 75 78 77 77 77 77 73 73 73 70 70 73 73 70 69 69 74 74 75 78 78 76 76 75 75 78 75 75 75 75 79 76 76 74 74 76 76 81 85 85 87 87 88 88 89 90 90 89 89 96 97 97 99 99 99 99 96 105
32767 125 94 94 72 72 69 69 69 74 74 114 114 138 125 125 131 131 143 143 141 118 118 106 106 123 123 110 100 100 102 102 86 74 74 81 81 90 90 80 82 82 82 82 74 74 74 71 71 72 72 72 73 73 74 74 78 81 81 81 81 75 75 79 82 82 82 82 80 81 81 78 78 76 76 77 81 81 81 81 83 83 89 91 91 95 95 94 94 94 92 92 92 92 96 100
32767 125 94 94 72 72 69 69 69 74 74 114 114 138 125 125 131 131 143 143 141 118 118 106 106 123 123 110 100 100 102 102 86 74 74 81 81 90 90 80 82 82 82 82 74 74 74 71 71 72 72 72 73 73 74 74 78 81 81 81 81 75 75 79 82 82 82 82 80 81 81 78 78 76 76 77 81 81 81 81 83 89 89 91 91 95 95 94 94 94 92 92 92 92 96 100
32767 109 71 71 67 67 69 69 73 95 95 120 120 139 145 145 135 135 135 135 144 143 143 138 138 124 124 112 94 94 84 84 81 91 91 103 103 93 93 79 82 82 87 87 84 81 81 74 74 75 75 76 71 71 73 73 75 76 76 76 76 77 77 80 80 80 80 80 79 81 81 78 78 79 79 78 79 79 82 82 88 91 91 92 92 92 92 87 86 86 88 88 89 89 90 91
32767 109 71 71 67 67 69 69 73 95 95 120 120 139 145 145 135 135 135 135 144 143 143 138 138 124 124 112 94 94 84 84 81 91 91 103 103 93 93 79 82 82 87 87 84 81 81 74 74 75 75 76 71 71 73 73 75 76 76 76 76 77 77 80 80 80 80 80 79 81 81 78 78 79 79 78 79 79 82 82 88 91 91 92 92 92 92 87 86 86 88 88 89 89 90 91
32767 86 65 65 72 67 69 69 73 95 95 120 120 139 145 145 135 135 135 135 144 143 143 138 138 124 124 112 94 94 84 84 81 91 91 103 103 93 93 79 82 82 87 87 84 81 81 74 74 75 75 76 71 71 73 73 75 76 76 76 76 77 77 80 80 80 80 80 79 81 81 78 78 79 79 78 79 79 82 82 88 91 91 92 92 92 92 87 86 86 88 88 89 89 90 91
32767 86 65 65 72 72 92 92 95 92 92 99 99 123 136 136 127 127 121 121 126 125 125 134 134 136 136 115 103 103 106 106 99 96 96 98 98 87 87 85 94 94 100 100 98 88 88 78 78 73 73 80 80 80 79 79 77 80 80 79 79 79 79 81 83 83 83 83 81 81 81 82 82 83 83 80 81 81 80 80 83 85 85 86 86 85 85 85 88 88 87 87 87 87 88 88
32767 86 65 65 72 72 92 92 95 92 92 99 99 123 136 136 127 127 121 121 126 125 125 134 134 136 136 115 103 103 106 106 99 96 96 98 98 87 87 85 94 94 100 100 98 88 88 78 78 73 73 80 80 80 79 79 77 80 80 79 79 79 79 81 83 83 83 83 81 81 81 82 82 83 83 80 81 81 80 80 83 85 85 86 86 85 85 85 88 88 87 87 87 87 88 88
32767 70 73 73 97 97 138 138 144 131 131 136 136 147 144 144 135 135 121 121 110 118 118 138 138 156 146 146 136 136 124 124 112 108 108 105 105 93 93 88 98 98 100 100 106 98 98 81 81 73 73 79 88 88 83 83 81 81 81 83 83 82 82 81 83 83 83 83 79 78 78 77 77 79 79 81 81 81 82 82 82 84 84 85 85 84 84 84 85 85 87 87 87 87 86 89
32767 70 73 73 97 97 138 138 144 131 131 136 136 147 144 144 135 135 121 121 110 118 118 138 138 156 146 146 136 136 124 124 112 108 108 105 105 93 93 88 98 98 100 100 106 98 98 81 81 73 73 79 88 88 83 83 81 81 81 83 83 82 82 81 83 83 83 83 79 78 78 77 77 79 79 81 81 81 82 82 82 84 84 85 85 84 84 84 85 85 87 87 87 87 86 89
32767 72 95 95 127 127 158 158 175 184 184 166 166 148 135 135 124 124 110 110 103 115 115 130 130 138 143 143 137 137 119 119 108 102 102 96 96 93 93 90 96 96 98 98 99 88 88 79 79 75 75 78 81 81 84 84 88 89 89 86 86 85 85 81 85 85 85 85 87 82 82 79 79 79 79 79 80 80 80 80 82 85 85 85 85 85 85 86 90 90 87 87 87 87 90 96
32767 72 95 95 127 127 158 158 175 184 184 166 166 148 135 135 124 124 110 110 103 115 115 130 130 138 143 143 137 137 119 119 108 102 102 96 96 93 93 90 96 96 98 98 99 88 88 79 79 75 75 78 81 81 84 84 88 89 89 86 86 85 85 81 85 85 85 85 87 82 82 79 79 79 79 79 80 80 80 80 82 85 85 85 85 85 85 86 90 90 87 87 87 87 90 96
32767 90 107 107 110 110 127 127 152 164 164 163 163 139 116 116 101 101 96 96 112 105 105 108 108 117 123 123 138 138 119 119 108 102 102 96 96 93 93 90 96 96 98 98 99 88 88 79 79 75 75 78 81 81 84 84 88 89 89 86 86 85 85 81 85 85 85 85 87 82 82 79 79 79 79 79 80 80 80 80 82 85 85 85 85 85 85 86 90 90 87 87 87 87 90 96
32767 90 107 107 110 110 127 127 152 164 164 163 163 139 116 116 101 101 96 96 112 105 105 108 108 117 123 123 138 138 127 127 108 108 108 105 105 98 98 94 93 93 98 98 99 92 92 86 86 79 79 77 77 77 80 80 86 91 91 93 93 94 94 88 85 85 85 85 90 86 86 82 82 80 80 84 83 83 82 82 81 84 84 86 86 86 86 85 91 91 90 90 90 90 95 97
32767 90 107 107 110 110 127 127 152 164 164 163 163 139 116 116 101 101 96 96 112 105 105 108 108 117 123 123 138 138 127 127 108 108 108 105 105 98 98 94 93 93 98 98 99 92 92 86 86 79 79 77 77 77 80 80 86 91 91 93 93 94 94 88 85 85 85 85 90 86 86 82 82 80 80 84 83 83 82 82 81 84 84 86 86 86 86 85 91 91 90 90 90 95 95 97
32767 82 90 90 108 108 127 127 137 155 155 157 157 149 119 119 97 97 92 92 108 93 93 111 111 138 139 139 144 144 129 129 112 129 129 119 119 102 102 97 98 98 102 102 101 94 94 86 86 79 79 78 83 83 86 86 83 90 90 97 97 94 94 91 90 90 90 90 91 88 88 85 85 84 84 84 84 84 84 84 84 86 86 88 88 87 87 88 88 88 90 90 97 98 98 97
32767 82 90 90 108 108 127 127 137 155 155 157 157 149 119 119 97 97 92 92 108 93 93 111 111 138 139 139 144 144 129 129 112 129 129 119 119 102 97 97 98 98 102 102 101 94 94 86 86 79 79 78 83 83 86 86 83 90 90 97 97 94 94 91 90 90 90 90 91 88 88 85 85 84 84 84 84 84 84 84 84 86 86 88 88 87 87 88 88 88 90 90 97 98 98 97
32767 103 112 112 115 115 119 119 145 143 143 129 129 122 111 111 100 100 83 83 87 109 109 115 115 117 126 126 143 143 145 145 129 141 141 115 115 103 101 101 106 106 108 108 101 91 91 80 80 82 82 85 95 95 90 90 92 88 88 89 89 91 91 96 97 97 97 97 92 92 92 92 92 87 87 83 84 84 84 84 86 86 86 88 88 91 91 91 90 90 89 89 94 102 102 102
32767 103 112 112 115 115 119 119 145 143 143 129 129 122 111 111 100 100 83 83 87 109 109 115 115 117 126 126 143 143 145 145 129 141 141 115 115 103 101 101 106 106 108 108 101 91 91 80 80 82 82 85 95 95 90 90 92 88 88 89 89 91 91 96 97 97 97 97 92 92 92 92 92 87 87 83 84 84 84 84 86 86 86 88 88 91 91 91 90 90 89 89 94 102 102 102
32767 107 103 103 112 112 135 135 138 131 131 109 109 94 89 89 78 78 81 81 84 97 97 97 97 111 125 125 150 150 153 153 132 122 122 109 109 105 107 107 109 109 106 106 100 92 92 81 81 82 82 95 101 101 95 95 92 88 88 89 89 91 91 96 97 97 97 97 92 92 92 92 92 87 87 83 84 84 84 84 86 86 86 88 88 91 91 91 90 90 89 89 94 102 102 102
32767 107 103 103 112 112 135 135 138 131 131 109 109 94 89 89 78 78 81 81 84 97 97 97 97 111 125 125 150 150 153 153 132 122 122 109 109 105 107 107 109 109 106 106 100 92 92 81 81 82 82 95 101 101 95 95 101 95 95 91 91 92 92 99 102 102 102 102 99 100 100 96 96 91 91 85 85 85 86 86 92 94 94 93 93 93 93 93 94 94 91 91 92 98 98 105
32767 107 103 103 112 112 135 135 138 131 131 109 109 94 89 89 78 78 81 81 84 97 97 97 97 111 125 125 150 150 153 153 132 122 122 109 109 105 107 107 109 109 106 106 100 92 92 81 81 82 82 95 101 101 95 95 101 95 95 91 91 92 92 99 102 102 102 102 99 100 100 96 96 91 91 85 85 85 86 86 92 94 94 93 93 93 93 93 94 94 91 91 92 98 98 105
32767 82 97 97 118 118 147 147 121 107 107 104 104 85 69 69 83 83 103 103 98 97 97 104 104 122 150 150 169 169 148 148 125 122 122 129 129 116 123 123 141 141 124 124 106 93 93 84 84 84 84 94 100 100 98 98 103 100 100 97 97 95 95 102 107 107 107 107 109 102 102 97 97 94 94 90 91 91 87 87 91 94 94 96 96 94 94 94 98 98 97 97 96 102 102 102
32767 82 97 97 118 118 147 147 121 107 107 104 104 85 69 69 83 83 103 103 98 97 97 104 104 122 150 150 169 169 148 148 125 122 122 129 129 116 123 123 141 141 124 124 106 93 93 84 84 84 84 94 100 100 98 98 103 100 100 97 97 95 95 102 107 107 107 107 109 102 102 97 97 94 94 90 91 91 87 87 91 94 94 96 96 94 94 94 98 98 97 97 96 102 102 102
32767 95 124 124 132 132 128 128 116 94 94 89 89 73 81 81 96 96 103 103 110 116 116 118 118 123 131 131 137 137 136 136 127 141 141 153 153 138 150 150 150 150 134 134 116 100 100 87 87 85 85 93 98 98 96 96 95 97 97 104 104 103 103 107 114 114 114 114 114 114 114 107 107 98 98 98 99 99 96 96 101 103 103 99 99 93 93 95 101 101 102 102 103 106 106 111
32767 95 124 124 132 132 128 128 116 94 94 89 89 73 81 81 96 96 103 103 110 116 116 118 118 123 131 131 137 137 136 136 127 141 141 153 153 138 150 150 150 150 134 134 116 100 100 87 87 85 85 93 98 98 96 96 95 97 97 104 104 103 103 107 114 114 114 114 114 114 114 107 107 98 98 98 99 99 96 96 101 103 103 99 99 93 93 95 101 101 102 102 103 106 106 111
32767 107 115 115 109 109 111 111 102 94 94 78 78 66 81 81 103 103 88 88 94 102 102 114 114 114 119 119 128 128 138 138 131 124 124 133 133 151 161 161 134 134 122 122 112 99 99 97 97 90 84 84 87 87 88 88 91 99 99 111 111 113 113 112 114 114 114 114 116 117 117 118 118 110 110 106 105 105 106 106 109 103 103 99 99 93 93 95 101 101 102 102 103 106 106 111
32767 107 115 115 109 109 111 111 102 94 94 78 78 66 81 81 103 103 88 88 94 102 102 114 114 114 119 119 128 128 138 138 131 124 124 133 133 151 161 161 134 134 122 122 112 99 99 97 97 90 84 84 87 87 88 88 91 99 99 111 111 113 113 112 114 114 114 114 116 117 117 118 118 110 110 106 105 105 106 106 109 110 110 105 105 95 95 105 111 111 111 111 115 117 117 115
32767 107 115 115 109 109 111 111 102 94 94 78 78 66 81 81 103 103 88 88 94 102 102 114 114 114 119 119 128 128 138 138 131 124 124 133 133 151 161 161 134 134 122 122 112 99 99 97 97 90 84 84 87 87 88 88 91 99 99 111 111 113 113 112 114 114 114 114 116 117 117 118 118 110 110 106 105 105 106 106 109 110 110 105 105 95 95 105 111 111 111 111 115 117 117 115
32767 90 92 92 97 97 96 96 87 81 81 80 80 63 78 78 91 91 76 76 89 84 84 106 106 123 125 125 124 124 125 125 121 115 115 130 130 137 152 152 136 136 117 117 111 108 108 116 116 106 94 94 99 99 97 97 89 93 93 100 100 100 100 104 109 109 109 109 115 120 120 124 124 118 118 113 116 116 116 116 119 119 119 109 109 99 99 108 122 122 123 123 127 135 135 133
32767 90 92 92 97 97 96 96 87 81 81 80 80 63 78 78 91 91 76 76 89 84 84 106 106 123 125 125 124 124 125 125 121 115 115 130 130 137 152 152 136 136 117 117 111 108 108 116 116 106 94 94 99 99 97 97 89 93 93 100 100 100 100 104 109 109 109 109 115 120 120 124 124 118 118 113 116 116 116 116 119 119 119 109 109 99 99 108 122 122 123 123 127 135 135 133
32767 74 85 85 106 106 109 109 97 75 75 68 68 63 67 67 67 67 62 62 71 96 96 140 140 149 135 135 120 120 114 114 105 116 116 128 128 126 128 128 124 124 132 132 131 131 131 125 125 114 101 101 105 105 107 107 98 107 107 102 102 106 106 109 106 106 106 106 109 118 118 117 117 121 121 120 125 125 129 129 128 121 121 118 118 110 110 106 126 126 139 139 143 142 142 133
32767 74 85 85 106 106 109 109 97 75 75 68 68 63 67 67 67 67 62 62 71 96 96 140 140 149 135 135 120 120 114 114 105 116 116 128 128 126 128 128 124 124 132 132 131 131 131 125 125 114 101 101 105 105 107 107 98 107 107 102 102 106 106 109 106 106 106 106 109 118 118 117 117 121 121 120 125 125 129 129 128 121 121 118 118 110 110 106 126 126 139 139 143 142 142 133
32767 63 76 76 82 82 81 81 74 65 65 55 55 58 65 65 78 78 72 72 83 96 96 121 121 150 132 132 103 103 101 101 110 111 111 102 102 103 113 113 119 119 129 129 146 156 156 136 136 116 107 107 121 121 115 115 102 109 109 118 118 117 117 117 114 114 114 114 104 105 105 107 107 115 115 121 125 125 132 132 137 134 134 130 130 112 112 113 129 129 139 139 136 138 138 139
32767 63 76 76 82 82 81 81 74 65 65 55 55 58 65 65 78 78 72 72 83 96 96 121 121 150 132 132 103 103 101 101 110 111 111 102 102 103 113 113 119 119 129 129 146 156 156 136 136 116 107 107 121 121 115 115 102 109 109 118 118 117 117 117 114 114 114 114 104 105 105 107 107 115 115 121 125 125 132 132 137 134 134 130 130 112 112 113 129 129 139 139 136 138 138 139
32767 63 76 76 82 82 81 74 74 65 65 55 55 58 65 65 78 78 72 72 83 96 96 121 121 150 132 132 103 103 101 101 110 111 111 102 102 103 113 113 119 119 129 129 146 156 156 136 136 116 107 107 121 121 115 115 102 109 109 118 118 117 117 117 114 114 114 114 104 105 105 107 107 115 115 121 125 125 132 132 137 134 134 130 130 112 112 113 129 129 139 139 136 138 138 139
32767 65 85 85 93 93 96 85 85 72 72 58 58 57 80 80 82 82 75 75 90 98 98 110 110 127 104 104 86 86 98 98 91 94 94 112 112 130 125 125 139 139 140 140 153 165 165 143 143 118 116 116 130 130 130 130 117 116 116 109 109 122 122 122 122 122 122 122 114 108 108 114 114 111 111 118 122 122 126 126 129 134 134 132 132 115 115 108 107 107 110 110 124 143 143 149
32767 65 85 85 93 93 96 85 85 72 72 58 58 57 80 80 82 82 75 75 90 98 98 110 110 127 104 104 86 86 98 98 91 94 94 112 112 130 125 125 139 139 140 140 153 165 165 143 143 118 116 116 130 130 130 130 117 116 116 109 109 122 122 122 122 122 122 122 114 108 108 114 114 111 111 118 122 122 126 126 129 134 134 132 132 115 115 108 107 107 110 110 124 143 143 149
32767 76 76 76 90 90 111 102 102 83 83 69 69 54 64 64 68 68 73 73 88 103 103 124 124 107 84 84 78 78 81 81 94 114 114 136 136 158 148 148 161 161 172 172 171 149 149 128 128 125 144 144 137 137 129 129 128 120 120 108 108 116 127 127 125 125 125 125 116 105 105 109 109 115 115 119 128 128 131 131 134 132 132 135 135 128 128 120 108 108 120 120 135 135 135 150
32767 76 76 76 90 90 111 102 102 83 83 69 69 54 64 64 68 68 73 73 88 103 103 124 124 107 84 84 78 78 81 81 94 114 114 136 136 158 148 148 161 161 172 172 171 149 149 128 128 125 144 144 137 137 129 129 128 120 120 108 108 116 127 127 125 125 125 125 116 105 105 109 109 115 115 119 128 128 131 131 134 132 132 135 135 128 128 120 108 108 120 120 135 135 135 150
32767 61 74 74 95 95 101 97 97 87 87 62 62 55 83 83 100 100 95 95 96 107 107 110 110 88 72 72 85 85 100 100 104 107 107 123 123 144 155 155 173 173 209 209 194 162 162 145 145 143 147 147 137 137 128 128 119 120 120 122 122 122 136 136 133 133 133 133 130 116 116 114 114 111 111 116 121 121 122 122 124 131 131 137 137 136 136 121 112 112 114 114 115 120 120 127
