helipistas/1493500825_143_365/INPUT/LCP/Elevation.asc
ncols        161
nrows        216
xllcorner    473230.104338547797
yllcorner    4606450.711504123174
cellsize     100.000000000000
NODATA_value -9999
[rows 54 to 107 of 216, columns 0 to 95 of 161]
32767 61 74 74 95 95 101 97 97 87 87 62 62 55 83 83 100 100 95 95 96 107 107 110 110 88 72 72 85 85 100 100 104 107 107 123 123 144 155 155 173 173 209 209 194 162 162 145 145 143 147 147 137 137 128 128 119 120 120 122 122 122 136 136 133 133 133 133 130 116 116 114 114 111 111 116 121 121 122 122 124 131 131 137 137 136 136 121 112 112 114 114 115 120 120 127
32767 59 78 78 102 102 100 81 81 64 64 52 52 55 83 83 100 100 95 95 96 107 107 110 110 88 72 72 85 85 100 100 104 107 107 123 123 144 155 155 173 173 209 209 194 162 162 145 145 143 147 147 137 137 128 128 119 120 120 122 122 122 136 136 133 133 133 133 130 116 116 114 114 111 111 116 121 121 122 122 124 131 131 137 137 136 136 121 112 112 114 114 115 120 120 127
32767 59 78 78 102 102 100 81 81 64 64 52 52 57 80 80 112 112 108 108 100 95 95 91 91 72 71 71 89 89 96 96 112 129 129 145 145 148 149 149 170 170 187 187 194 182 182 156 156 152 152 152 154 154 145 145 128 129 129 135 135 133 139 139 137 137 137 137 125 129 129 130 130 129 129 125 128 128 127 127 126 126 126 143 143 139 139 127 129 129 129 129 125 119 119 129
32767 59 78 78 102 102 100 81 81 64 64 52 52 57 80 80 112 112 108 100 100 95 95 91 91 72 71 71 89 89 96 96 112 129 129 145 145 148 149 149 170 170 187 187 194 182 182 156 156 152 152 152 154 154 145 145 128 129 129 135 135 133 139 139 137 137 137 137 125 129 129 130 130 129 129 125 128 128 127 127 126 126 126 143 143 139 139 127 129 129 129 129 125 119 119 129
32767 67 79 79 98 98 96 80 80 59 59 55 55 81 97 97 99 99 84 73 73 74 74 75 75 64 79 79 89 89 101 101 120 143 143 142 142 131 136 136 143 143 160 160 182 177 177 171 171 170 164 164 154 154 145 145 151 142 142 148 148 148 146 146 146 146 146 146 137 142 142 142 142 143 143 137 143 143 146 146 145 133 133 140 140 141 141 143 142 142 144 144 137 125 125 145
32767 67 79 79 98 98 96 80 80 59 59 55 55 81 97 97 99 99 84 73 73 74 74 75 75 64 79 79 89 89 101 101 120 143 143 142 142 131 136 136 143 143 160 160 182 177 177 171 171 170 164 164 154 154 145 145 151 142 142 148 148 148 146 146 146 146 146 146 137 142 142 142 142 143 143 137 143 143 146 146 145 133 133 140 140 141 141 143 142 142 144 144 137 125 125 145
32767 104 110 110 112 112 97 71 71 52 52 54 54 70 77 77 67 67 61 73 73 84 84 75 75 62 79 79 102 102 129 129 138 120 120 117 117 137 160 160 172 172 168 168 170 156 156 154 154 177 168 168 171 171 178 178 176 162 162 159 159 160 160 160 159 159 159 159 153 152 152 160 160 161 161 161 164 164 161 161 151 137 137 135 135 146 146 162 165 165 153 153 146 137 137 141
32767 104 110 110 112 112 97 71 71 52 52 54 54 70 77 77 67 67 61 73 73 84 84 75 75 62 79 79 102 102 129 129 138 120 120 117 117 137 160 160 172 172 168 168 170 156 156 154 154 177 168 168 171 171 178 178 176 162 162 159 159 160 160 160 159 159 159 159 153 152 152 160 160 161 161 161 164 164 161 161 151 137 137 135 135 146 146 162 165 165 153 153 146 137 137 141
32767 87 88 88 72 72 70 63 63 49 49 49 49 51 50 50 51 51 64 78 78 83 83 65 65 73 99 99 113 113 123 123 111 111 111 145 145 166 160 160 172 172 168 168 170 156 156 154 154 177 168 168 171 171 178 178 176 162 162 159 159 160 160 160 159 159 159 159 153 152 152 160 160 161 161 161 164 164 161 161 151 137 137 135 135 146 146 162 165 165 153 153 146 137 137 141
32767 87 88 88 72 72 70 63 63 49 49 49 49 51 50 50 51 51 64 78 78 83 83 65 65 73 99 99 113 113 123 123 111 111 111 145 145 166 181 181 170 170 143 143 140 129 129 157 157 168 165 165 165 165 161 161 172 180 180 172 172 179 180 180 182 182 182 182 175 171 171 182 182 187 179 179 171 171 163 163 154 146 146 139 139 140 140 153 167 167 173 173 161 161 161 146
32767 87 88 88 72 72 70 63 63 49 49 49 49 51 50 50 51 51 64 78 78 83 83 65 65 73 99 99 113 113 123 123 111 111 111 145 145 166 181 181 170 170 143 143 140 129 129 157 157 168 165 165 165 165 161 161 172 180 180 172 172 179 180 180 182 182 182 182 175 171 171 182 182 187 179 179 171 171 163 163 154 146 146 139 139 140 140 153 167 167 173 173 161 161 161 146
32767 58 55 55 55 55 52 49 49 49 49 48 48 44 52 52 65 65 86 89 89 86 86 72 72 66 83 83 88 88 91 91 109 137 137 143 143 165 172 172 156 156 144 144 116 121 121 129 129 136 145 145 150 150 136 136 145 160 160 157 157 160 160 160 185 185 185 185 188 165 165 164 164 166 164 164 165 165 164 164 154 151 151 157 157 150 150 149 162 162 176 176 192 190 190 167
32767 58 55 55 55 55 52 49 49 49 49 48 48 44 52 52 65 65 86 89 89 86 86 72 72 66 83 83 88 88 91 91 109 137 137 143 143 165 172 172 156 156 144 144 116 121 121 129 129 136 145 145 150 150 136 136 145 160 160 157 157 160 160 160 185 185 185 185 188 165 165 164 164 166 164 164 165 165 164 164 154 151 151 157 157 150 150 149 162 162 176 176 192 190 190 167
32767 56 55 55 56 56 51 51 51 46 46 43 43 54 85 85 97 97 104 104 104 99 99 66 66 70 79 79 72 72 99 114 114 116 116 146 146 149 144 144 134 134 110 110 99 112 112 128 128 118 126 126 115 115 130 130 152 161 161 137 137 126 125 125 142 142 142 142 146 125 125 127 127 127 129 129 132 132 141 141 157 163 163 170 170 162 162 170 166 166 184 184 200 200 200 179
32767 56 55 55 56 56 51 51 51 46 46 43 43 54 85 85 97 97 104 104 104 99 99 66 66 70 79 79 72 72 99 114 114 116 116 146 146 149 144 144 134 134 110 110 99 112 112 128 128 118 126 126 115 115 130 130 152 161 161 137 137 126 125 125 142 142 142 142 146 125 125 127 127 127 129 129 132 132 141 141 157 163 163 170 170 162 162 170 166 166 184 184 200 200 200 179
32767 49 46 46 47 47 53 62 62 48 48 47 47 54 81 81 87 87 90 104 104 84 84 56 56 56 64 64 82 82 87 95 95 122 122 138 138 123 111 111 116 116 93 93 96 113 113 122 122 109 101 101 114 114 129 129 140 137 137 127 127 103 100 100 142 142 142 142 146 125 125 127 127 127 129 129 132 132 141 141 157 163 163 170 170 162 162 170 166 166 184 184 200 200 200 179
32767 49 46 46 47 47 53 62 62 48 48 47 47 54 81 81 87 87 90 104 104 84 84 56 56 56 64 64 82 82 87 95 95 122 122 138 138 123 111 111 116 116 93 93 96 113 113 122 122 109 101 101 114 114 129 129 140 137 137 127 127 103 100 100 104 104 104 104 106 111 111 127 127 136 152 152 143 143 162 162 195 185 185 190 190 182 182 200 198 198 205 205 215 217 217 216
32767 49 46 46 47 47 53 62 62 48 48 47 47 54 81 81 87 87 90 104 104 84 84 56 56 56 64 64 82 82 87 95 95 122 122 138 138 123 111 111 116 116 93 93 96 113 113 122 122 109 101 101 114 114 129 129 140 137 137 127 127 103 100 100 104 104 104 104 106 111 111 127 127 136 152 152 143 143 162 162 195 185 185 190 190 182 182 200 198 198 205 205 215 217 217 216
32767 51 62 62 68 68 81 71 71 48 48 44 44 52 74 74 71 71 84 92 92 78 78 50 50 52 67 67 70 70 82 102 102 117 117 121 121 105 86 86 87 87 78 78 92 108 108 120 120 101 94 94 115 115 132 132 142 130 130 108 108 87 86 86 103 103 103 103 118 128 128 153 153 165 187 187 180 180 176 176 217 229 229 231 231 221 221 232 242 242 236 236 228 216 216 212
32767 51 62 62 68 68 81 71 71 48 48 44 44 52 74 74 71 71 84 92 92 78 78 50 50 52 67 67 70 70 82 102 102 117 117 121 121 105 86 86 87 87 78 78 92 108 108 120 120 101 94 94 115 115 132 132 142 130 130 108 108 87 86 86 103 103 103 103 118 128 128 153 153 165 187 187 180 180 176 176 217 229 229 231 231 221 221 232 242 242 236 236 228 216 216 212
32767 75 97 97 83 83 64 44 44 45 45 43 43 56 64 64 62 62 75 79 79 58 58 46 46 58 84 84 94 94 92 95 95 99 99 107 107 112 94 94 71 71 85 85 111 125 125 107 107 89 94 94 110 110 128 128 140 132 132 102 102 79 87 87 106 106 106 106 127 157 157 159 159 186 222 222 232 232 208 208 247 293 293 296 296 281 281 258 234 234 204 204 193 177 177 177
32767 75 97 97 83 83 64 44 44 45 45 43 43 56 64 64 62 62 75 79 79 58 58 46 46 58 84 84 94 94 92 95 95 99 99 107 107 112 94 94 71 71 85 85 111 125 125 107 107 89 94 94 110 110 128 128 140 132 132 102 102 79 87 87 106 106 106 106 127 157 157 159 159 186 222 222 232 232 208 208 247 293 293 296 296 281 281 258 234 234 204 204 193 177 177 177
32767 101 100 100 87 87 62 43 43 43 43 43 43 53 60 60 52 52 58 54 54 46 46 41 41 58 83 83 74 74 79 100 100 107 107 93 93 97 76 76 69 69 91 91 96 91 91 80 80 92 119 119 127 127 121 121 108 97 97 79 79 83 105 105 134 134 134 134 151 174 174 201 201 214 242 242 247 247 245 245 261 288 288 270 270 241 210 210 196 234 204 204 193 177 177 177
32767 101 100 100 87 87 62 43 43 43 43 43 43 53 60 60 52 52 58 54 54 46 46 41 41 58 83 83 74 74 79 100 100 107 107 93 93 97 76 76 69 69 91 91 96 91 91 80 80 92 119 119 127 127 121 121 108 97 97 79 79 83 105 105 134 134 134 134 151 174 174 201 201 214 242 242 247 247 245 245 261 288 288 270 270 241 210 210 196 196 175 175 163 155 155 143
32767 101 100 100 87 87 62 43 43 43 43 43 43 53 60 60 52 52 58 54 54 46 46 41 41 58 83 83 74 74 79 100 100 107 107 93 93 97 76 76 69 69 91 91 96 91 91 80 80 92 119 119 127 127 121 121 108 97 97 79 79 83 105 105 134 134 134 134 151 174 174 201 201 214 242 242 247 247 245 245 261 288 288 270 270 241 210 210 196 196 175 175 163 155 155 143
32767 95 99 99 95 95 78 59 59 40 40 38 38 38 44 44 47 47 40 36 36 39 39 45 45 64 76 76 63 63 75 97 97 105 105 88 88 77 63 63 76 76 80 67 67 76 76 92 92 111 124 124 107 107 91 91 91 70 70 83 83 108 130 130 139 139 139 139 150 174 174 191 191 188 201 201 202 202 212 212 230 261 261 258 258 224 203 203 204 204 200 200 208 182 182 175
32767 95 99 99 95 95 78 59 59 40 40 38 38 38 44 44 47 47 40 36 36 39 39 45 45 64 76 76 63 63 75 97 97 105 105 88 88 77 63 63 76 76 80 67 67 76 76 92 92 111 124 124 107 107 91 91 91 70 70 83 83 108 130 130 139 139 139 139 150 174 174 191 191 188 201 201 202 202 212 212 230 261 261 258 258 224 203 203 204 204 200 200 208 182 182 175
87 87 84 84 93 93 85 71 71 58 58 40 40 36 38 38 42 42 44 42 42 44 44 45 45 51 56 56 61 61 79 88 88 88 88 81 81 68 52 52 58 58 62 76 76 94 94 115 115 123 106 106 98 98 81 81 73 63 63 85 85 108 112 112 131 131 131 131 144 147 147 160 160 181 199 199 222 222 243 243 257 259 259 267 267 253 238 238 260 260 267 267 269 238 238 220
87 87 84 84 93 93 85 71 71 58 58 40 40 36 38 38 42 42 44 42 42 44 44 45 45 51 56 56 61 61 79 88 88 88 88 81 81 68 52 52 58 58 62 76 76 94 94 115 115 123 106 106 98 98 81 81 73 63 63 85 85 108 112 112 131 131 131 131 144 147 147 160 160 181 199 199 222 222 243 243 257 259 259 267 267 253 238 238 260 260 267 267 269 238 238 220
81 81 69 69 74 74 75 66 66 51 51 42 42 42 36 36 37 37 48 44 44 35 35 36 36 43 59 59 67 67 75 78 78 75 75 74 74 62 50 50 63 63 77 99 99 116 116 111 111 100 85 85 64 64 59 59 59 69 69 78 78 96 119 119 127 127 127 127 135 162 162 189 189 231 252 252 263 263 266 266 260 221 221 219 219 243 266 266 284 284 269 269 253 241 241 231
81 81 69 69 74 74 75 66 66 51 51 42 42 42 36 36 37 37 48 44 44 35 35 36 36 43 59 59 67 67 75 78 78 75 75 74 74 62 50 50 63 63 77 99 99 116 116 111 111 100 85 85 64 64 59 59 59 69 69 78 78 96 119 119 127 127 127 127 135 162 162 189 189 231 252 252 263 263 266 266 260 221 221 219 219 243 266 266 284 284 269 269 253 241 241 231
81 81 69 69 74 74 75 66 66 51 51 42 42 42 36 36 37 37 48 44 44 35 35 36 36 43 59 59 67 67 75 78 78 75 75 74 74 62 50 50 63 63 77 99 99 116 116 111 111 100 85 85 64 64 59 59 59 69 69 78 78 96 119 119 127 127 127 127 135 162 162 189 189 231 252 252 263 263 266 266 260 221 221 219 219 243 266 266 284 284 269 269 253 241 241 231
73 73 63 63 58 58 64 61 61 64 64 66 66 51 36 36 37 37 35 38 38 35 35 33 33 34 44 44 50 50 62 61 61 69 69 61 61 49 54 54 71 71 90 100 100 100 100 97 97 83 71 71 51 51 62 62 76 81 81 89 89 93 105 105 118 118 118 118 157 210 210 238 238 275 266 266 240 240 216 216 211 177 177 160 160 178 228 228 270 270 244 244 216 209 209 204
73 73 63 63 58 58 64 61 61 64 64 66 66 51 36 36 37 37 35 38 38 35 35 33 33 34 44 44 50 50 62 61 61 69 69 61 61 49 54 54 71 71 90 100 100 100 100 97 97 83 71 71 51 51 62 62 76 81 81 89 89 93 105 105 118 118 118 118 157 210 210 238 238 275 266 266 240 240 216 216 211 177 177 160 160 178 228 228 270 270 244 244 216 209 209 204
71 71 65 65 62 62 53 50 50 54 54 59 59 57 42 42 38 38 36 34 34 35 35 33 33 35 38 38 47 47 58 51 51 56 56 48 48 48 71 71 89 89 87 80 80 80 80 86 86 84 62 62 52 52 55 55 83 105 105 118 118 133 142 142 170 170 170 170 205 254 254 270 270 263 228 228 186 186 164 164 145 133 133 150 150 187 243 243 264 264 231 231 195 177 177 185
71 71 65 65 62 62 53 50 50 54 54 59 59 57 42 42 38 38 36 34 34 35 35 33 33 35 38 38 47 47 58 51 51 56 56 48 48 48 71 71 89 89 87 80 80 80 80 86 86 84 62 62 52 52 55 55 83 105 105 118 118 133 142 142 170 170 170 170 205 254 254 270 270 263 228 228 186 186 164 164 145 133 133 150 150 187 243 243 264 264 231 231 195 177 177 185
79 79 75 75 69 69 61 53 53 42 42 56 56 62 56 56 51 51 39 36 36 32 32 34 34 38 37 37 43 43 53 43 43 42 42 49 49 60 74 74 85 85 73 63 63 68 68 73 73 71 52 52 46 46 60 60 85 119 119 142 142 161 195 195 224 224 224 224 228 230 230 212 212 188 176 176 169 169 150 150 131 120 120 155 155 192 220 220 242 242 221 221 200 186 186 169
79 79 75 75 69 69 61 53 53 42 42 56 56 62 56 56 51 51 39 36 36 32 32 34 34 38 37 37 43 43 53 43 43 42 42 49 49 60 74 74 85 85 73 63 63 68 68 73 73 71 52 52 46 46 60 60 85 119 119 142 142 161 195 195 224 224 224 224 228 230 230 212 212 188 176 176 169 169 150 150 131 120 120 155 155 192 220 220 242 242 221 221 200 186 186 169
71 71 64 64 68 68 67 59 59 45 45 41 45 45 48 48 52 52 39 35 35 32 32 34 34 38 37 37 43 43 53 43 43 42 42 49 49 60 74 74 85 85 73 63 63 68 68 73 73 71 52 52 46 46 60 85 85 119 119 142 142 161 195 195 224 224 224 224 228 230 230 212 212 188 176 176 169 169 150 150 131 120 120 155 155 192 220 220 242 242 221 221 200 186 186 169
71 71 64 64 68 68 67 59 59 45 45 41 45 45 48 48 52 52 39 35 35 33 33 33 33 33 33 33 53 53 55 37 37 44 44 54 54 61 67 67 68 68 65 53 53 63 63 55 55 45 44 44 60 60 80 99 99 110 110 120 120 139 171 171 174 174 174 174 165 163 163 165 165 142 129 129 130 130 107 107 98 115 115 141 141 179 227 227 240 240 207 207 199 193 193 165
71 71 64 64 68 68 67 59 59 45 45 41 45 45 48 48 52 52 39 35 35 33 33 33 33 33 33 33 53 53 55 37 37 44 44 54 54 61 67 67 68 68 65 53 53 63 63 55 55 45 44 44 60 60 80 99 99 110 110 120 120 139 171 171 174 174 174 174 165 163 163 165 165 142 129 129 130 130 107 107 98 115 115 141 141 179 227 227 240 240 207 207 199 193 193 165
71 71 61 61 54 54 54 49 49 44 44 39 36 36 44 44 51 51 37 34 34 33 33 33 33 31 40 40 56 56 47 34 34 44 44 45 45 53 55 55 47 47 48 59 59 61 61 44 44 39 54 54 68 68 91 109 109 120 120 138 138 151 152 152 134 134 134 134 127 128 128 149 149 136 114 114 95 95 85 85 109 139 139 153 153 197 242 242 216 216 184 184 165 155 155 136
71 71 61 61 54 54 54 49 49 44 44 39 36 36 44 44 51 51 37 34 34 33 33 33 33 31 40 40 56 56 47 34 34 44 44 45 45 53 55 55 47 47 48 59 59 61 61 44 44 39 54 54 68 68 91 109 109 120 120 138 138 151 152 152 134 134 134 134 127 128 128 149 149 136 114 114 95 95 85 85 109 139 139 153 153 197 242 242 216 216 184 184 165 155 155 136
59 59 56 56 53 53 51 55 55 56 56 50 42 42 37 37 47 47 35 31 31 34 34 34 34 34 46 46 53 53 38 31 31 41 41 38 38 41 45 45 51 51 65 57 57 38 38 36 36 41 70 70 99 99 119 136 136 129 129 129 129 142 126 126 105 105 105 105 103 120 120 136 136 122 100 100 79 79 89 89 115 108 108 123 123 146 164 164 162 162 166 166 174 154 154 127
59 59 56 56 53 53 51 55 55 56 56 50 42 42 37 37 47 47 35 31 31 34 34 34 34 34 46 46 53 53 38 31 31 41 41 38 38 41 45 45 51 51 65 57 57 38 38 36 36 41 70 70 99 99 119 136 136 129 129 129 129 142 126 126 105 105 105 105 103 120 120 136 136 122 100 100 79 79 89 89 115 108 108 123 123 146 164 164 162 162 166 166 174 154 154 127
55 55 47 47 43 43 43 42 42 45 45 54 52 52 44 44 37 37 34 30 30 30 30 29 29 30 39 39 43 43 30 32 32 39 39 43 43 45 45 45 52 52 56 47 47 32 32 36 36 41 70 70 99 99 119 136 136 129 129 129 129 142 126 126 105 105 105 105 103 120 120 136 136 122 100 100 79 79 89 89 115 108 108 123 123 146 164 164 162 162 166 166 174 154 154 127
55 55 47 47 43 43 43 42 42 45 45 54 52 52 44 44 37 37 34 30 30 30 30 29 29 30 39 39 43 43 30 32 32 39 39 43 43 45 45 45 52 52 56 47 47 32 32 42 42 52 66 66 76 76 100 114 114 96 96 99 99 117 103 103 88 88 88 88 108 130 130 118 118 97 82 82 65 65 76 76 82 91 91 110 110 127 128 128 125 125 139 139 152 139 139 120
55 55 47 47 43 43 43 42 42 45 45 54 52 52 44 44 37 37 34 30 30 30 30 29 29 30 39 39 43 43 30 32 32 39 39 43 43 45 45 45 52 52 56 47 47 32 32 42 42 52 66 66 76 76 100 114 114 96 96 99 99 117 103 103 88 88 88 88 108 130 130 118 118 97 82 82 65 65 76 76 82 91 91 110 110 127 128 128 125 125 139 139 152 139 139 120
49 49 44 44 55 55 55 41 41 34 34 35 38 38 39 39 34 34 30 30 30 29 29 29 29 29 38 38 43 43 32 39 39 48 48 35 35 34 44 44 56 56 45 35 35 32 32 38 38 48 64 64 79 79 87 88 88 74 74 94 94 105 87 87 80 80 80 80 101 104 104 92 92 82 66 66 57 57 68 68 89 98 98 104 104 104 109 109 128 128 145 145 152 136 136 114
49 49 44 44 55 55 55 41 41 34 34 35 38 38 39 39 34 34 30 30 30 29 29 29 29 29 38 38 43 43 32 39 39 48 48 35 35 34 44 44 56 56 45 35 35 32 32 38 38 48 64 64 79 79 87 88 88 74 74 94 94 105 87 87 80 80 80 80 101 104 104 92 92 82 66 66 57 57 68 68 89 98 98 104 104 104 109 109 128 128 145 145 152 136 136 114
54 54 82 82 97 97 77 64 64 45 45 36 32 32 32 32 31 31 32 31 31 27 27 28 29 29 30 30 32 32 28 31 31 36 36 30 30 36 50 50 44 44 33 27 27 26 26 41 41 66 76 76 72 72 62 61 61 77 77 84 84 86 77 77 69 69 69 69 86 80 80 66 66 65 55 55 54 54 69 69 77 88 88 88 88 91 119 119 130 130 126 126 136 125 125 115
54 54 82 82 97 97 77 64 64 45 45 36 32 32 32 32 31 31 32 31 31 27 27 28 29 29 30 30 32 32 28 31 31 36 36 30 30 36 50 50 44 44 33 27 27 26 26 41 41 66 76 76 72 72 62 61 61 77 77 84 84 86 77 77 69 69 69 69 86 80 80 66 66 65 55 55 54 54 69 69 77 88 88 88 88 91 119 119 130 130 126 126 136 125 125 115
94 94 98 98 82 82 67 55 55 43 43 37 31 31 32 32 34 34 30 30 30 27 27 29 28 28 28 28 27 27 28 29 29 29 29 30 30 29 34 34 31 31 27 26 26 31 31 46 46 61 59 59 50 50 50 66 66 72 72 67 67 69 60 60 61 61 61 73 73 60 60 49 66 65 55 55 54 54 69 69 77 88 88 88 88 91 119 119 130 130 126 126 136 125 125 115
94 94 98 98 82 82 67 55 55 43 43 37 31 31 32 32 34 34 30 30 30 27 27 29 28 28 28 28 27 27 28 29 29 29 29 30 30 29 34 34 31 31 27 26 26 31 31 46 46 61 59 59 50 50 50 66 66 72 72 67 67 69 60 60 61 61 61 73 73 60 60 49 49 46 41 41 52 52 62 62 78 84 84 75 75 85 93 93 101 101 122 122 144 141 141 126
