helipistas/1493500825_143_365/INPUT/LCP/Slope.asc
ncols        161
nrows        216
xllcorner    473230.104338547797
yllcorner    4606450.711504123174
cellsize     100.000000000000
NODATA_value  -9999
[rows 108 to 125 of 216, columns 0 to 39 of 161]
5.4268126487731933594 5.9577164649963378906 6.9427709579467773438 7.9091610908508300781 6.9594125747680664062 5.8851294517517089844 7.7066607475280761719 4.0897879600524902344 3.7299497127532958984 3.4573352336883544922 1.9658385515213012695 3.0591993331909179688 1.3773674964904785156 0.28647652268409729004 0.28647652268409729004 0.83516317605972290039 1.0907473564147949219 1.2152447700500488281 0.81653523445129394531 0.22648027539253234863 0.86531865596771240234 1.8253340721130371094 1.6483550071716308594 0.54542309045791625977 0.83516317605972290039 0.79101544618606567383 0.64851647615432739258 0.54542309045791625977 0.41760376095771789551 0.40513560175895690918 0.79101544618606567383 0.61607241630554199219 0.40513560175895690918 0.40513560175895690918 0.85937225818634033203 1.4320962429046630859 1.5053720474243164062 1.733201146125793457 2.0649342536926269531 2.0871322154998779297
5.4268126487731933594 5.93390655517578125 6.9224553108215332031 7.4069123268127441406 6.3793702125549316406 5.2443585395812988281 6.45795440673828125 3.8642470836639404297 3.2628302574157714844 2.9468796253204345703 1.8476477861404418945 2.2225587368011474609 0.67941254377365112305 0.64055961370468139648 0.64055961370468139648 0.73034119606018066406 1.0127503871917724609 0.90585035085678100586 0.22648027539253234863 0.30385389924049377441 1.017800450325012207 1.9022841453552246094 2.1356322765350341797 2.0871322154998779297 1.0127503871917724609 0.81653523445129394531 0.67941254377365112305 0.50641471147537231445 0.3651854395866394043 0.40513560175895690918 1.2194558382034301758 0.99744653701782226562 0.90585035085678100586 0.90585035085678100586 1.0328024625778198242 1.5423634052276611328 1.5456823110580444336 1.6483550071716308594 1.8112480640411376953 2.0374739170074462891
6.2772984504699707031 6.4953260421752929688 6.774761199951171875 6.5916194915771484375 5.6437125205993652344 4.701107025146484375 5.6857190132141113281 4.2509975433349609375 3.2939858436584472656 2.6315732002258300781 1.7213368415832519531 1.6973590850830078125 0.64055961370468139648 0.28647652268409729004 1.1810154914855957031 1.94488525390625 2.3718414306640625 2.3718414306640625 1.8614575862884521484 1.5189278125762939453 1.4320962429046630859 1.0328024625778198242 2.1523480415344238281 2.9347128868103027344 0.79101544618606567383 0.28647652268409729004 0.28647652268409729004 0.20257033407688140869 0.45295345783233642578 0.64055961370468139648 1.4320962429046630859 1.6699715852737426758 1.6699715852737426758 1.2152447700500488281 0.83516317605972290039 0.73034119606018066406 0.40513560175895690918 1.1322598457336425781 1.7913410663604736328 1.8253340721130371094
6.2772984504699707031 6.544811248779296875 6.8221487998962402344 6.3959555625915527344 5.4127850532531738281 4.4886045455932617188 5.0511527061462402344 4.2509975433349609375 2.8979041576385498047 2.1139454841613769531 1.4498792886734008789 1.3319638967514038086 0.64055961370468139648 0.85937225818634033203 1.4320962429046630859 2.0374739170074462891 2.44828033447265625 2.44828033447265625 1.9475167989730834961 1.5053720474243164062 1.1810154914855957031 0.64055961370468139648 2.4378077983856201172 3.0775177478790283203 0.64851647615432739258 0.28647652268409729004 0.28647652268409729004 0.45295345783233642578 0.60769075155258178711 0.64055961370468139648 1.0328024625778198242 1.4604451656341552734 1.4604451656341552734 0.90585035085678100586 0.60769075155258178711 0.45295345783233642578 0.40513560175895690918 1.2526339292526245117 1.8253340721130371094 1.7913410663604736328
1.1457628011703491211 2.4378077983856201172 3.06253814697265625 2.7232637405395507812 2.4378077983856201172 1.9343231916427612305 2.7642664909362792969 2.6567203998565673828 0.64851647615432739258 0.67941254377365112305 0.22648027539253234863 1.8833421468734741211 3.6651105880737304688 3.7313168048858642578 2.4897277355194091797 1.3586339950561523438 0.60769075155258178711 1.0127503871917724609 1.474414825439453125 1.4604451656341552734 1.7913410663604736328 1.9343231916427612305 2.5626361370086669922 2.6949474811553955078 0.57293868064880371094 0.22648027539253234863 0.30385389924049377441 0.3651854395866394043 0.50641471147537231445 0.64055961370468139648 1.1322598457336425781 1.6852419376373291016 2.6393363475799560547 3.7626233100891113281 3.7135038375854492188 2.3696827888488769531 1.474414825439453125 1.6483550071716308594 0.91149336099624633789 0.45295345783233642578
1.1457628011703491211 3.1415979862213134766 3.6469705104827880859 2.7232637405395507812 2.4378077983856201172 2.0871322154998779297 1.7479178905487060547 2.229457855224609375 0.79101544618606567383 0.81653523445129394531 0.95543771982192993164 3.1771714687347412109 4.0003528594970703125 3.6817748546600341797 2.4146075248718261719 1.3586339950561523438 0.60769075155258178711 1.2968668937683105469 2.2636361122131347656 1.6699715852737426758 1.8027434349060058594 1.94488525390625 1.8476477861404418945 1.7213368415832519531 0.57293868064880371094 0.10128547996282577515 0.22648027539253234863 0.10128547996282577515 0.3651854395866394043 0.64055961370468139648 1.6483550071716308594 1.9658385515213012695 3.0957269668579101562 4.0947680473327636719 4.3222594261169433594 3.2439920902252197266 1.632738947868347168 2.0172669887542724609 1.017800450325012207 0.45295345783233642578
0 3.1480960845947265625 3.1480960845947265625 0.28647652268409729004 0.28647652268409729004 1.1457628011703491211 0.85937225818634033203 2.0045340061187744141 0.85937225818634033203 0.85937225818634033203 1.4320962429046630859 3.7189939022064208984 2.2906100749969482422 1.1457628011703491211 1.1457628011703491211 0.85937225818634033203 0.85937225818634033203 1.4320962429046630859 2.5765719413757324219 1.1457628011703491211 0.28647652268409729004 0.28647652268409729004 0.57293868064880371094 1.1457628011703491211 0.57293868064880371094 0 0 0.28647652268409729004 0.28647652268409729004 0.28647652268409729004 1.7183580398559570312 1.4320962429046630859 2.2906100749969482422 2.2906100749969482422 3.1480960845947265625 3.1480960845947265625 1.1457628011703491211 2.0045340061187744141 0.85937225818634033203 0.28647652268409729004
2.2906100749969482422 3.0957269668579101562 2.6393363475799560547 0.45295345783233642578 0.60769075155258178711 1.1853482723236083984 0.99744653701782226562 2.4628665447235107422 3.3630213737487792969 4.93007659912109375 5.6293392181396484375 4.3888702392578125 1.4177087545394897461 1.7302427291870117188 2.2271604537963867188 2.1807045936584472656 2.1807045936584472656 1.9658385515213012695 2.2202544212341308594 1.0127503871917724609 0.45295345783233642578 0.60769075155258178711 0.40513560175895690918 0.83516317605972290039 1.0907473564147949219 1.3773674964904785156 1.8027434349060058594 1.8669528961181640625 1.5817295312881469727 1.9022841453552246094 2.8498754501342773438 2.3084168434143066406 1.9658385515213012695 1.6607419252395629883 2.83548736572265625 2.7991917133331298828 1.3164808750152587891 2.10666656494140625 0.90585035085678100586 0.40513560175895690918
2.2906100749969482422 2.2363352775573730469 1.5423634052276611328 0.73034119606018066406 0.83516317605972290039 1.0573325157165527344 1.1322598457336425781 2.0248682498931884766 3.6817748546600341797 5.1516370773315429688 5.5532526969909667969 3.870838165283203125 1.8669528961181640625 2.5365509986877441406 2.8979041576385498047 2.1807045936584472656 2.1807045936584472656 1.6852419376373291016 1.3319638967514038086 0.73034119606018066406 0.73034119606018066406 0.83516317605972290039 0.40513560175895690918 0.45295345783233642578 1.0127503871917724609 1.5053720474243164062 1.9022841453552246094 1.8669528961181640625 1.5817295312881469727 2.2477512359619140625 2.9416713714599609375 2.0846774578094482422 1.1322598457336425781 0.41760376095771789551 2.1356322765350341797 2.4378077983856201172 1.3773674964904785156 1.8614575862884521484 0.90585035085678100586 0.40513560175895690918
2.2906100749969482422 2.2838964462280273438 1.7213368415832519531 1.8225256204605102539 2.5040714740753173828 2.8064885139465332031 3.0441288948059082031 2.8766577243804931641 2.4628665447235107422 1.4604451656341552734 1.1457628011703491211 2.7624161243438720703 2.4061155319213867188 2.3718414306640625 2.6567203998565673828 1.8476477861404418945 1.5189278125762939453 0.61607241630554199219 0.71615993976593017578 0.3651854395866394043 0.95543771982192993164 0.93372428417205810547 0.99744653701782226562 2.0273957252502441406 2.7531449794769287109 3.1755630970001220703 3.0374066829681396484 3.0775177478790283203 3.5057158470153808594 2.8119487762451171875 0.64055961370468139648 1.5817295312881469727 2.190074920654296875 2.4711627960205078125 2.7006347179412841797 3.0508360862731933594 2.1475853919982910156 1.5189278125762939453 0.83516317605972290039 0.20257033407688140869
2.2906100749969482422 2.7326369285583496094 2.2838964462280273438 2.5040714740753173828 3.0357236862182617188 2.8570420742034912109 3.1039683818817138672 2.8766577243804931641 2.0248682498931884766 0.40513560175895690918 1.6201374530792236328 2.6490082740783691406 1.3164808750152587891 1.3773674964904785156 1.8253340721130371094 2.1260209083557128906 1.8476477861404418945 1.1853482723236083984 1.002573847770690918 0.10128547996282577515 1.0954376459121704102 1.0765538215637207031 1.6852419376373291016 3.2955358028411865234 3.0086684226989746094 3.1432237625122070312 3.0035684108734130859 3.0973770618438720703 3.5231423377990722656 3.0086684226989746094 2.3084168434143066406 1.8669528961181640625 2.2636361122131347656 2.5365509986877441406 2.4461894035339355469 2.4378077983856201172 1.4177087545394897461 0.83516317605972290039 0.60769075155258178711 0.20257033407688140869
1.7183580398559570312 2.9762187004089355469 2.7251410484313964844 2.5142667293548583984 2.5061137676239013672 1.9022841453552246094 2.9364540576934814453 2.8137664794921875 2.9762187004089355469 2.6022534370422363281 2.6393363475799560547 2.8979041576385498047 1.0127503871917724609 1.1457628011703491211 1.2809591293334960938 1.4498792886734008789 1.3773674964904785156 1.632738947868347168 3.7909791469573974609 5.2375836372375488281 5.9577164649963378906 6.9427709579467773438 6.7397413253784179688 5.3685889244079589844 3.4940493106842041016 2.4378077983856201172 1.5817295312881469727 0.99744653701782226562 0.61607241630554199219 2.190074920654296875 3.5919947624206542969 1.733201146125793457 1.4320962429046630859 1.1810154914855957031 0.64851647615432739258 1.5189278125762939453 0.90585035085678100586 0.30385389924049377441 0.22648027539253234863 0.22648027539253234863
1.7183580398559570312 3.6259255409240722656 3.4232072830200195312 2.3718414306640625 2.3631947040557861328 3.1432237625122070312 4.0972552299499511719 2.83548736572265625 3.1948082447052001953 2.8498754501342773438 2.6393363475799560547 3.6469705104827880859 1.7302427291870117188 1.7183580398559570312 1.8112480640411376953 0.81653523445129394531 0.67941254377365112305 2.2271604537963867188 4.539318084716796875 5.2953662872314453125 5.93390655517578125 6.9224553108215332031 6.6403622627258300781 4.7248358726501464844 3.283115386962890625 2.5365509986877441406 1.7302427291870117188 0.93372428417205810547 0.50641471147537231445 1.9103443622589111328 3.1755630970001220703 1.6232969760894775391 1.9210387468338012695 1.7420461177825927734 0.79101544618606567383 1.6607419252395629883 0.90585035085678100586 0.22648027539253234863 0.10128547996282577515 0.10128547996282577515
2.2906100749969482422 2.7251410484313964844 2.8498754501342773438 2.5385670661926269531 1.7683150768280029297 3.7189939022064208984 4.2891530990600585938 0.57293868064880371094 2.0045340061187744141 2.0045340061187744141 1.7183580398559570312 3.7189939022064208984 2.0045340061187744141 2.0045340061187744141 2.0045340061187744141 0.28647652268409729004 0.28647652268409729004 2.5765719413757324219 3.7189939022064208984 1.1457628011703491211 0.85937225818634033203 0.85937225818634033203 1.1457628011703491211 0.85937225818634033203 0.28647652268409729004 1.1457628011703491211 1.1457628011703491211 0.28647652268409729004 0.28647652268409729004 1.7183580398559570312 2.8624053001403808594 1.1457628011703491211 2.0045340061187744141 2.0045340061187744141 0.85937225818634033203 1.7183580398559570312 0.85937225818634033203 0 0 0
2.2906100749969482422 1.0765538215637207031 1.3624013662338256836 4.4863371849060058594 6.8088555335998535156 8.4279623031616210938 7.4211192131042480469 4.8668208122253417969 4.3222594261169433594 3.6469705104827880859 2.8784341812133789062 4.3516020774841308594 4.1687397956848144531 4.609363555908203125 4.1245179176330566406 4.0446910858154296875 5.7388854026794433594 6.4953260421752929688 5.4380078315734863281 3.1996014118194580078 2.3610281944274902344 1.8112480640411376953 1.8225256204605102539 1.5053720474243164062 0.22648027539253234863 1.3773674964904785156 1.4498792886734008789 0.99744653701782226562 1.1322598457336425781 2.6624896526336669922 3.8905436992645263672 2.6315732002258300781 2.2363352775573730469 1.5423634052276611328 0.73034119606018066406 1.5053720474243164062 1.3773674964904785156 1.4320962429046630859 1.4320962429046630859 1.2361563444137573242
0 1.1457628011703491211 1.1457628011703491211 5.8237843513488769531 9.1408643722534179688 9.9168100357055664062 7.5044360160827636719 5.2520904541015625 4.854278564453125 4.265346527099609375 2.7991917133331298828 3.6762285232543945312 3.9270596504211425781 4.9166655540466308594 4.465877532958984375 4.609363555908203125 6.1472482681274414062 6.2676410675048828125 4.769802093505859375 3.1996014118194580078 2.2906100749969482422 1.7183580398559570312 2.0349590778350830078 2.44828033447265625 0.81653523445129394531 1.5053720474243164062 1.571980595588684082 1.0573325157165527344 1.1853482723236083984 3.3917441368103027344 4.3644495010375976562 2.5365509986877441406 1.7420461177825927734 0.64055961370468139648 0.45295345783233642578 0.91149336099624633789 1.2361563444137573242 1.4320962429046630859 1.4320962429046630859 1.3773674964904785156
4.2891530990600585938 6.0711679458618164062 8.4580593109130859375 10.60626983642578125 9.7912349700927734375 3.9490633010864257812 2.3084168434143066406 2.8766577243804931641 3.2628302574157714844 3.7299497127532958984 2.8624053001403808594 2.8979041576385498047 1.2320023775100708008 2.6257355213165283203 2.5546383857727050781 2.4711627960205078125 2.6315732002258300781 2.3718414306640625 3.9387240409851074219 4.8876523971557617188 4.8668208122253417969 4.8668208122253417969 5.1506524085998535156 5.4380078315734863281 4.5426783561706542969 4.3410615921020507812 4.0698075294494628906 3.6019246578216552734 3.3186979293823242188 3.7476837635040283203 3.0374066829681396484 0.73034119606018066406 1.2688972949981689453 1.4068214893341064453 1.5189278125762939453 2.1665730476379394531 3.2581310272216796875 4.2474026679992675781 5.2375836372375488281 5.2876992225646972656
4.2891530990600585938 7.4635710716247558594 9.4931612014770507812 9.6198511123657226562 6.6167988777160644531 1.7683150768280029297 2.8766577243804931641 2.8766577243804931641 2.1807045936584472656 2.8336837291717529297 3.2376880645751953125 4.8206686973571777344 2.5365509986877441406 1.4498792886734008789 1.3164808750152587891 1.0907473564147949219 1.4177087545394897461 2.5943787097930908203 4.6192822456359863281 4.9700884819030761719 4.8668208122253417969 4.8668208122253417969 5.1506524085998535156 5.3020653724670410156 4.4886045455932617188 4.265346527099609375 3.9888710975646972656 3.5791869163513183594 3.2939858436584472656 2.9207456111907958984 1.1140010356903076172 1.0127503871917724609 1.3164808750152587891 1.4498792886734008789 1.5053720474243164062 2.580539703369140625 3.5519948005676269531 4.4761190414428710938 5.4240097999572753906 5.7819323539733886719
