helipistas/1493500825_143_365/INPUT/LCP/Slope.asc
ncols        161
nrows        216
xllcorner    473230.104338547797
yllcorner    4606450.711504123174
cellsize     100.000000000000
NODATA_value  -9999
[rows 18 to 35 of 216, columns 40 to 79 of 161]
3.2690854072570800781 3.8124403953552246094 3.9438970088958740234 3.870838165283203125 4.0472102165222167969 2.8498754501342773438 2.8498754501342773438 2.6022534370422363281 0.73034119606018066406 0.20257033407688140869 0.73034119606018066406 1.1322598457336425781 2.4649434089660644531 2.3890402317047119141 1.9658385515213012695 1.4604451656341552734 1.2320023775100708008 1.0907473564147949219 1.0765538215637207031 0.93372428417205810547 0.81653523445129394531 0.67941254377365112305 0.93372428417205810547 1.0573325157165527344 0.73034119606018066406 0.85937225818634033203 0.85937225818634033203 0.86531865596771240234 0.50641471147537231445 0.45295345783233642578 0.64055961370468139648 1.0328024625778198242 1.1810154914855957031 1.1810154914855957031 1.0907473564147949219 0.73034119606018066406 0.64055961370468139648 0.64055961370468139648 0.64055961370468139648 1.6973590850830078125
3.6914608478546142578 3.870838165283203125 4.0003528594970703125 3.8444049358367919922 4.5583271980285644531 3.4410557746887207031 3.1948082447052001953 2.9762187004089355469 1.2320023775100708008 1.0127503871917724609 1.5817295312881469727 1.6232969760894775391 2.2477512359619140625 2.3631947040557861328 1.9343231916427612305 1.4604451656341552734 1.0907473564147949219 1.2320023775100708008 1.0954376459121704102 0.95543771982192993164 0.79101544618606567383 0.64851647615432739258 0.81653523445129394531 1.1853482723236083984 0.83516317605972290039 0.85937225818634033203 0.85937225818634033203 0.93372428417205810547 0.61607241630554199219 0.20257033407688140869 0.28647652268409729004 0.85937225818634033203 1.1810154914855957031 1.1810154914855957031 1.2320023775100708008 0.83516317605972290039 0.64055961370468139648 0.28647652268409729004 0.28647652268409729004 1.3319638967514038086
2.8570420742034912109 1.6699715852737426758 1.4604451656341552734 0.57293868064880371094 3.2939858436584472656 3.84307861328125 4.1059498786926269531 3.6259255409240722656 1.7683150768280029297 1.6607419252395629883 1.9343231916427612305 2.6120636463165283203 1.7683150768280029297 2.0846774578094482422 1.5423634052276611328 1.2809591293334960938 0.93372428417205810547 0.81653523445129394531 0.50641471147537231445 0.93372428417205810547 1.0765538215637207031 0.93372428417205810547 0.7373294830322265625 0.95543771982192993164 0.57293868064880371094 0 0 0.73034119606018066406 0.93372428417205810547 0.79101544618606567383 1.0127503871917724609 1.2968668937683105469 1.4068214893341064453 1.2688972949981689453 0.93372428417205810547 0.32028982043266296387 0.22648027539253234863 0.20257033407688140869 0.45295345783233642578 0.7373294830322265625
2.9899249076843261719 1.2152447700500488281 0.90585035085678100586 1.2809591293334960938 2.2636361122131347656 3.6469705104827880859 4.9547381401062011719 4.5661311149597167969 2.1736502647399902344 2.0871322154998779297 1.7913410663604736328 3.7435986995697021484 2.5385670661926269531 2.3084168434143066406 1.8337335586547851562 1.2809591293334960938 0.99744653701782226562 0.54542309045791625977 0.61607241630554199219 0.99744653701782226562 1.0954376459121704102 0.95543771982192993164 0.64851647615432739258 0.54542309045791625977 0.57293868064880371094 0 0 1.0127503871917724609 1.3164808750152587891 0.81653523445129394531 1.0127503871917724609 1.2968668937683105469 1.4498792886734008789 1.3164808750152587891 0.81653523445129394531 0.32028982043266296387 0.10128547996282577515 0.20257033407688140869 0.45295345783233642578 0.41760376095771789551
2.5924062728881835938 0.81023067235946655273 0.81023067235946655273 1.6483550071716308594 2.1853947639465332031 3.6427712440490722656 4.8584628105163574219 4.4384489059448242188 2.0248682498931884766 2.0248682498931884766 1.5456823110580444336 3.6817748546600341797 2.6624896526336669922 1.6699715852737426758 0.90585035085678100586 0.73034119606018066406 1.6483550071716308594 2.2202544212341308594 1.94488525390625 1.2361563444137573242 0.90585035085678100586 0.90585035085678100586 0.81653523445129394531 0.41760376095771789551 0.83516317605972290039 0.57293868064880371094 0.57293868064880371094 1.2320023775100708008 2.0349590778350830078 1.5423634052276611328 1.0907473564147949219 0.83516317605972290039 0.60769075155258178711 0.45295345783233642578 0.45295345783233642578 0.61607241630554199219 0.3651854395866394043 0.41760376095771789551 0.54542309045791625977 0.45295345783233642578
2.0248682498931884766 0.81023067235946655273 0.81023067235946655273 1.1322598457336425781 2.9503464698791503906 3.9490633010864257812 3.8905436992645263672 3.3493292331695556641 1.4604451656341552734 1.4604451656341552734 1.1322598457336425781 2.4146075248718261719 2.0349590778350830078 1.4604451656341552734 0.40513560175895690918 1.0127503871917724609 1.8914834260940551758 2.229457855224609375 1.9968551397323608398 1.3164808750152587891 0.90585035085678100586 0.90585035085678100586 1.1322598457336425781 0.3651854395866394043 1.0907473564147949219 0.57293868064880371094 0.57293868064880371094 1.0127503871917724609 1.8669528961181640625 1.8337335586547851562 1.2320023775100708008 1.0127503871917724609 0.45295345783233642578 0.20257033407688140869 0.20257033407688140869 0.50641471147537231445 0.41760376095771789551 0.3651854395866394043 0.50641471147537231445 0.60769075155258178711
1.7183580398559570312 0.57293868064880371094 0.57293868064880371094 0.28647652268409729004 2.8624053001403808594 3.1480960845947265625 2.5765719413757324219 2.5765719413757324219 1.1457628011703491211 1.1457628011703491211 0.85937225818634033203 1.7183580398559570312 0.85937225818634033203 0.85937225818634033203 0.85937225818634033203 1.1457628011703491211 1.4320962429046630859 0.28647652268409729004 0.85937225818634033203 0.85937225818634033203 0.28647652268409729004 0.28647652268409729004 1.1457628011703491211 0 1.1457628011703491211 0 0 0.57293868064880371094 0.85937225818634033203 1.4320962429046630859 0.85937225818634033203 0.85937225818634033203 0 0 0 0.28647652268409729004 0.28647652268409729004 0 0 0.57293868064880371094
1.2688972949981689453 1.017800450325012207 0.81653523445129394531 0.28647652268409729004 2.5924062728881835938 2.9882152080535888672 2.7251410484313964844 2.9624483585357666016 2.2477512359619140625 1.9237029552459716797 0.93372428417205810547 1.1546770334243774414 1.1322598457336425781 1.4320962429046630859 1.4320962429046630859 1.632738947868347168 1.9103443622589111328 0.64055961370468139648 1.0573325157165527344 1.7213368415832519531 2.1523480415344238281 2.4378077983856201172 2.7531449794769287109 1.7683150768280029297 0.81653523445129394531 0 0 0.81653523445129394531 0.91710168123245239258 1.733201146125793457 1.4213193655014038086 1.3164808750152587891 0.73034119606018066406 0.45295345783233642578 0.64055961370468139648 1.0907473564147949219 1.0127503871917724609 0.79101544618606567383 0.64851647615432739258 0.50641471147537231445
0.41760376095771789551 1.3773674964904785156 1.2361563444137573242 0.28647652268409729004 2.0248682498931884766 2.4461894035339355469 2.3631947040557861328 2.6335160732269287109 2.5304930210113525391 2.2477512359619140625 0.81653523445129394531 0.14323915541172027588 0.95543771982192993164 1.4320962429046630859 1.4320962429046630859 1.8669528961181640625 2.7531449794769287109 1.1810154914855957031 0.95543771982192993164 1.6607419252395629883 2.1523480415344238281 2.4378077983856201172 2.8979041576385498047 2.5385670661926269531 0.61607241630554199219 0 0 1.2361563444137573242 0.71615993976593017578 1.6232969760894775391 1.5189278125762939453 1.4213193655014038086 0.83516317605972290039 0.60769075155258178711 1.0328024625778198242 1.2320023775100708008 1.0127503871917724609 0.81653523445129394531 0.67941254377365112305 0.3651854395866394043
1.2968668937683105469 1.9237029552459716797 1.8253340721130371094 1.0127503871917724609 1.9942889213562011719 2.0846774578094482422 1.9103443622589111328 1.8669528961181640625 2.0045340061187744141 2.0045340061187744141 0.50641471147537231445 0.5905704498291015625 1.4068214893341064453 1.9210387468338012695 1.9210387468338012695 1.5189278125762939453 2.6490082740783691406 1.632738947868347168 0.93372428417205810547 1.2194558382034301758 0.85937225818634033203 0.28647652268409729004 1.5189278125762939453 2.3545162677764892578 1.474414825439453125 1.4320962429046630859 1.4320962429046630859 1.6201374530792236328 0.64851647615432739258 1.1853482723236083984 1.2526339292526245117 1.3319638967514038086 1.0573325157165527344 1.1853482723236083984 1.2152447700500488281 0.7373294830322265625 0.30385389924049377441 0.41760376095771789551 0.54542309045791625977 0.67941254377365112305
1.2968668937683105469 1.8253340721130371094 1.7213368415832519531 1.0127503871917724609 2.2636361122131347656 2.0846774578094482422 2.190074920654296875 2.1523480415344238281 2.0045340061187744141 2.0045340061187744141 0.3651854395866394043 0.91710168123245239258 1.733201146125793457 1.9210387468338012695 1.9210387468338012695 1.0954376459121704102 1.6483550071716308594 1.9103443622589111328 1.6483550071716308594 1.8253340721130371094 1.0328024625778198242 0.64055961370468139648 1.0954376459121704102 1.6973590850830078125 1.3586339950561523438 1.4320962429046630859 1.4320962429046630859 1.2809591293334960938 0.7373294830322265625 1.0573325157165527344 1.1322598457336425781 1.2194558382034301758 0.99744653701782226562 1.1322598457336425781 0.90585035085678100586 0.41760376095771789551 0.22648027539253234863 0.3651854395866394043 0.50641471147537231445 0.64851647615432739258
2.0846774578094482422 2.3696827888488769531 2.1139454841613769531 1.474414825439453125 2.9416713714599609375 2.3106329441070556641 2.7251410484313964844 2.9207456111907958984 1.733201146125793457 1.3773674964904785156 1.1457628011703491211 2.7401123046875 3.5577368736267089844 2.8766577243804931641 1.7420461177825927734 1.584965825080871582 1.6010488271713256836 1.2361563444137573242 1.8669528961181640625 2.4378077983856201172 1.9968551397323608398 1.3164808750152587891 0.40513560175895690918 1.0907473564147949219 1.8669528961181640625 2.0045340061187744141 2.0045340061187744141 1.5817295312881469727 1.2194558382034301758 1.1322598457336425781 1.5053720474243164062 1.9022841453552246094 1.8112480640411376953 1.2809591293334960938 0.64055961370468139648 0.22648027539253234863 0.10128547996282577515 0 0 0.20257033407688140869
2.3084168434143066406 2.2636361122131347656 1.9942889213562011719 2.0349590778350830078 4.2233572006225585938 2.7251410484313964844 3.1236584186553955078 3.2955358028411865234 1.0765538215637207031 0.22648027539253234863 1.2809591293334960938 3.7093808650970458984 3.9645206928253173828 2.9882152080535888672 1.9210387468338012695 1.5189278125762939453 1.4392358064651489258 0.41760376095771789551 1.2320023775100708008 1.9942889213562011719 1.94488525390625 1.2361563444137573242 0.90585035085678100586 1.4177087545394897461 1.8669528961181640625 2.0045340061187744141 2.0045340061187744141 1.8669528961181640625 1.5323635339736938477 0.95543771982192993164 1.3773674964904785156 1.8027434349060058594 2.0649342536926269531 1.6201374530792236328 1.0328024625778198242 0.64851647615432739258 0.22648027539253234863 0 0 0.45295345783233642578
1.6232969760894775391 0.54542309045791625977 0.30385389924049377441 1.9968551397323608398 4.65000152587890625 2.7232637405395507812 3.1610517501831054688 3.1610517501831054688 0.54542309045791625977 0.50641471147537231445 1.7302427291870117188 4.5426783561706542969 3.2628302574157714844 2.229457855224609375 2.1260209083557128906 1.0954376459121704102 0.99744653701782226562 1.1457628011703491211 0.28647652268409729004 0.28647652268409729004 0.57293868064880371094 0.57293868064880371094 1.4320962429046630859 1.7183580398559570312 0.28647652268409729004 0 0 1.4320962429046630859 1.4320962429046630859 0 0 0 1.4320962429046630859 1.4320962429046630859 1.1457628011703491211 0.85937225818634033203 0.28647652268409729004 0 0 0.57293868064880371094
1.3319638967514038086 0.70896291732788085938 0.54542309045791625977 1.8587038516998291016 4.2233572006225585938 2.4378077983856201172 3.1610517501831054688 3.1610517501831054688 0.41760376095771789551 0.3651854395866394043 3.0891180038452148438 5.3325815200805664062 2.8336837291717529297 2.3282859325408935547 2.229457855224609375 1.7243106365203857422 2.4336061477661132812 2.5040714740753173828 1.6483550071716308594 0.93372428417205810547 0.70896291732788085938 0.61607241630554199219 1.632738947868347168 2.1807045936584472656 1.3586339950561523438 1.4320962429046630859 1.4320962429046630859 2.0349590778350830078 2.2838964462280273438 2.2202544212341308594 2.0248682498931884766 1.4604451656341552734 1.8337335586547851562 1.8337335586547851562 1.632738947868347168 1.2526339292526245117 0.41760376095771789551 0.3651854395866394043 0.50641471147537231445 1.2152447700500488281
0.57293868064880371094 0.85937225818634033203 0.85937225818634033203 1.7183580398559570312 4.0041728019714355469 2.2906100749969482422 3.1480960845947265625 3.1480960845947265625 0.28647652268409729004 0.28647652268409729004 3.7189939022064208984 5.4268126487731933594 1.7183580398559570312 1.7183580398559570312 1.7183580398559570312 1.2526339292526245117 1.8587038516998291016 2.6624896526336669922 1.8253340721130371094 1.2194558382034301758 0.61607241630554199219 0.50641471147537231445 1.9103443622589111328 2.7157418727874755859 1.474414825439453125 1.4320962429046630859 1.4320962429046630859 1.8669528961181640625 2.0871322154998779297 2.229457855224609375 2.1807045936584472656 1.6699715852737426758 1.8337335586547851562 1.8337335586547851562 1.8669528961181640625 1.6358740329742431641 0.3651854395866394043 0.41760376095771789551 0.54542309045791625977 1.6699715852737426758
8.1481294631958007812 8.3154239654541015625 6.4077754020690917969 4.9986133575439453125 5.6616268157958984375 2.7251410484313964844 3.0357236862182617188 3.0891180038452148438 0.81653523445129394531 0.67941254377365112305 3.5231423377990722656 5.2142872810363769531 1.7420461177825927734 1.4320962429046630859 1.5423634052276611328 1.8253340721130371094 0.87122440338134765625 1.9343231916427612305 1.8476477861404418945 1.9658385515213012695 1.5053720474243164062 1.0765538215637207031 2.1807045936584472656 3.1675095558166503906 1.632738947868347168 1.4320962429046630859 1.4320962429046630859 1.8587038516998291016 2.0871322154998779297 1.1810154914855957031 1.3164808750152587891 1.2688972949981689453 1.3586339950561523438 1.474414825439453125 1.8669528961181640625 2.0273957252502441406 1.6483550071716308594 1.3624013662338256836 0.64851647615432739258 1.5817295312881469727
8.8960256576538085938 8.9605360031127929688 7.2341532707214355469 6.0544986724853515625 7.9274730682373046875 3.4232072830200195312 2.7531449794769287109 2.8119487762451171875 0.79101544618606567383 0.64851647615432739258 3.0973770618438720703 4.7878804206848144531 1.7420461177825927734 0.85937225818634033203 1.0328024625778198242 1.6973590850830078125 0.9607893824577331543 1.6232969760894775391 1.7683150768280029297 1.8914834260940551758 1.5456823110580444336 1.1322598457336425781 2.1807045936584472656 3.4395720958709716797 1.8225256204605102539 1.4320962429046630859 1.4320962429046630859 1.8027434349060058594 2.2838964462280273438 1.8337335586547851562 1.4498792886734008789 1.4068214893341064453 1.0907473564147949219 1.2320023775100708008 1.632738947868347168 1.733201146125793457 1.6607419252395629883 1.571980595588684082 1.017800450325012207 1.2968668937683105469
