helipistas/1493500825_143_365/INPUT/LCP/Slope.asc
ncols        161
nrows        216
xllcorner    473230.104338547797
yllcorner    4606450.711504123174
cellsize     100.000000000000
NODATA_value  -9999
[rows 54 to 71 of 216, columns 120 to 159 of 161]
4.0041728019714355469 4.0041728019714355469 3.1480960845947265625 7.1250162124633789062 4.0041728019714355469 4.8584628105163574219 4.8584628105163574219 5.1427645683288574219 5.1427645683288574219 5.9940929412841796875 11.034209251403808594 6.2973685264587402344 8.2225217819213867188 9.2636356353759765625 8.2697134017944335938 7.5815105438232421875 9.0536451339721679688 10.192887306213378906 10.058810234069824219 9.0837278366088867188 6.4828939437866210938 6.603839874267578125 6.3682885169982910156 10.756602287292480469 13.178610801696777344 14.783059120178222656 14.566473007202148438 16.073839187622070312 8.7017230987548828125 10.235235214233398438 9.6465101242065429688 9.6914453506469726562 10.429140090942382812 7.2873940467834472656 9.3408155441284179688 10.421609878540039062 13.245110511779785156 12.645867347717285156 10.598414421081542969 6.5939126014709472656
8.0989561080932617188 5.4936347007751464844 4.6587405204772949219 7.7001614570617675781 4.6192822456359863281 5.6857190132141113281 5.555988311767578125 5.4380078315734863281 5.90914154052734375 7.0655226707458496094 11.84711456298828125 9.2056989669799804688 10.198673248291015625 12.395379066467285156 13.349509239196777344 10.657403945922851562 6.3793702125549316406 5.6320371627807617188 6.12749481201171875 8.1878528594970703125 9.9880828857421875 10.997431755065917969 10.533946990966796875 11.887507438659667969 10.620577812194824219 8.5889253616333007812 7.396068572998046875 11.983185768127441406 6.454830169677734375 10.659241676330566406 13.01470184326171875 14.669317245483398438 16.569400787353515625 15.641357421875 15.349893569946289062 13.609457015991210938 15.342612266540527344 17.721559524536132812 18.706104278564453125 16.358783721923828125
7.6936559677124023438 4.8668208122253417969 5.2142872810363769531 7.9658465385437011719 4.2760763168334960938 5.93646240234375 5.8124799728393554688 4.71837615966796875 5.2559518814086914062 6.0844697952270507812 10.171640396118164062 8.8652639389038085938 9.5538873672485351562 11.881397247314453125 13.654084205627441406 12.654601097106933594 6.6759228706359863281 5.9398679733276367188 6.4109234809875488281 7.2126026153564453125 9.216457366943359375 10.841741561889648438 10.427257537841796875 11.407598495483398438 8.3441572189331054688 5.4677476882934570312 7.9394464492797851562 13.568867683410644531 7.2977185249328613281 8.36563873291015625 11.258152961730957031 13.777326583862304688 15.804886817932128906 15.376553535461425781 14.734757423400878906 13.687444686889648438 14.70415496826171875 17.189935684204101562 18.857120513916015625 13.446249961853027344
3.0374066829681396484 2.5626361370086669922 4.3551096916198730469 7.6289401054382324219 4.7666044235229492188 6.4743323326110839844 8.4397783279418945312 9.4262447357177734375 10.221301078796386719 10.897497177124023438 12.923892974853515625 12.312692642211914062 11.729963302612304688 11.455237388610839844 12.817770004272460938 15.139516830444335938 9.6028909683227539062 4.7921237945556640625 1.6852419376373291016 0.83516317605972290039 4.769802093505859375 8.8090410232543945312 9.8509855270385742188 7.5808496475219726562 2.8119487762451171875 0.83516317605972290039 7.9677286148071289062 13.171359062194824219 8.7904033660888671875 6.4148564338684082031 2.1452000141143798828 2.8408915996551513672 5.4380078315734863281 7.214691162109375 9.160366058349609375 8.2388896942138671875 7.3641190528869628906 8.3447542190551757812 10.854358673095703125 11.129729270935058594
3.5634696483612060547 3.1691219806671142578 3.3371107578277587891 6.4743323326110839844 4.6761689186096191406 5.2414560317993164062 7.547061920166015625 9.1965436935424804688 10.011227607727050781 10.743859291076660156 12.543972969055175781 12.273470878601074219 11.743182182312011719 11.468808174133300781 12.641307830810546875 16.846553802490234375 11.395654678344726562 5.1476955413818359375 2.5304930210113525391 5.0188870429992675781 6.8574662208557128906 8.7524328231811523438 9.7239847183227539062 6.8221487998962402344 3.6469705104827880859 2.4711627960205078125 7.2984066009521484375 10.239075660705566406 7.65450286865234375 7.2376227378845214844 4.0003528594970703125 2.1139454841613769531 5.0991597175598144531 7.4769949913024902344 9.2357883453369140625 7.8386554718017578125 7.3450160026550292969 8.3280076980590820312 10.496646881103515625 7.7899947166442871094
2.2906100749969482422 2.8624053001403808594 3.4632360935211181641 5.7256412506103515625 4.9011445045471191406 4.0698075294494628906 2.7531449794769287109 2.4378077983856201172 2.2636361122131347656 2.0349590778350830078 5.4380078315734863281 3.8164508342742919922 1.9968551397323608398 3.2768871784210205078 5.0521574020385742188 11.899717330932617188 9.6342153549194335938 8.828762054443359375 8.36563873291015625 6.5671076774597167969 4.93007659912109375 5.1742415428161621094 3.7788531780242919922 6.7030286788940429688 7.4990897178649902344 7.8666830062866210938 6.3674960136413574219 5.8028969764709472656 1.8669528961181640625 4.9259538650512695312 5.9848089218139648438 6.2676410675048828125 8.7632188796997070312 11.0465850830078125 13.846349716186523438 15.654397010803222656 13.194185256958007812 6.4828939437866210938 4.8584628105163574219 4.8584628105163574219
0.57293868064880371094 1.8112480640411376953 3.2939858436584472656 4.9547381401062011719 4.5794773101806640625 4.71837615966796875 3.6469705104827880859 2.6624896526336669922 2.5040714740753173828 1.8225256204605102539 5.7141375541687011719 4.3737688064575195312 4.1059498786926269531 4.8553247451782226562 3.6539580821990966797 6.3555989265441894531 6.9774541854858398438 9.14682769775390625 8.7017230987548828125 4.3888702392578125 0.50641471147537231445 8.5494222640991210938 6.9507350921630859375 6.3317356109619140625 7.2956547737121582031 7.6734528541564941406 4.8132848739624023438 1.9968551397323608398 2.6315732002258300781 2.9967544078826904297 4.539318084716796875 6.2676410675048828125 8.7632188796997070312 10.8970489501953125 13.429591178894042969 15.57953643798828125 17.655055999755859375 13.686056137084960938 3.4882013797760009766 5.3685889244079589844
0.28647652268409729004 0.28647652268409729004 1.7183580398559570312 3.1480960845947265625 1.4320962429046630859 3.4336304664611816406 3.4336304664611816406 2.2906100749969482422 2.2906100749969482422 1.1457628011703491211 5.7105932235717773438 4.57392120361328125 5.1427645683288574219 5.1427645683288574219 1.4320962429046630859 3.4336304664611816406 2.0045340061187744141 5.7105932235717773438 5.7105932235717773438 1.7183580398559570312 1.7183580398559570312 10.203973770141601562 8.2503871917724609375 2.0045340061187744141 3.1480960845947265625 3.1480960845947265625 2.8624053001403808594 0 2.8624053001403808594 1.4320962429046630859 1.4320962429046630859 2.5765719413757324219 2.5765719413757324219 1.1457628011703491211 1.4320962429046630859 0.28647652268409729004 16.568294525146484375 16.572717666625976562 0.99744653701782226562 2.7642664909362792969
6.20693206787109375 6.6312513351440429688 8.2769489288330078125 10.870557785034179688 11.491246223449707031 12.227402687072753906 12.489399909973144531 12.256169319152832031 12.121535301208496094 11.251661300659179688 10.608117103576660156 9.0837278366088867188 8.828762054443359375 8.36563873291015625 6.1349101066589355469 4.6027393341064453125 2.0871322154998779297 3.6469705104827880859 7.200756072998046875 9.1408643722534179688 9.5538873672485351562 10.130946159362792969 7.5370941162109375 3.1171090602874755859 6.0919389724731445312 8.399532318115234375 10.336483955383300781 11.752260208129882812 12.927968978881835938 12.531314849853515625 12.123128890991210938 12.2813262939453125 12.683791160583496094 11.533450126647949219 8.3333940505981445312 4.2521953582763671875 15.6434326171875 15.5099334716796875 5.3411321640014648438 6.4898900985717773438
6.2166867256164550781 6.6403622627258300781 9.1098947525024414062 11.998108863830566406 11.557008743286132812 12.309167861938476562 12.569247245788574219 12.232530593872070312 12.097601890563964844 11.267232894897460938 9.8889417648315429688 8.7359437942504882812 8.5354337692260742188 8.0544300079345703125 6.0653390884399414062 4.2341947555541992188 1.9553900957107543945 2.2271604537963867188 6.606128692626953125 9.0820894241333007812 9.4978475570678710938 7.1735019683837890625 5.2694444656372070312 3.9645206928253173828 5.8028969764709472656 8.1951646804809570312 10.146470069885253906 11.98722076416015625 12.959047317504882812 12.499027252197265625 12.089612007141113281 12.210422515869140625 12.615434646606445312 12.512876510620117188 11.331430435180664062 5.100154876708984375 13.786965370178222656 13.631792068481445312 11.801230430603027344 15.8519439697265625
5.3449277877807617188 8.1609859466552734375 10.730643272399902344 10.642690658569335938 6.4360508918762207031 4.4624581336975097656 2.4146075248718261719 2.6393363475799560547 2.6393363475799560547 1.8337335586547851562 1.3319638967514038086 2.5061137676239013672 3.0957269668579101562 5.2443585395812988281 8.8090410232543945312 14.163975715637207031 16.430475234985351562 16.26325225830078125 14.831173896789550781 13.05873870849609375 11.433147430419921875 10.024988174438476562 9.2550764083862304688 9.3656873703002929688 5.8229155540466308594 1.1457628011703491211 3.7626233100891113281 5.6759161949157714844 5.2142872810363769531 2.9555392265319824219 4.8005995750427246094 4.609363555908203125 2.3610281944274902344 4.3422341346740722656 12.482462882995605469 18.172821044921875 18.638818740844726562 13.137943267822265625 13.097131729125976562 13.429591178894042969
7.054843902587890625 9.3529958724975585938 10.591015815734863281 9.4931612014770507812 6.2837281227111816406 3.9023187160491943359 1.0573325157165527344 3.7626233100891113281 3.7626233100891113281 1.8337335586547851562 0.86531865596771240234 1.7913410663604736328 1.7420461177825927734 4.5828080177307128906 11.210021018981933594 16.743249893188476562 16.55059051513671875 16.050006866455078125 14.592586517333984375 13.37091827392578125 11.794248580932617188 10.242435455322265625 9.0273046493530273438 9.426769256591796875 8.8781423568725585938 6.8427734375 4.3644495010375976562 5.9577164649963378906 7.0434346199035644531 3.6762285232543945312 5.2723307609558105469 4.8834934234619140625 2.8624053001403808594 4.1059498786926269531 12.245538711547851562 18.146205902099609375 16.60280609130859375 9.764495849609375 8.8090410232543945312 7.1986637115478515625
6.3516283035278320312 6.2393860816955566406 4.7878804206848144531 3.2392652034759521484 4.2221512794494628906 7.1923818588256835938 9.6521387100219726562 11.312084197998046875 12.223061561584472656 12.28917694091796875 11.801230430603027344 10.934643745422363281 8.8876476287841796875 6.2166867256164550781 9.4498281478881835938 13.747671127319335938 6.6615710258483886719 6.6282114982604980469 7.597354888916015625 9.8764734268188476562 12.817396163940429688 14.256667137145996094 12.212002754211425781 9.5621595382690429688 12.343968391418457031 11.817640304565429688 6.2579684257507324219 1.0328024625778198242 8.0593900680541992188 9.28446197509765625 10.315082550048828125 10.394735336303710938 9.8664865493774414062 11.407598495483398438 14.366056442260742188 8.5610609054565429688 2.8624053001403808594 4.8834934234619140625 8.109432220458984375 5.152622222900390625
5.6616268157958984375 5.5349788665771484375 4.0760622024536132812 1.6852419376373291016 5.2520904541015625 9.0596704483032226562 11.090662002563476562 11.0311126708984375 11.965816497802734375 12.306426048278808594 11.881397247314453125 11.188700675964355469 9.1798238754272460938 6.6342897415161132812 7.3066544532775878906 14.277169227600097656 9.0645971298217773438 6.8991618156433105469 7.8335480690002441406 9.5181245803833007812 12.550871849060058594 14.320047378540039062 12.744204521179199219 9.1625299453735351562 13.13503265380859375 12.645867347717285156 8.5354337692260742188 6.0210170745849609375 6.1603803634643554688 9.7821626663208007812 10.76160430908203125 10.574347496032714844 10.056364059448242188 10.968536376953125 15.651730537414550781 10.228991508483886719 8.8242588043212890625 9.6480455398559570312 7.0776052474975585938 4.5761446952819824219
5.1427645683288574219 5.1427645683288574219 3.7189939022064208984 0.85937225818634033203 4.57392120361328125 8.2503871917724609375 8.2503871917724609375 2.2906100749969482422 2.2906100749969482422 1.7183580398559570312 2.0045340061187744141 3.7189939022064208984 3.7189939022064208984 3.7189939022064208984 5.1427645683288574219 14.305551528930664062 9.369384765625 2.8624053001403808594 2.8624053001403808594 2.0045340061187744141 2.0045340061187744141 3.7189939022064208984 5.4268126487731933594 1.7183580398559570312 11.585125923156738281 11.585125923156738281 8.8107328414916992188 9.369384765625 0.57293868064880371094 5.4268126487731933594 5.4268126487731933594 4.0041728019714355469 4.0041728019714355469 5.1427645683288574219 13.766301155090332031 8.8107328414916992188 11.85977935791015625 11.85977935791015625 0.85937225818634033203 0.85937225818634033203
5.6678829193115234375 4.7312860488891601562 2.8766577243804931641 2.7401123046875 5.9577164649963378906 7.9293646812438964844 7.4930706024169921875 2.9555392265319824219 8.1878528594970703125 10.652348518371582031 9.3762493133544921875 7.4528136253356933594 5.2991952896118164062 4.7623376846313476562 4.2076525688171386719 12.284074783325195312 10.269265174865722656 8.0500879287719726562 6.7037801742553710938 5.1437511444091796875 5.5641875267028808594 7.1116046905517578125 8.9433450698852539062 5.2867398262023925781 11.179986000061035156 11.933020591735839844 10.923916816711425781 12.845793724060058594 4.6881127357482910156 8.5546617507934570312 9.0842733383178710938 8.8152437210083007812 10.394735336303710938 11.583449363708496094 16.615758895874023438 11.978341102600097656 14.290048599243164062 16.1302337646484375 12.771284103393554688 9.1191425323486328125
4.5202274322509765625 3.2628302574157714844 1.1810154914855957031 4.8427519798278808594 6.5548157691955566406 6.3793702125549316406 5.8229155540466308594 6.34844970703125 9.8929281234741210938 10.602574348449707031 11.234332084655761719 9.8764734268188476562 6.118419647216796875 5.6616268157958984375 2.2636361122131347656 7.7481222152709960938 8.308223724365234375 8.8540496826171875 7.6577734947204589844 10.093973159790039062 10.307938575744628906 6.6282114982604980469 10.064680099487304688 7.6230282783508300781 9.3588151931762695312 10.259691238403320312 10.923916816711425781 18.541978836059570312 10.315082550048828125 9.040485382080078125 9.5414648056030273438 8.3704042434692382812 10.024988174438476562 12.327950477600097656 17.5195465087890625 11.782739639282226562 12.535919189453125 14.636307716369628906 13.344150543212890625 8.3327960968017578125
5.0158514976501464844 5.4240097999572753906 4.8762063980102539062 3.3279170989990234375 5.1673727035522460938 7.2535605430603027344 6.8662657737731933594 9.159824371337890625 10.533946990966796875 3.0323550701141357422 8.5546617507934570312 13.315172195434570312 15.135816574096679688 14.522828102111816406 11.85977935791015625 8.3823060989379882812 4.4154591560363769531 6.4109234809875488281 6.4109234809875488281 12.446165084838867188 12.402759552001953125 2.672077178955078125 8.9594287872314453125 9.3656873703002929688 8.5616426467895507812 8.7751226425170898438 9.7315950393676757812 20.617246627807617188 17.661439895629882812 17.23186492919921875 18.207983016967773438 15.436941146850585938 10.472323417663574219 8.4486293792724609375 14.858945846557617188 8.916656494140625 6.1447825431823730469 5.93390655517578125 5.2133145332336425781 5.9373140335083007812
