helipistas/1493500825_143_365/INPUT/LCP/Slope.asc
ncols        161
nrows        216
xllcorner    473230.104338547797
yllcorner    4606450.711504123174
cellsize     100.000000000000
NODATA_value  -9999
[rows 162 to 179 of 216, columns 40 to 79 of 161]
6.9224553108215332031 7.4130043983459472656 8.0649671554565429688 5.6678829193115234375 2.9416713714599609375 2.3106329441070556641 1.0127503871917724609 2.1356322765350341797 2.6567203998565673828 2.83548736572265625 3.2581310272216796875 3.2690854072570800781 2.5040714740753173828 0.81653523445129394531 2.8516688346862792969 3.232952117919921875 1.7302427291870117188 1.5817295312881469727 1.8914834260940551758 2.3370623588562011719 1.5817295312881469727 1.4068214893341064453 1.2688972949981689453 0.95543771982192993164 0.54542309045791625977 0.28647652268409729004 0.40513560175895690918 0.40513560175895690918 0.28647652268409729004 0.28647652268409729004 0.20257033407688140869 0.20257033407688140869 0.22648027539253234863 0.14323915541172027588 0.22648027539253234863 0.22648027539253234863 0.10128547996282577515 0.10128547996282577515 0.14323915541172027588 0.10128547996282577515
15.309798240661621094 12.704973220825195312 11.612750053405761719 6.8991618156433105469 4.4487547874450683594 3.9901485443115234375 2.7157418727874755859 3.232952117919921875 1.9968551397323608398 0.73034119606018066406 0.20257033407688140869 1.7302427291870117188 1.8669528961181640625 1.7302427291870117188 2.6315732002258300781 2.8192124366760253906 2.3545162677764892578 2.5304930210113525391 2.1642086505889892578 1.9553900957107543945 0.57293868064880371094 0.54542309045791625977 0.41760376095771789551 0.28647652268409729004 0.28647652268409729004 0.28647652268409729004 0.30385389924049377441 0.22648027539253234863 0 0 0.10128547996282577515 0.22648027539253234863 0.22648027539253234863 0.14323915541172027588 0.22648027539253234863 0.28647652268409729004 0.28647652268409729004 0.3651854395866394043 0.42971029877662658691 0.3651854395866394043
15.376553535461425781 14.783059120178222656 16.274843215942382812 7.4990897178649902344 4.9874272346496582031 4.5839176177978515625 2.5924062728881835938 3.4351167678833007812 2.83548736572265625 1.2320023775100708008 1.0127503871917724609 1.474414825439453125 1.632738947868347168 1.5817295312881469727 2.4378077983856201172 1.8337335586547851562 2.7624161243438720703 2.9137365818023681641 1.8253340721130371094 1.571980595588684082 0.57293868064880371094 0.50641471147537231445 0.3651854395866394043 0.28647652268409729004 0.28647652268409729004 0.28647652268409729004 0.22648027539253234863 0.10128547996282577515 0 0 0.22648027539253234863 0.30385389924049377441 0.30385389924049377441 0.14323915541172027588 0.30385389924049377441 0.28647652268409729004 0.28647652268409729004 0.41760376095771789551 0.42971029877662658691 0.41760376095771789551
2.2906100749969482422 11.034209251403808594 17.484426498413085938 6.8427734375 4.2891530990600585938 4.2891530990600585938 0.85937225818634033203 2.0045340061187744141 2.8624053001403808594 1.4320962429046630859 1.4320962429046630859 1.1457628011703491211 1.1457628011703491211 0.57293868064880371094 1.4320962429046630859 0.85937225818634033203 2.8624053001403808594 2.8624053001403808594 1.1457628011703491211 1.1457628011703491211 0 0 0 0 0 0 0 0 0 0 0.28647652268409729004 0.22648027539253234863 0.32028982043266296387 0.10128547996282577515 0.28647652268409729004 0 0 0.28647652268409729004 0 0.28647652268409729004
7.8156452178955078125 12.031910896301269531 18.321971893310546875 7.0719218254089355469 4.71837615966796875 4.8206686973571777344 1.632738947868347168 1.8253340721130371094 3.0973770618438720703 1.5423634052276611328 1.5423634052276611328 1.4604451656341552734 1.4604451656341552734 0.86531865596771240234 2.3997266292572021484 2.6797225475311279297 3.3386404514312744141 2.7251410484313964844 1.1322598457336425781 0.95543771982192993164 0 0.10128547996282577515 0.22648027539253234863 0.28647652268409729004 0.28647652268409729004 0.28647652268409729004 0.22648027539253234863 0.10128547996282577515 0.10128547996282577515 0.22648027539253234863 0.30385389924049377441 0.10128547996282577515 0.22648027539253234863 0.20257033407688140869 0.22648027539253234863 0 0 0.22648027539253234863 0.10128547996282577515 0.20257033407688140869
13.296889305114746094 13.395489692687988281 16.79146575927734375 7.4937396049499511719 5.5705556869506835938 5.6571536064147949219 2.3696827888488769531 1.4068214893341064453 3.5231423377990722656 1.5423634052276611328 1.5423634052276611328 2.0248682498931884766 2.0248682498931884766 1.2688972949981689453 4.0673031806945800781 3.5634696483612060547 2.7251410484313964844 1.9237029552459716797 0.81653523445129394531 0.54542309045791625977 0 0.22648027539253234863 0.30385389924049377441 0.28647652268409729004 0.28647652268409729004 0.28647652268409729004 0.30385389924049377441 0.22648027539253234863 0.22648027539253234863 0.30385389924049377441 0.22648027539253234863 0.14323915541172027588 0.22648027539253234863 0.22648027539253234863 0.10128547996282577515 0 0 0.10128547996282577515 0.22648027539253234863 0.20257033407688140869
21.398946762084960938 15.350803375244140625 10.6633758544921875 6.86406707763671875 6.9420461654663085938 6.6577887535095214844 1.474414825439453125 2.6022534370422363281 2.9762187004089355469 1.2968668937683105469 1.2968668937683105469 1.632738947868347168 2.4378077983856201172 3.1415979862213134766 5.0511527061462402344 3.1996014118194580078 0.91149336099624633789 0.67941254377365112305 0.28647652268409729004 0.3651854395866394043 0.22648027539253234863 0.30385389924049377441 0.22648027539253234863 0 0 0 0.20257033407688140869 0.45295345783233642578 0.54542309045791625977 0.41760376095771789551 0.28647652268409729004 0.28647652268409729004 0.28647652268409729004 0.28647652268409729004 0.28647652268409729004 0.28647652268409729004 0.28647652268409729004 0.28647652268409729004 0.20257033407688140869 0.20257033407688140869
18.939746856689453125 10.144045829772949219 4.5168499946594238281 4.8427519798278808594 8.0146331787109375 7.7713422775268554688 1.474414825439453125 2.8498754501342773438 1.4498792886734008789 1.0127503871917724609 1.0127503871917724609 0.45295345783233642578 1.8669528961181640625 3.2939858436584472656 4.3222594261169433594 2.2363352775573730469 0.67941254377365112305 0.30385389924049377441 0.28647652268409729004 0.50641471147537231445 0.30385389924049377441 0.22648027539253234863 0.10128547996282577515 0 0 0 0.20257033407688140869 0.45295345783233642578 0.50641471147537231445 0.3651854395866394043 0.28647652268409729004 0.28647652268409729004 0.28647652268409729004 0.28647652268409729004 0.28647652268409729004 0.28647652268409729004 0.28647652268409729004 0.28647652268409729004 0.20257033407688140869 0.20257033407688140869
15.520711898803710938 10.540924072265625 7.6675772666931152344 8.6466703414916992188 9.8284368515014648438 8.2479677200317382812 3.6637182235717773438 2.8624053001403808594 2.0846774578094482422 1.4604451656341552734 0.40513560175895690918 1.2688972949981689453 2.0475022792816162109 2.4378077983856201172 2.44828033447265625 0.93372428417205810547 0.67941254377365112305 0.30385389924049377441 0.28647652268409729004 0.50641471147537231445 0.30385389924049377441 0.20257033407688140869 0.20257033407688140869 0.28647652268409729004 0.28647652268409729004 0.28647652268409729004 0.40513560175895690918 0.40513560175895690918 0.28647652268409729004 0.28647652268409729004 0.22648027539253234863 0.10128547996282577515 0 0 0 0 0 0 0.28647652268409729004 0.28647652268409729004
13.096766471862792969 11.504347801208496094 8.308223724365234375 9.21591949462890625 8.2479677200317382812 6.2547411918640136719 3.3371107578277587891 2.5606389045715332031 2.0846774578094482422 1.6699715852737426758 0.90585035085678100586 2.5304930210113525391 2.9967544078826904297 1.9942889213562011719 1.017800450325012207 0.50641471147537231445 0.91149336099624633789 0.67941254377365112305 0.28647652268409729004 0.3651854395866394043 0.22648027539253234863 0.45295345783233642578 0.45295345783233642578 0.28647652268409729004 0.28647652268409729004 0.28647652268409729004 0.40513560175895690918 0.40513560175895690918 0.28647652268409729004 0.28647652268409729004 0.30385389924049377441 0.22648027539253234863 0 0 0 0 0 0 0.28647652268409729004 0.28647652268409729004
13.435265541076660156 12.621527671813964844 8.6034002304077148438 8.0649671554565429688 5.6508851051330566406 4.539318084716796875 2.6257355213165283203 1.2361563444137573242 0.81023067235946655273 1.4320962429046630859 1.8337335586547851562 3.0086684226989746094 2.7531449794769287109 0.22648027539253234863 0.14323915541172027588 0.3651854395866394043 0.83516317605972290039 0.73034119606018066406 0.28647652268409729004 0.22648027539253234863 0.22648027539253234863 0.61607241630554199219 0.7373294830322265625 0.20257033407688140869 0 0 0.28647652268409729004 0.28647652268409729004 0 0 0.28647652268409729004 0.28647652268409729004 0 0 0 0 0 0 0.28647652268409729004 0.28647652268409729004
13.137943267822265625 11.296581268310546875 8.1878528594970703125 7.618427276611328125 5.2142872810363769531 3.9799175262451171875 2.5546383857727050781 1.6232969760894775391 0.81023067235946655273 1.0328024625778198242 1.5423634052276611328 2.2636361122131347656 1.9103443622589111328 0.10128547996282577515 0.42971029877662658691 0.50641471147537231445 0.60769075155258178711 0.45295345783233642578 0.28647652268409729004 0.10128547996282577515 0.30385389924049377441 0.50641471147537231445 0.81653523445129394531 0.61607241630554199219 0.3651854395866394043 0.28647652268409729004 0.41760376095771789551 0.3651854395866394043 0 0 0.22648027539253234863 0.32028982043266296387 0.10128547996282577515 0.10128547996282577515 0.22648027539253234863 0.28647652268409729004 0.28647652268409729004 0.3651854395866394043 0.5905704498291015625 0.81653523445129394531
9.369384765625 7.1250162124633789062 4.2891530990600585938 4.2891530990600585938 0.57293868064880371094 0.57293868064880371094 1.1457628011703491211 1.7183580398559570312 0.57293868064880371094 0.28647652268409729004 0.28647652268409729004 1.4320962429046630859 1.4320962429046630859 0 0.57293868064880371094 0.57293868064880371094 0.28647652268409729004 0.28647652268409729004 0.28647652268409729004 0 0.28647652268409729004 0.28647652268409729004 0.45295345783233642578 0.50641471147537231445 0.41760376095771789551 0.28647652268409729004 0.54542309045791625977 0.50641471147537231445 0 0 0.10128547996282577515 0.32028982043266296387 0.22648027539253234863 0.22648027539253234863 0.30385389924049377441 0.28647652268409729004 0.28647652268409729004 0.41760376095771789551 0.5905704498291015625 0.79101544618606567383
11.346022605895996094 7.6754107475280761719 4.5661311149597167969 3.7585549354553222656 0.60769075155258178711 0.45295345783233642578 1.1457628011703491211 1.5189278125762939453 0.7373294830322265625 0.95543771982192993164 1.0954376459121704102 1.3319638967514038086 1.0765538215637207031 0.20257033407688140869 0.64851647615432739258 0.50641471147537231445 0.28647652268409729004 0.28647652268409729004 0.28647652268409729004 0.30385389924049377441 0.64851647615432739258 0.90585035085678100586 0.90585035085678100586 0.90585035085678100586 0.90585035085678100586 0.85937225818634033203 0.83516317605972290039 0.60769075155258178711 0.28647652268409729004 0.28647652268409729004 0.28647652268409729004 0.41760376095771789551 0.54542309045791625977 0.54542309045791625977 0.41760376095771789551 0.28647652268409729004 0.28647652268409729004 0.30385389924049377441 0.22648027539253234863 0
12.062002182006835938 5.9772019386291503906 3.5115344524383544922 2.3631947040557861328 0.45295345783233642578 0.20257033407688140869 1.1457628011703491211 1.0954376459121704102 0.64851647615432739258 0.93372428417205810547 1.0765538215637207031 0.86531865596771240234 0.3651854395866394043 0.45295345783233642578 0.79101544618606567383 0.3651854395866394043 0.28647652268409729004 0.28647652268409729004 0.28647652268409729004 0.67941254377365112305 0.7373294830322265625 0.90585035085678100586 0.90585035085678100586 0.90585035085678100586 0.90585035085678100586 0.85937225818634033203 0.73034119606018066406 0.45295345783233642578 0.28647652268409729004 0.28647652268409729004 0.28647652268409729004 0.3651854395866394043 0.50641471147537231445 0.50641471147537231445 0.3651854395866394043 0.28647652268409729004 0.28647652268409729004 0.22648027539253234863 0.10128547996282577515 0
10.052937507629394531 2.6624896526336669922 1.3773674964904785156 0.67941254377365112305 0.22648027539253234863 0.10128547996282577515 0.90585035085678100586 1.0127503871917724609 0.73034119606018066406 0.57293868064880371094 0.57293868064880371094 0.50641471147537231445 0.3651854395866394043 0.7373294830322265625 1.3510677814483642578 1.3164808750152587891 1.4604451656341552734 1.4604451656341552734 1.3773674964904785156 1.2526339292526245117 0.83516317605972290039 0.54542309045791625977 0.41760376095771789551 0.30385389924049377441 0.22648027539253234863 0 0 0 0 0 0 0 0 0 0 0 0 0 0 0
6.5578908920288085938 2.2636361122131347656 1.2688972949981689453 0.41760376095771789551 0.30385389924049377441 0.22648027539253234863 0.40513560175895690918 0.83516317605972290039 0.73034119606018066406 0.57293868064880371094 0.57293868064880371094 0.54542309045791625977 0.41760376095771789551 0.86531865596771240234 1.8614575862884521484 1.5323635339736938477 1.4604451656341552734 1.4604451656341552734 1.3624013662338256836 1.0954376459121704102 0.73034119606018066406 0.50641471147537231445 0.3651854395866394043 0.22648027539253234863 0.10128547996282577515 0 0 0 0 0 0 0 0 0 0 0 0 0 0 0
2.0172669887542724609 0.41760376095771789551 0.90585035085678100586 0.90585035085678100586 0.20257033407688140869 0.20257033407688140869 0.20257033407688140869 0.22648027539253234863 0.54542309045791625977 0.90585035085678100586 1.4604451656341552734 1.8669528961181640625 2.1523480415344238281 2.1736502647399902344 2.0273957252502441406 1.0328024625778198242 0.30385389924049377441 0.22648027539253234863 0 0 0 0 0 0 0 0 0 0 0 0 0 0 0 0 0 0 0 0 0 0
