helipistas/1494274522_153_432/INPUT/LCP/Aspect.asc
ncols        198
nrows        222
xllcorner    366353.824162221397
yllcorner    4565457.789070339873
cellsize     100.000000000000
NODATA_value  -9999
[rows 80 to 99 of 222, columns 135 to 179 of 198]
190.22216796875 171.5288543701171875 189.865814208984375 199.230682373046875 154.8721771240234375 149.7827301025390625 176.423675537109375 172.8749847412109375 262.875 351.869903564453125 38.290164947509765625 60.642246246337890625 79.380340576171875 265.73211669921875 259.0113525390625 165.9637451171875 161.5650482177734375 181.8476104736328125 251.2413482666015625 253.201629638671875 216.1193389892578125 171.218841552734375 157.813323974609375 153.572357177734375 140.587249755859375 131.633544921875 41.987213134765625 23.1985931396484375 206.113922119140625 197.667633056640625 165.141387939453125 162.1351318359375 141.4108428955078125 135.716156005859375 174.36932373046875 196.3138427734375 196.1573486328125 178.50567626953125 178.363433837890625 154.9831085205078125 125.5376739501953125 90 90 90 90
173.453704833984375 170.7354736328125 193.05523681640625 203.0912933349609375 164.65911865234375 161.1881103515625 203.6293792724609375 221.1859283447265625 264.2894287109375 295.01690673828125 14.743560791015625 67.7509765625 82.234832763671875 264.98687744140625 257.8631591796875 194.0362548828125 141.519805908203125 157.2490234375 251.878143310546875 253.7798004150390625 199.3589935302734375 144.111358642578125 147.2809600830078125 174.1875152587890625 170.445709228515625 228.366455078125 318.012786865234375 63.97040557861328125 118.7397918701171875 177.031768798828125 174.9461669921875 173.867767333984375 148.3602142333984375 143.01708984375 175.97174072265625 180 182.6754302978515625 183.4832763671875 183.8140716552734375 176.987213134765625 176.633544921875 136.6135406494140625 113.96248626708984375 127.03038787841796875 139.9697418212890625
2.77916717529296875 12.2647705078125 7.284027099609375 329.743560791015625 91.54815673828125 133.4088592529296875 204.4439544677734375 216.740570068359375 235.573516845703125 228.8654632568359375 191.3099365234375 103.9677886962890625 102.3130645751953125 246.700531005859375 241.6578521728515625 196.927520751953125 153.698974609375 155.1858062744140625 244.2900390625 240.9453887939453125 179.593658447265625 142.9801177978515625 116.312652587890625 270 270 270 270 90 90 90 -9999 -9999 90 90 90 90 90 270 270 135 161.5650482177734375 143.004730224609375 117.8475799560546875 130.1354827880859375 128.884490966796875
350.627899169921875 22.7965240478515625 42.763019561767578125 36.86989593505859375 90.8069305419921875 116.2413482666015625 181.7357025146484375 225 236.164886474609375 221.478546142578125 210.9637451171875 104.38861083984375 102.68752288818359375 239.2067718505859375 238.102783203125 205.559967041015625 150.610992431640625 152.216064453125 242.52557373046875 239.0362396240234375 169.159698486328125 163.6571197509765625 171.25384521484375 268.02508544921875 324.727569580078125 335.92449951171875 308.990997314453125 88.57973480224609375 93.16036224365234375 125.5376739501953125 169.59228515625 172.3493499755859375 145.954071044921875 144.4623260498046875 172.303955078125 169.75592041015625 176.5526123046875 182.602569580078125 182.202606201171875 162.5528106689453125 160.067474365234375 156.3706207275390625 103.24051666259765625 63.434947967529296875 68.7494964599609375
354.14398193359375 24.80941009521484375 50.45391845703125 63.26790618896484375 90 90 90 270 270 270 270 90 90 270 270 270 90 90 270 270 90 110.77225494384765625 198.4349517822265625 269.19305419921875 300.004913330078125 10.84030914306640625 27.89727020263671875 88.60282135009765625 92.78516387939453125 115.82099151611328125 151.14434814453125 158.051300048828125 148.1340179443359375 146.689361572265625 163.44293212890625 165.80145263671875 180.690277099609375 172.234832763671875 173.418060302734375 169.7431793212890625 168.206573486328125 190.619659423828125 143.130096435546875 50.194427490234375 68.7494964599609375
9.7003936767578125 20.19980621337890625 35.807758331298828125 25.37287139892578125 17.50339508056640625 20.49584197998046875 15.4221649169921875 9.2461090087890625 225 193.5704345703125 189.68878173828125 135 119.864166259765625 219.1226043701171875 221.455230712890625 196.3895416259765625 168.6900634765625 162.3777008056640625 248.5816497802734375 242.8053436279296875 159.567169189453125 166.476837158203125 205.974395751953125 255.881072998046875 243.0146942138671875 150.494842529296875 157.813323974609375 151.504364013671875 123.511016845703125 120.3236083984375 109.3589935302734375 112.067901611328125 107.5924224853515625 99.68878936767578125 106.3895416259765625 128.2901611328125 175.601287841796875 159.94390869140625 161.5650482177734375 180 180 231.115509033203125 177.397430419921875 157.3286590576171875 143.03570556640625
90 90 23.7494964599609375 8.34389495849609375 25.25316619873046875 29.2097930908203125 35.90972137451171875 66.9384765625 145.7843017578125 170.21759033203125 173.0470428466796875 150.135833740234375 135 197.049041748046875 204.227752685546875 191.453887939453125 189.668670654296875 195.1409912109375 245.937286376953125 239.6763916015625 161.5650482177734375 196.23236083984375 235.619659423828125 251.2814178466796875 235.5518035888671875 136.363922119140625 145.50506591796875 168.061859130859375 152.0490264892578125 154.17901611328125 108.4349517822265625 111.03751373291015625 110.376434326171875 101.3099365234375 102.2647705078125 114.4439544677734375 158.962493896484375 155.282562255859375 157.2034759521484375 201.8014068603515625 213.6900634765625 229.23638916015625 139.1849212646484375 139.6986846923828125 142.2889556884765625
16.84381103515625 15.05431365966796875 354.062591552734375 352.207916259765625 41.85504150390625 33.896167755126953125 34.5166015625 45.939189910888671875 21.68689727783203125 21.85153961181640625 31.883563995361328125 23.600189208984375 19.7988739013671875 350.65533447265625 1.15345001220703125 24.044219970703125 201.037506103515625 185.599334716796875 213.231719970703125 205.2239227294921875 179.30413818359375 203.7283935546875 210.842376708984375 213.78509521484375 211.29302978515625 137.7048797607421875 123.14022064208984375 162.645965576171875 173.6598052978515625 187.9269256591796875 151.798370361328125 149.57421875 153.8531494140625 149.0362396240234375 125.27242279052734375 91.78990936279296875 50.44033050537109375 53.13010406494140625 53.13010406494140625 251.5650482177734375 179.1448974609375 185.194427490234375 158.565399169921875 153.924652099609375 120.256439208984375
25.0744171142578125 18.6717071533203125 7.74471282958984375 10.14554595947265625 29.357753753662109375 22.87366485595703125 31.019710540771484375 48.408573150634765625 31.22330474853515625 37.101863861083984375 49.5574188232421875 12.5876922607421875 10.425811767578125 336.104827880859375 23.5688323974609375 64.29004669189453125 111.501434326171875 147.094757080078125 194.808380126953125 190.762542724609375 192.553375244140625 219.8674468994140625 214.908935546875 209.611541748046875 207.309112548828125 153.2628936767578125 139.6986846923828125 145.491485595703125 166.798919677734375 197.560272216796875 155.806793212890625 153.7998809814453125 162.8240966796875 159.3045501708984375 146.768280029296875 93.57633209228515625 34.380344390869140625 53.13010406494140625 53.13010406494140625 93.8140716552734375 131.775482177734375 169.237457275390625 160.804534912109375 180.9391937255859375 169.0771942138671875
90.33506011962890625 78.23171234130859375 82.6262359619140625 110.03720855712890625 128.5411834716796875 146.4587554931640625 143.595916748046875 111.66595458984375 97.0283966064453125 72.89727020263671875 56.309932708740234375 5.194427490234375 5.194427490234375 331.3895263671875 94.16650390625 111.1531829833984375 126.7241058349609375 60.94539642333984375 347.619232177734375 349.159698486328125 320.64056396484375 282.99462890625 236.689361572265625 208.85565185546875 201.948699951171875 178.994903564453125 176.987213134765625 90 90 270 90 90 90 98.13010406494140625 116.5650482177734375 98.13010406494140625 90 90 90 90 90 90 90 150.255126953125 147.875
90.37447357177734375 74.47589111328125 85.0497283935546875 103.71734619140625 114.95475006103515625 131.3861236572265625 152.7446746826171875 123.9964599609375 104.4207763671875 64.3589935302734375 43.876697540283203125 5.194427490234375 5.194427490234375 24.4439544677734375 92.41333770751953125 109.20916748046875 202.01129150390625 331.504364013671875 339.90478515625 342.299560546875 330.18585205078125 301.908111572265625 182.48956298828125 190.40771484375 187.6506500244140625 200.92449951171875 206.5650482177734375 148.4310302734375 163.85565185546875 200.637542724609375 162.47442626953125 160.559967041015625 172.405364990234375 156.8014068603515625 166.5042724609375 174.0938568115234375 175.156005859375 166.787261962890625 165.5792236328125 145.175506591796875 126.61675262451171875 151.5348358154296875 153.698974609375 153.16595458984375 135
130.933685302734375 161.9918212890625 159.8056640625 157.4329833984375 140.069427490234375 135.9963531494140625 170.88214111328125 132.95458984375 90 90 90 90 90 90 90 90 270 270 270 270 270 270 90 -9999 -9999 244.440032958984375 206.2586669921875 157.90576171875 173.955902099609375 196.630950927734375 168.1113433837890625 166.759490966796875 180 140.5275421142578125 149.743560791015625 172.9987335205078125 173.23382568359375 171.591094970703125 170.8033447265625 152.4471893310546875 128.181793212890625 146.4695281982421875 154.7671661376953125 154.2495269775390625 145.0606842041015625
116.682464599609375 148.879974365234375 165.80889892578125 164.054595947265625 144.865814208984375 140.924591064453125 187.9801025390625 186.07244873046875 175.97174072265625 152.10272216796875 140.710601806640625 157.2490234375 163.8865814208984375 140.14788818359375 111.63378143310546875 106.6450347900390625 274.60009765625 305.03619384765625 335.64697265625 338.47100830078125 343.8426513671875 8.74616241455078125 42.455196380615234375 38.659809112548828125 126.86989593505859375 186.07244873046875 172.4505767822265625 164.30999755859375 180 185.5275421142578125 180 180 176.423675537109375 136.4878692626953125 140.1281890869140625 165.379119873046875 167.47119140625 173.6598052978515625 173.7655181884765625 161.85443115234375 140.64825439453125 146.513824462890625 140.440338134765625 137.862396240234375 135
90 90 90 90 90 90 158.962493896484375 185.9644775390625 193.4652099609375 169.9920196533203125 164.744873046875 138.9451904296875 149.0362396240234375 131.8697509765625 114.818206787109375 116.17529296875 272.842132568359375 293.39447021484375 329.0362548828125 332.393310546875 353.072784423828125 33.690067291259765625 54.130176544189453125 67.38013458251953125 104.0362396240234375 144.926239013671875 154.057708740234375 177.5804901123046875 169.6241455078125 172.04248046875 194.620880126953125 199.440032958984375 162.645965576171875 131.5935516357421875 140.9315185546875 156.501434326171875 159.6768646240234375 172.694244384765625 172.81573486328125 162.7282562255859375 155.297576904296875 172.116851806640625 143.53076171875 141.009002685546875 171.869903564453125
109.30300140380859375 92.4366455078125 69.05735015869140625 86.46770477294921875 86.2847137451171875 73.369049072265625 52.5394439697265625 87.4362335205078125 186.07244873046875 176.1859283447265625 176.633544921875 162.6259613037109375 158.4286956787109375 126.4481658935546875 107.63645172119140625 17.35402679443359375 306.921661376953125 310.467742919921875 341.095428466796875 347.19573974609375 64.29004669189453125 110.77225494384765625 124.56252288818359375 140.194427490234375 136.8476104736328125 139.57391357421875 137.5447998046875 183.366455078125 154.9831085205078125 157.619873046875 192.05078125 188.781158447265625 171.027374267578125 144.6733551025390625 140.9061431884765625 135 125.5376739501953125 148.2405242919921875 139.0856170654296875 109.3589935302734375 123.02386474609375 176.4964599609375 156.2505035400390625 143.74615478515625 209.054595947265625
120.10652923583984375 95.44033050537109375 73.84265899658203125 87.3245697021484375 85.15599822998046875 68.70264434814453125 55.856414794921875 88.98302459716796875 138.9004974365234375 168.6900634765625 169.9920196533203125 174.0458984375 172.492645263671875 126.09325408935546875 135 302.6192626953125 304.295989990234375 307.75274658203125 351.43084716796875 37.694240570068359375 81.68972015380859375 105.7511749267578125 117.718505859375 144.162353515625 140.9061431884765625 147.80426025390625 138.9004974365234375 172.1847076416015625 149.0362396240234375 152.10272216796875 170.433319091796875 173.0470428466796875 176.987213134765625 165.31121826171875 162.645965576171875 144.4623260498046875 135 161.5650482177734375 154.9831085205078125 108.4349517822265625 112.1094512939453125 152.969146728515625 177.709381103515625 176.1859283447265625 217.8749847412109375
50.62462615966796875 11.951873779296875 41.478546142578125 42.31622314453125 37.146686553955078125 37.146686553955078125 31.930683135986328125 55.581634521484375 40.9143829345703125 38.325531005859375 77.10625457763671875 152.52557373046875 162.8240966796875 132.11358642578125 260.788970947265625 294.984039306640625 298.95098876953125 290.955780029296875 22.38013458251953125 98.56914520263671875 117.2553253173828125 121.2183990478515625 121.2183990478515625 149.69732666015625 147.63336181640625 159.94390869140625 146.3099365234375 165.6997222900390625 145.304840087890625 115.70995330810546875 90 90 -9999 90 90 90 90 90 90 90 90 90 270 270 270
44.020679473876953125 9.53012847900390625 42.39743804931640625 43.23760986328125 37.146686553955078125 37.146686553955078125 28.201629638671875 54.566684722900390625 41.775478363037109375 58.14723968505859375 83.58539581298828125 122.66091156005859375 137.16107177734375 150.859375 266.79052734375 289.38079833984375 303.6900634765625 294.775146484375 59.62087249755859375 95.869598388671875 113.5522613525390625 121.2183990478515625 121.2183990478515625 153.1380767822265625 151.220184326171875 168.3406982421875 152.5924224853515625 163.6104583740234375 163.495635986328125 164.5778350830078125 152.650115966796875 150.945404052734375 175.9143829345703125 173.6598052978515625 177.357452392578125 164.744873046875 157.932098388671875 194.743560791015625 258.6900634765625 80.31121063232421875 89.2926788330078125 101.3099365234375 177.273681640625 178.53118896484375 201.3706207275390625
114.717437744140625 160.2011260986328125 131.1432037353515625 100.14554595947265625 62.241458892822265625 65.70903778076171875 78.4398651123046875 86.703887939453125 81.86989593505859375 76.91493988037109375 73.00917816162109375 77.06739044189453125 90 90 270 270 270 270 90 90 90 90 90 90 90 90 90 90 114.4439544677734375 143.74615478515625 155.854461669921875 154.2900390625 167.905242919921875 168.3406982421875 179.11859130859375 183.12213134765625 184.635467529296875 230.440338134765625 267.51043701171875 80.7538909912109375 89.37039947509765625 99.4623260498046875 137.862396240234375 154.025604248046875 205.559967041015625
108.047821044921875 145.7843017578125 160.7407073974609375 120.37912750244140625 34.9920196533203125 69.85158538818359375 81.995269775390625 86.1859283447265625 82.30394744873046875 71.82787322998046875 63.31632232666015625 58.19646453857421875 70.1775360107421875 86.87786865234375 262.110382080078125 255.1086578369140625 227.5113677978515625 218.2409210205078125 155.8150634765625 122.2478790283203125 127.67359161376953125 129.7581787109375 121.5268402099609375 150.255126953125 146.3099365234375 167.7352294921875 151.699249267578125 162.758544921875 142.9434661865234375 126.1193389892578125 123.6900634765625 123.6900634765625 135 137.290618896484375 170.31121826171875 186.3401947021484375 185.194427490234375 202.067901611328125 201.037506103515625 155.955780029296875 106.8583984375 55.95406341552734375 48.366458892822265625 66.03751373291015625 217.8749847412109375
