helipistas/1494274522_153_432/INPUT/LCP/Aspect.asc
ncols        198
nrows        222
xllcorner    366353.824162221397
yllcorner    4565457.789070339873
cellsize     100.000000000000
NODATA_value  -9999
[rows 0 to 19 of 222, columns 45 to 89 of 198]
-9999 -9999 -9999 -9999 -9999 -9999 -9999 -9999 -9999 -9999 -9999 -9999 -9999 -9999 -9999 -9999 -9999 -9999 -9999 -9999 -9999 -9999 -9999 -9999 -9999 -9999 -9999 -9999 -9999 -9999 -9999 -9999 -9999 -9999 -9999 -9999 -9999 -9999 -9999 -9999 -9999 -9999 -9999 -9999 -9999
-9999 288.4349365234375 251.5650482177734375 288.4349365234375 251.5650482177734375 108.4349517822265625 71.5650482177734375 108.4349517822265625 92.72631072998046875 71.5650482177734375 108.4349517822265625 71.5650482177734375 -9999 -9999 108.4349517822265625 336.8013916015625 251.5650482177734375 288.4349365234375 251.5650482177734375 108.4349517822265625 71.5650482177734375 108.4349517822265625 307.303955078125 251.5650482177734375 288.4349365234375 251.5650482177734375 108.4349517822265625 71.5650482177734375 108.4349517822265625 71.5650482177734375 -9999 108.4349517822265625 71.5650482177734375 288.4349365234375 300.068603515625 315 131.1859283447265625 71.5650482177734375 108.4349517822265625 71.5650482177734375 108.4349517822265625 72.681060791015625 71.5650482177734375 288.4349365234375 251.5650482177734375
1.8141937255859375 333.5830078125 297.64599609375 185.599334716796875 182.09014892578125 158.466064453125 159.476165771484375 166.920867919921875 152.281494140625 161.5650482177734375 130.42608642578125 125.69794464111328125 168.6900634765625 171.869903564453125 174.35174560546875 185.194427490234375 193.1092071533203125 201.5713043212890625 201.2716064453125 140.2418212890625 133.2100830078125 153.1780242919921875 198.733367919921875 210.9637451171875 192.875 194.4702911376953125 135 133.9769744873046875 182.12109375 186.3401947021484375 -9999 90 90 270 285.461212158203125 296.5650634765625 73.1785888671875 90 90 90 90 90 90 270 270
5.4281005859375 14.81632232666015625 24.4439544677734375 122.19573211669921875 149.40667724609375 155.836669921875 156.9434051513671875 168.02386474609375 162.738189697265625 174.7322998046875 134.5060882568359375 129.6607666015625 149.0362396240234375 156.8014068603515625 170.639801025390625 192.80426025390625 205.615478515625 200.7990264892578125 200.5081024169921875 148.4731597900390625 141.8699951171875 144.7066497802734375 182.48956298828125 205.9065093994140625 198.924652099609375 201.1612548828125 136.0230255126953125 135 197.4471893310546875 201.27960205078125 182.726318359375 147.154937744140625 146.48199462890625 180 194.3699951171875 190.275360107421875 164.95361328125 163.9676513671875 148.70697021484375 142.90716552734375 131.3477783203125 115.484130859375 169.2868804931640625 204.07550048828125 198.99664306640625
156.194061279296875 146.852996826171875 162.8240966796875 150.57781982421875 149.372772216796875 156.5124053955078125 155.36553955078125 166.26373291015625 170.433319091796875 184.939208984375 148.4486083984375 118.495635986328125 90 90 90 270 270 270 270 90 90 90 90 270 270 270 90 91.54815673828125 201.8014068603515625 200.820892333984375 188.130096435546875 148.19061279296875 147.52880859375 169.2156982421875 167.4210662841796875 176.319366455078125 168.45330810546875 167.6805572509765625 157.619873046875 152.878692626953125 145.7131195068359375 124.9393157958984375 160.6410064697265625 188.4711456298828125 186.546295166015625
137.642547607421875 136.808746337890625 164.744873046875 152.6796875 151.5295257568359375 159.08319091796875 158.0350341796875 163.8865814208984375 174.225677490234375 191.852996826171875 173.6598052978515625 171.5524749755859375 133.602813720703125 130.601287841796875 149.9314117431640625 194.534454345703125 205.942291259765625 195.488494873046875 195.1409912109375 166.3286895751953125 160.2011260986328125 136.9749298095703125 156.317901611328125 197.386962890625 197.4471893310546875 195.01837158203125 150.333282470703125 141.4495391845703125 172.81573486328125 181.7899169921875 182.802459716796875 162.47442626953125 162.47442626953125 171.027374267578125 159.9864349365234375 168.2470703125 170.272430419921875 169.045928955078125 159.3863677978515625 156.6559906005859375 155.5560455322265625 147.36248779296875 169.418365478515625 179.383941650390625 179.39691162109375
90 90 90 90 90 90 90 90 90 270 137.862396240234375 163.21734619140625 136.4687957763671875 133.45184326171875 141.7098388671875 169.508514404296875 195.1240081787109375 194.19854736328125 193.877532958984375 184.635467529296875 185.599334716796875 159.4439544677734375 140.2900848388671875 164.744873046875 188.130096435546875 186.9529571533203125 161.131011962890625 149.0362396240234375 169.4722137451171875 174.970916748046875 175.601287841796875 162.47442626953125 162.47442626953125 171.027374267578125 160.659271240234375 168.986175537109375 176.729522705078125 176.308624267578125 166.087493896484375 164.1342926025390625 155.5560455322265625 146.4587554931640625 168.206573486328125 178.1523895263671875 178.191253662109375
147.65850830078125 135.8636932373046875 164.26385498046875 150.7086334228515625 146.689361572265625 152.878692626953125 150.859375 155.92449951171875 185.5275421142578125 230.194427490234375 132.273681640625 137.4895477294921875 125.83765411376953125 125.83765411376953125 127.5284423828125 141.63250732421875 221.531768798828125 230.042449951171875 225 199.6538238525390625 189.566680908203125 176.1859283447265625 150.945404052734375 149.7827301025390625 177.1658935546875 177.74542236328125 166.456817626953125 157.348114013671875 170.21759033203125 171.1353759765625 170.627899169921875 154.604095458984375 154.14813232421875 166.3902587890625 152.904449462890625 163.5231170654296875 179.11859130859375 179.1448974609375 166.607513427734375 164.197479248046875 140.710601806640625 124.114471435546875 152.52557373046875 175.9143829345703125 175.9143829345703125
151.7589569091796875 140.9275054931640625 167.236785888671875 157.47943115234375 154.0934906005859375 156.689056396484375 154.8721771240234375 171.5288543701171875 214.114471435546875 234.4623260498046875 127.5685882568359375 132.709381103515625 125.83765411376953125 125.83765411376953125 126.74056243896484375 151.55706787109375 232.1250152587890625 225 219.957550048828125 167.905242919921875 168.9435882568359375 177.1658935546875 154.14813232421875 152.68438720703125 162.9371337890625 166.28265380859375 168.85101318359375 162.928985595703125 174.0938568115234375 174.23736572265625 173.904144287109375 155.5560455322265625 155.112579345703125 167.535064697265625 161.9657135009765625 174.36932373046875 177.357452392578125 177.4362335205078125 175.46221923828125 174.610687255859375 147.52880859375 122.47119140625 142.765167236328125 175.9143829345703125 175.9143829345703125
127.40535736083984375 113.77634429931640625 146.944183349609375 140.806732177734375 138.0664825439453125 139.9697418212890625 132.137603759765625 165.650665283203125 216.027374267578125 216.7536773681640625 144.865814208984375 145.520782470703125 139.830413818359375 134.2360992431640625 137.526123046875 178.726959228515625 244.7468414306640625 202.067901611328125 193.392486572265625 157.47943115234375 157.0871734619140625 176.32550048828125 159.3863677978515625 158.2945556640625 157.6805572509765625 155.3532257080078125 165.256439208984375 158.498565673828125 174.0938568115234375 173.6598052978515625 173.1572265625 137.662994384765625 133.1523895263671875 129.289398193359375 90 -9999 90 90 -9999 -9999 90 90 90 90 90
133.567901611328125 115.3461761474609375 141.009002685546875 144.1301727294921875 141.4588165283203125 149.0362396240234375 141.7098388671875 142.495849609375 199.9831085205078125 215.8111572265625 143.9305877685546875 144.5931396484375 146.48199462890625 131.378509521484375 144.3099365234375 219.42779541015625 245.5560455322265625 163.44293212890625 170.0958251953125 150.7086334228515625 148.6900482177734375 173.1986846923828125 162.1981201171875 161.23193359375 163.024505615234375 161.16156005859375 171.027374267578125 168.02386474609375 178.025054931640625 177.87890625 177.709381103515625 142.1250152587890625 156.4477386474609375 176.820159912109375 149.4702911376953125 176.1859283447265625 174.1736602783203125 174.400665283203125 184.763641357421875 185.710601806640625 148.4957275390625 104.743560791015625 86.987213134765625 115.559967041015625 154.855224609375
139.635467529296875 119.8459320068359375 138.9451904296875 144.4623260498046875 140.194427490234375 146.768280029296875 153.4349517822265625 160.132965087890625 193.392486572265625 212.799530029296875 147.925994873046875 136.1934814453125 128.480194091796875 102.14427947998046875 95.71059417724609375 270 270 90 90 90 90 90 90 90 90 90 90 90 -9999 -9999 -9999 90 111.3706207275390625 157.833648681640625 143.3658905029296875 168.6900634765625 171.869903564453125 172.1847076416015625 194.0362548828125 196.699249267578125 163.810791015625 113.1985931396484375 85.60129547119140625 100.22216796875 128.774169921875
143.130096435546875 122.47119140625 141.115509033203125 150.255126953125 146.3099365234375 131.3086090087890625 135 160.989227294921875 205.9065093994140625 214.562530517578125 164.357757568359375 156.8014068603515625 136.909149169921875 110.820892333984375 128.990997314453125 214.380340576171875 203.1985931396484375 166.3286895751953125 167.0053863525390625 159.10223388671875 147.042572021484375 168.4248046875 160.3013763427734375 158.86016845703125 165.3432464599609375 161.5650482177734375 169.695159912109375 168.6900634765625 178.7811279296875 181.2188720703125 181.273040771484375 145.954071044921875 132.6140594482421875 126.86989593505859375 102.72435760498046875 120.9637603759765625 142.594635009765625 154.2900390625 198.4349517822265625 195.255126953125 184.184906005859375 146.768280029296875 139.763641357421875 109.6986236572265625 110.94264984130859375
90 90 90 90 90 90 90 90 270 270 90 90 90 96.9529571533203125 117.34987640380859375 185.01312255859375 183.14495849609375 163.44293212890625 164.2488250732421875 168.6900634765625 155.7460784912109375 167.10626220703125 164.1480712890625 162.950958251953125 177.357452392578125 176.633544921875 169.695159912109375 166.26373291015625 176.3477783203125 183.6522216796875 183.8140716552734375 163.44293212890625 154.440032958984375 146.3099365234375 103.5704345703125 113.1985931396484375 126.46923828125 139.57391357421875 186.3401947021484375 185.194427490234375 202.52056884765625 162.758544921875 135 109.2592926025390625 110.4803619384765625
130.76361083984375 116.5650482177734375 136.7899169921875 156.501434326171875 160.974395751953125 148.2405242919921875 136.0322418212890625 161.5650482177734375 221.90594482421875 226.6846771240234375 170.0958251953125 170.942108154296875 160.2011260986328125 130.292144775390625 139.0856170654296875 170.537689208984375 170.537689208984375 154.7988739013671875 151.927520751953125 166.4295654296875 153.0342864990234375 162.9794769287109375 159.775146484375 151.699249267578125 191.3099365234375 191.3099365234375 158.1985931396484375 156.8014068603515625 225 -9999 180 188.130096435546875 341.5650634765625 71.5650482177734375 101.97613525390625 116.5650482177734375 108.4349517822265625 90 101.3099365234375 146.3099365234375 194.349334716796875 163.44293212890625 158.962493896484375 148.6269989013671875 105.642242431640625
128.884490966796875 116.5650482177734375 126.25383758544921875 145.175506591796875 151.1134185791015625 149.57421875 142.40692138671875 172.04248046875 226.432098388671875 231.1701812744140625 164.898895263671875 166.1593017578125 156.2505035400390625 130.292144775390625 141.809051513671875 170.537689208984375 170.537689208984375 160.559967041015625 158.1985931396484375 162.758544921875 158.025482177734375 174.1736602783203125 176.987213134765625 175.601287841796875 191.3099365234375 191.3099365234375 158.1985931396484375 203.1985931396484375 261.869903564453125 90 135 237.52880859375 285.255126953125 81.027374267578125 99.2461090087890625 116.5650482177734375 116.5650482177734375 90 93.8140716552734375 116.5650482177734375 160.769317626953125 141.911224365234375 148.3925018310546875 192.380767822265625 232.1250152587890625
154.9255828857421875 132.137603759765625 113.1985931396484375 101.8886566162109375 101.8886566162109375 91.00508880615234375 75.9637603759765625 53.74616241455078125 249.4439544677734375 221.633544921875 172.234832763671875 170.537689208984375 150.945404052734375 122.7352294921875 128.5169219970703125 157.619873046875 159.775146484375 156.037506103515625 150.255126953125 139.57391357421875 146.768280029296875 189.462310791015625 185.194427490234375 184.398712158203125 192.9946136474609375 195.255126953125 168.6900634765625 244.9831085205078125 251.5650482177734375 108.4349517822265625 30.963756561279296875 315 303.6900634765625 68.1985931396484375 59.93141937255859375 29.05460357666015625 36.25383758544921875 65.5560455322265625 90 90 90 90 90 270 270
167.082183837890625 149.9314117431640625 129.289398193359375 101.8886566162109375 101.8886566162109375 92.12109375 74.29135894775390625 73.44293212890625 213.6900634765625 192.52880859375 182.602569580078125 183.179840087890625 152.3540191650390625 128.453704833984375 138.09405517578125 152.10272216796875 154.6538238525390625 167.47119140625 164.054595947265625 132.95458984375 149.620880126953125 206.5650482177734375 174.805572509765625 175.601287841796875 201.037506103515625 204.4439544677734375 205.0168914794921875 251.5650482177734375 246.8014068603515625 251.5650482177734375 329.0362548828125 324.462310791015625 333.4349365234375 56.309932708740234375 39.28940582275390625 18.4349517822265625 32.47119140625 28.300754547119140625 13.81502532958984375 24.77513885498046875 12.21572113037109375 41.820171356201171875 47.82712554931640625 322.016510009765625 325.520782470703125
173.2901611328125 181.5207672119140625 182.91082763671875 111.66595458984375 107.48799896240234375 158.962493896484375 75.650665283203125 45 60.94539642333984375 135 193.815032958984375 195.255126953125 151.3895416259765625 111.03751373291015625 38.290164947509765625 29.93151092529296875 28.495639801025390625 25.70995330810546875 55.30484771728515625 90 90 270 90 90 270 270 270 270 270 270 270 270 -9999 90 90 90 35.537677764892578125 13.39249420166015625 4.6858978271484375 8.74616241455078125 4.127593994140625 47.313720703125 53.219207763671875 317.45404052734375 321.088531494140625
169.9920196533203125 206.76751708984375 224.012237548828125 113.404693603515625 108.946502685546875 214.695159912109375 39.28940582275390625 25.3461761474609375 77.7352294921875 111.3706207275390625 198.99664306640625 200.89776611328125 169.695159912109375 191.3099365234375 329.931427001953125 27.255329132080078125 25.9065093994140625 62.241458892822265625 107.52556610107421875 131.633544921875 161.5650482177734375 241.699249267578125 315 347.7352294921875 339.4439697265625 336.037506103515625 342.4075927734375 333.4349365234375 341.5650634765625 332.52557373046875 334.2900390625 342.758544921875 353.2901611328125 6.9529571533203125 6.07245635986328125 5.389312744140625 354.98687744140625 355.156005859375 355.601287841796875 359.19305419921875 3.36646270751953125 63.23940277099609375 67.2758941650390625 299.64984130859375 289.48614501953125
