helipistas/1494274522_153_432/INPUT/LCP/Aspect.asc
ncols        198
nrows        222
xllcorner    366353.824162221397
yllcorner    4565457.789070339873
cellsize     100.000000000000
NODATA_value  -9999
[rows 180 to 199 of 222, columns 90 to 134 of 198]
270 90 90 149.0362396240234375 187.1250152587890625 172.5685882568359375 191.3099365234375 165.9637451171875 149.9314117431640625 135 135 150.945404052734375 155.5560455322265625 187.4314117431640625 199.9831085205078125 192.2647705078125 193.392486572265625 198.4349517822265625 198.4349517822265625 198.4349517822265625 188.130096435546875 198.4349517822265625 191.3099365234375 129.805572509765625 129.805572509765625 168.6900634765625 176.987213134765625 190.0079803466796875 135 125.5376739501953125 149.0362396240234375 156.8014068603515625 225 253.810791015625 270 307.875 325.304840087890625 68.96248626708984375 94.39870452880859375 124.380340576171875 123.6900634765625 149.9314117431640625 216.25384521484375 220.236358642578125 191.3099365234375
188.130096435546875 171.869903564453125 164.054595947265625 164.054595947265625 171.869903564453125 171.869903564453125 183.8140716552734375 174.4724578857421875 169.508514404296875 149.9314117431640625 129.289398193359375 115.0168914794921875 130.9143829345703125 190.0079803466796875 196.699249267578125 187.4314117431640625 201.3706207275390625 203.1985931396484375 191.3099365234375 188.130096435546875 177.51043701171875 182.12109375 181.7357025146484375 147.52880859375 142.1250152587890625 170.537689208984375 182.48956298828125 193.392486572265625 150.945404052734375 144.4623260498046875 143.74615478515625 152.3540191650390625 213.6900634765625 226.909149169921875 201.037506103515625 192.2647705078125 191.3099365234375 150.1240081787109375 143.8806610107421875 143.74615478515625 130.236358642578125 161.5650482177734375 230.7105865478515625 240.2551116943359375 225
188.130096435546875 171.869903564453125 164.054595947265625 164.054595947265625 171.869903564453125 171.869903564453125 176.1859283447265625 178.1523895263671875 182.12109375 176.987213134765625 173.6598052978515625 108.4349517822265625 121.7594757080078125 183.366455078125 185.710601806640625 182.48956298828125 205.559967041015625 207.645965576171875 191.3099365234375 182.726318359375 172.5685882568359375 169.508514404296875 171.3843536376953125 155.5560455322265625 150.945404052734375 170.537689208984375 187.4314117431640625 198.4349517822265625 161.5650482177734375 156.8014068603515625 131.4236602783203125 141.009002685546875 213.6900634765625 215.90972900390625 187.305755615234375 187.4314117431640625 186.8427734375 160.114837646484375 155.3231353759765625 149.0362396240234375 147.52880859375 198.4349517822265625 225 233.74615478515625 218.6598052978515625
196.3895416259765625 171.869903564453125 145.304840087890625 149.0362396240234375 165.9637451171875 165.9637451171875 168.6900634765625 184.398712158203125 198.4349517822265625 204.4439544677734375 209.054595947265625 111.03751373291015625 119.05460357666015625 176.987213134765625 190.0079803466796875 195.255126953125 219.2894134521484375 207.89727783203125 194.743560791015625 187.1250152587890625 167.0053863525390625 144.4623260498046875 150.945404052734375 148.2405242919921875 150.52410888671875 186.3401947021484375 239.0362396240234375 270 90 90 90 90 270 270 -9999 270 270 90 90 90 90 270 270 254.7448883056640625 232.1250152587890625
202.380126953125 188.130096435546875 139.763641357421875 143.74615478515625 165.9637451171875 165.9637451171875 176.1859283447265625 192.9946136474609375 198.4349517822265625 212.47119140625 217.8749847412109375 108.4349517822265625 114.4439544677734375 171.027374267578125 207.89727783203125 219.2894134521484375 195.255126953125 190.0079803466796875 200.224853515625 200.5560455322265625 175.601287841796875 135 142.1250152587890625 144.4623260498046875 146.8886566162109375 201.3706207275390625 221.987213134765625 207.89727783203125 158.1985931396484375 164.054595947265625 150.945404052734375 138.5763397216796875 254.7448883056640625 273.366455078125 120.9637603759765625 171.869903564453125 175.601287841796875 162.758544921875 158.6293792724609375 143.74615478515625 144.4623260498046875 225 210.9637451171875 203.1985931396484375 210.9637451171875
188.74615478515625 185.5275421142578125 162.758544921875 158.6293792724609375 164.744873046875 168.6900634765625 182.290618896484375 209.054595947265625 239.0362396240234375 270 270 90 90 90 270 270 -9999 -9999 270 270 -9999 90 90 90 90 225 228.8140716552734375 212.905242919921875 141.3401947021484375 150.255126953125 169.508514404296875 163.6104583740234375 259.99200439453125 273.012786865234375 101.3099365234375 135 151.699249267578125 174.0938568115234375 172.5685882568359375 176.1859283447265625 188.130096435546875 198.4349517822265625 191.3099365234375 188.130096435546875 216.25384521484375
175.9143829345703125 181.8476104736328125 174.0938568115234375 172.5685882568359375 155.5560455322265625 164.357757568359375 186.8427734375 216.46923828125 218.990997314453125 201.8014068603515625 201.8014068603515625 119.05460357666015625 105.52410888671875 149.0362396240234375 207.645965576171875 205.559967041015625 180 180 198.4349517822265625 204.4439544677734375 186.3401947021484375 135 125.5376739501953125 120.9637603759765625 135 185.194427490234375 214.380340576171875 210.068572998046875 135 116.5650482177734375 168.6900634765625 171.869903564453125 249.623565673828125 213.1113433837890625 144.4623260498046875 145.7843017578125 138.1798248291015625 183.8140716552734375 184.398712158203125 198.4349517822265625 192.9946136474609375 176.1859283447265625 183.8140716552734375 184.398712158203125 229.763641357421875
135 -9999 -9999 -9999 90 90 270 248.962493896484375 220.9143829345703125 201.8014068603515625 201.8014068603515625 131.4236602783203125 105.52410888671875 128.2901611328125 203.1985931396484375 201.3706207275390625 180 180 198.4349517822265625 212.47119140625 198.4349517822265625 144.4623260498046875 135 113.1985931396484375 125.5376739501953125 195.255126953125 218.2901611328125 205.3461761474609375 153.4349517822265625 135 149.0362396240234375 156.8014068603515625 242.52557373046875 192.2647705078125 144.4623260498046875 156.2505035400390625 149.9314117431640625 191.3099365234375 192.9946136474609375 198.4349517822265625 184.398712158203125 168.6900634765625 191.3099365234375 192.9946136474609375 233.74615478515625
177.273681640625 177.51043701171875 175.601287841796875 176.1859283447265625 162.758544921875 162.89727783203125 181.974945068359375 196.189208984375 197.241455078125 191.3099365234375 190.0079803466796875 162.5528106689453125 133.090850830078125 135 202.380126953125 200.224853515625 180 180 198.4349517822265625 204.775146484375 188.6156463623046875 171.3843536376953125 169.508514404296875 126.25383758544921875 120.9637603759765625 206.5650482177734375 235.619659423828125 237.52880859375 135 135 135 151.699249267578125 209.47589111328125 173.2901611328125 154.0934906005859375 170.21759033203125 167.7352294921875 194.743560791015625 196.3895416259765625 194.0362548828125 192.9946136474609375 171.869903564453125 270 315 308.6597900390625
171.869903564453125 172.5685882568359375 167.0053863525390625 168.6900634765625 174.0938568115234375 162.89727783203125 170.21759033203125 199.536651611328125 200.772247314453125 183.8140716552734375 183.366455078125 165.5792236328125 144.09027099609375 149.0362396240234375 196.3895416259765625 194.743560791015625 180 180 193.392486572265625 188.74615478515625 178.2642974853515625 181.7357025146484375 182.12109375 130.236358642578125 124.69515228271484375 206.5650482177734375 242.52557373046875 247.6198577880859375 135 135 118.30075836181640625 135 177.51043701171875 160.559967041015625 162.5528106689453125 181.974945068359375 182.48956298828125 200.224853515625 202.380126953125 194.0362548828125 214.695159912109375 215.537689208984375 270 296.5650634765625 299.744873046875
165.9637451171875 165.9637451171875 154.9831085205078125 151.699249267578125 180 149.0362396240234375 135 217.8749847412109375 200.224853515625 182.48956298828125 182.726318359375 159.775146484375 138.5763397216796875 153.4349517822265625 203.1985931396484375 210.9637451171875 180 180 206.5650482177734375 188.130096435546875 149.0362396240234375 164.744873046875 173.1572265625 144.09027099609375 137.602569580078125 209.054595947265625 235.304840087890625 213.6900634765625 168.6900634765625 186.8427734375 142.1250152587890625 90 90 90 90 270 270 270 270 270 270 270 270 270 270
165.9637451171875 165.9637451171875 161.5650482177734375 158.962493896484375 180 168.6900634765625 161.5650482177734375 161.5650482177734375 171.027374267578125 187.4314117431640625 188.130096435546875 165.256439208984375 142.594635009765625 153.4349517822265625 215.537689208984375 225 180 180 206.5650482177734375 203.1985931396484375 168.6900634765625 122.905242919921875 145.7843017578125 152.650115966796875 146.8886566162109375 217.8749847412109375 230.7105865478515625 198.4349517822265625 161.5650482177734375 193.240509033203125 188.6156463623046875 154.2900390625 163.072479248046875 145.619659423828125 156.8014068603515625 204.4439544677734375 209.054595947265625 232.1250152587890625 240.9453887939453125 225 261.869903564453125 281.3099365234375 278.972625732421875 273.012786865234375 261.869903564453125
166.607513427734375 167.7352294921875 170.537689208984375 170.537689208984375 177.709381103515625 177.87890625 180 165.465545654296875 164.357757568359375 182.12109375 181.7357025146484375 190.491485595703125 161.5650482177734375 90 270 270 -9999 -9999 270 270 -9999 90 90 90 90 270 270 270 90 161.5650482177734375 184.763641357421875 165.465545654296875 167.7352294921875 159.775146484375 171.869903564453125 212.47119140625 217.8749847412109375 237.52880859375 251.5650482177734375 243.4349517822265625 266.633544921875 278.130096435546875 280.00799560546875 273.366455078125 258.6900634765625
161.5650482177734375 163.072479248046875 170.537689208984375 170.537689208984375 173.1572265625 173.6598052978515625 180 169.508514404296875 168.6900634765625 169.508514404296875 171.3843536376953125 205.2011260986328125 204.775146484375 165.9637451171875 220.236358642578125 216.25384521484375 176.633544921875 176.987213134765625 185.194427490234375 186.8427734375 182.290618896484375 135 115.3461761474609375 111.03751373291015625 118.30075836181640625 229.763641357421875 214.9920196533203125 181.974945068359375 160.463348388671875 159.227752685546875 171.869903564453125 170.21759033203125 172.405364990234375 187.4314117431640625 210.9637451171875 284.0362548828125 321.3402099609375 340.20111083984375 327.52880859375 345.9637451171875 329.0362548828125 309.2894287109375 284.0362548828125 284.0362548828125 290.224853515625
90 90 90 90 90 90 -9999 90 90 90 90 237.52880859375 221.4236602783203125 194.0362548828125 214.695159912109375 210.9637451171875 169.9920196533203125 171.027374267578125 174.805572509765625 182.290618896484375 186.8427734375 154.6538238525390625 135 108.4349517822265625 115.0168914794921875 212.47119140625 185.710601806640625 170.21759033203125 163.810791015625 162.758544921875 171.869903564453125 166.4295654296875 172.405364990234375 216.46923828125 240.9453887939453125 277.125 302.00537109375 353.1572265625 328.240509033203125 335.5560302734375 356.987213134765625 353.6597900390625 284.0362548828125 284.0362548828125 285.642242431640625
116.5650482177734375 116.5650482177734375 135 153.4349517822265625 168.6900634765625 166.607513427734375 177.51043701171875 174.805572509765625 173.6598052978515625 156.8014068603515625 149.0362396240234375 191.3099365234375 225 225 217.8749847412109375 212.47119140625 158.962493896484375 161.5650482177734375 163.6104583740234375 176.987213134765625 191.3099365234375 171.027374267578125 169.9920196533203125 135 135 190.0079803466796875 165.256439208984375 158.1985931396484375 156.8014068603515625 158.6293792724609375 180 239.0362396240234375 345.256439208984375 319.57391357421875 317.38592529296875 295.82098388671875 264.47247314453125 185.194427490234375 209.744873046875 196.927520751953125 177.709381103515625 176.987213134765625 225 225 225
116.5650482177734375 116.5650482177734375 116.5650482177734375 135 168.6900634765625 161.5650482177734375 172.5685882568359375 185.194427490234375 186.3401947021484375 171.869903564453125 168.6900634765625 168.6900634765625 225 234.4623260498046875 209.054595947265625 204.4439544677734375 151.699249267578125 152.10272216796875 161.5650482177734375 177.273681640625 191.3099365234375 176.987213134765625 176.633544921875 135 135 183.366455078125 159.775146484375 158.1985931396484375 152.3540191650390625 154.440032958984375 201.8014068603515625 264.47247314453125 309.559661865234375 322.125 319.9697265625 319.08563232421875 257.00537109375 195.255126953125 180 172.5685882568359375 191.3099365234375 194.743560791015625 225 225 204.4439544677734375
90 90 83.6598052978515625 71.5650482177734375 45 90 135 206.5650482177734375 206.5650482177734375 168.6900634765625 171.869903564453125 171.869903564453125 220.236358642578125 217.405364990234375 194.743560791015625 196.3895416259765625 153.4349517822265625 143.130096435546875 156.8014068603515625 175.601287841796875 183.366455078125 177.273681640625 177.51043701171875 146.8886566162109375 143.53076171875 175.601287841796875 168.6900634765625 165.256439208984375 146.3099365234375 116.5650482177734375 278.130096435546875 271.397186279296875 255.465545654296875 248.6293792724609375 262.568603515625 270 270 270 90 90 270 270 270 270 270
90 90 81.86989593505859375 66.8014068603515625 59.036243438720703125 90 120.9637603759765625 206.5650482177734375 206.5650482177734375 149.0362396240234375 158.962493896484375 189.462310791015625 213.6900634765625 202.380126953125 200.224853515625 202.380126953125 153.4349517822265625 144.4623260498046875 168.6900634765625 155.5560455322265625 163.6104583740234375 171.869903564453125 172.5685882568359375 150.52410888671875 140.440338134765625 167.0053863525390625 182.290618896484375 183.012786865234375 180 180 276.3402099609375 271.6365966796875 247.6198577880859375 228.012786865234375 213.6900634765625 183.012786865234375 182.726318359375 186.63250732421875 178.53118896484375 169.9920196533203125 190.0079803466796875 188.972625732421875 196.8214111328125 194.858612060546875 186.8427734375
147.52880859375 142.1250152587890625 122.47119140625 118.30075836181640625 122.47119140625 98.13010406494140625 90 180 180 153.4349517822265625 156.037506103515625 182.48956298828125 190.491485595703125 188.130096435546875 215.537689208984375 244.9831085205078125 90 90 -9999 90 90 90 90 90 90 90 270 270 270 270 270 270 270 209.054595947265625 190.491485595703125 176.987213134765625 177.273681640625 189.2461090087890625 187.305755615234375 176.633544921875 183.366455078125 183.012786865234375 189.2461090087890625 188.130096435546875 191.3099365234375
