helipistas/1494274522_153_432/INPUT/LCP/Aspect.asc
ncols        198
nrows        222
xllcorner    366353.824162221397
yllcorner    4565457.789070339873
cellsize     100.000000000000
NODATA_value  -9999
[rows 40 to 59 of 222, columns 135 to 179 of 198]
116.5650482177734375 225 270 90 90 90 90 90 90 90 90 90 90 90 90 90 116.5650482177734375 175.601287841796875 165.256439208984375 156.4477386474609375 146.689361572265625 168.6900634765625 147.80426025390625 145.7843017578125 126.46923828125 97.4314117431640625 90 127.8749847412109375 168.6900634765625 187.1250152587890625 189.462310791015625 137.862396240234375 140.440338134765625 145.885528564453125 136.54815673828125 154.17901611328125 138.1798248291015625 117.89727020263671875 108.4349517822265625 121.7594757080078125 143.53076171875 158.498565673828125 187.1250152587890625 180 180
128.6598052978515625 181.636566162109375 187.305755615234375 162.45098876953125 165.49334716796875 135.8551025390625 109.7303619384765625 112.270263671875 102.2647705078125 87.51044464111328125 72.89727020263671875 72.89727020263671875 74.74488067626953125 86.37851715087890625 85.1009063720703125 83.1572265625 87.70938873291015625 98.13010406494140625 113.1985931396484375 119.05460357666015625 123.1113433837890625 165.256439208984375 142.594635009765625 130.236358642578125 115.0168914794921875 108.4349517822265625 104.0362396240234375 101.3099365234375 125.5376739501953125 186.3401947021484375 183.8140716552734375 153.4349517822265625 146.3099365234375 125.13419342041015625 115.9065093994140625 153.4349517822265625 142.1250152587890625 147.52880859375 135 131.0548095703125 143.8806610107421875 157.47943115234375 181.16912841796875 182.12109375 182.290618896484375
108.4349517822265625 121.7594757080078125 151.699249267578125 151.699249267578125 156.223663330078125 145.9228057861328125 115.9065093994140625 117.387420654296875 106.3895416259765625 86.63353729248046875 72.89727020263671875 72.89727020263671875 77.0053863525390625 86.63353729248046875 84.805572509765625 83.6598052978515625 87.87890625 96.3401947021484375 108.4349517822265625 114.4439544677734375 117.34987640380859375 159.775146484375 157.619873046875 147.52880859375 118.30075836181640625 111.03751373291015625 104.0362396240234375 100.0079803466796875 119.05460357666015625 150.945404052734375 161.5650482177734375 165.9637451171875 161.5650482177734375 127.234832763671875 117.2553253173828125 153.4349517822265625 135 140.710601806640625 140.710601806640625 120.9637603759765625 138.2704925537109375 155.1363067626953125 165.141387939453125 186.3401947021484375 186.8427734375
178.66778564453125 164.2488250732421875 161.97283935546875 155.1517486572265625 152.92791748046875 152.10272216796875 125.972381591796875 134.045166015625 130.42608642578125 127.8749847412109375 126.027374267578125 109.9831085205078125 94.39870452880859375 90 96.3401947021484375 104.534454345703125 100.49147796630859375 109.7988739013671875 127.234832763671875 135 118.7397918701171875 150.945404052734375 164.744873046875 167.0053863525390625 158.962493896484375 155.5560455322265625 141.3401947021484375 117.2553253173828125 122.905242919921875 111.03751373291015625 85.60129547119140625 101.3099365234375 143.130096435546875 135 108.4349517822265625 71.5650482177734375 22.38013458251953125 9.2461090087890625 35.537677764892578125 78.02386474609375 90 90 90 270 270
182.39703369140625 171.54107666015625 170.26300048828125 159.739501953125 157.833648681640625 159.28582763671875 136.9749298095703125 146.5346221923828125 132.6140594482421875 130.0302581787109375 138.8140716552734375 119.74488067626953125 95.194427490234375 90 95.194427490234375 105.642242431640625 101.3099365234375 104.4207763671875 118.495635986328125 144.4623260498046875 120.37912750244140625 142.1250152587890625 155.5560455322265625 158.962493896484375 167.0053863525390625 164.744873046875 141.3401947021484375 122.19573211669921875 135 125.5376739501953125 81.86989593505859375 95.194427490234375 119.74488067626953125 149.0362396240234375 135 45 311.8201904296875 336.1612548828125 40.42607879638671875 56.976131439208984375 32.19573211669921875 22.16634368896484375 23.7494964599609375 357.273681640625 356.1859130859375
188.781158447265625 174.98687744140625 174.400665283203125 155.26568603515625 151.3360443115234375 153.0834503173828125 133.9949188232421875 151.990814208984375 132.273681640625 126.027374267578125 144.09027099609375 145.885528564453125 127.1466827392578125 95.85601043701171875 83.6598052978515625 84.0938568115234375 103.5704345703125 101.3099365234375 85.1009063720703125 66.8014068603515625 86.1859283447265625 90 90 90 90 90 90 90 90 90 90 90 90 90 -9999 -9999 270 270 71.5650482177734375 60.06848907470703125 29.05460357666015625 25.70995330810546875 27.474430084228515625 13.39249420166015625 18.4349517822265625
191.488983154296875 181.005096435546875 181.1233062744140625 163.1237335205078125 160.2011260986328125 157.4427490234375 140.599334716796875 157.98870849609375 138.012786865234375 131.633544921875 141.581939697265625 143.426971435546875 142.765167236328125 97.8533172607421875 82.694244384765625 85.60129547119140625 100.175506591796875 105.642242431640625 83.1572265625 71.5650482177734375 88.36342620849609375 100.0079803466796875 113.1985931396484375 125.5376739501953125 156.8014068603515625 155.5560455322265625 150.255126953125 140.194427490234375 158.1985931396484375 173.6598052978515625 171.869903564453125 108.4349517822265625 90 63.434947967529296875 348.6900634765625 351.869903564453125 284.0362548828125 284.0362548828125 37.8749847412109375 37.8749847412109375 16.92751312255859375 19.32318115234375 18.86899566650390625 15.64225006103515625 17.904449462890625
183.012786865234375 206.5650482177734375 236.3099365234375 90 90 90 90 90 90 90 90 90 90 90 90 90 90 90 90 90 91.46880340576171875 98.972625732421875 108.4349517822265625 119.05460357666015625 144.4623260498046875 135 150.255126953125 153.4349517822265625 158.1985931396484375 186.3401947021484375 188.130096435546875 116.5650482177734375 90 63.434947967529296875 329.0362548828125 336.8013916015625 284.0362548828125 284.0362548828125 341.5650634765625 1.27303314208984375 5.79279327392578125 17.987335205078125 17.560272216796875 22.456939697265625 25.49755096435546875
127.234832763671875 206.896240234375 203.895172119140625 168.6900634765625 167.47119140625 165.7354888916015625 143.130096435546875 152.650115966796875 130.9143829345703125 126.25383758544921875 129.805572509765625 129.805572509765625 147.52880859375 113.83873748779296875 103.5704345703125 90 90 101.3099365234375 122.7352294921875 143.130096435546875 115.9065093994140625 120.9637603759765625 121.7594757080078125 125.5376739501953125 142.594635009765625 120.9637603759765625 123.6900634765625 71.5650482177734375 15.25511932373046875 339.775146484375 344.357757568359375 42.13759613037109375 84.4724578857421875 135 174.805572509765625 176.633544921875 209.47589111328125 204.145538330078125 194.0362548828125 200.772247314453125 187.4314117431640625 154.17901611328125 130.9143829345703125 81.86989593505859375 54.462322235107421875
90 203.1985931396484375 188.130096435546875 174.289398193359375 173.6598052978515625 182.91082763671875 165.9637451171875 155.854461669921875 135 130.236358642578125 129.805572509765625 129.805572509765625 140.710601806640625 119.93151092529296875 115.0168914794921875 90 90 98.13010406494140625 112.2490234375 149.743560791015625 124.2156982421875 120.9637603759765625 119.47589111328125 123.1113433837890625 138.5763397216796875 128.2901611328125 153.4349517822265625 278.130096435546875 327.52880859375 325.619659423828125 332.52557373046875 57.52880859375 86.7602996826171875 120.9637603759765625 147.52880859375 157.619873046875 196.927520751953125 193.5704345703125 194.0362548828125 210.379119873046875 201.3706207275390625 185.5275421142578125 192.9946136474609375 71.5650482177734375 30.963756561279296875
42.064327239990234375 14.743560791015625 18.4349517822265625 18.4349517822265625 32.47119140625 135 154.2900390625 163.300750732421875 154.17901611328125 130.9143829345703125 97.4314117431640625 92.48955535888671875 99.4623260498046875 112.38013458251953125 155.5560455322265625 114.6768646240234375 94.63545989990234375 81.027374267578125 82.4761810302734375 78.6900634765625 86.987213134765625 81.027374267578125 80.5376739501953125 80.5376739501953125 75.9637603759765625 86.987213134765625 149.0362396240234375 213.6900634765625 201.8014068603515625 222.1375885009765625 231.7098388671875 97.1250152587890625 85.46222686767578125 91.8476104736328125 113.1985931396484375 117.64597320556640625 203.1985931396484375 198.4349517822265625 209.47589111328125 221.531768798828125 199.7988739013671875 190.9228057861328125 210.5792236328125 216.25384521484375 90
40.486011505126953125 25.3461761474609375 30.963756561279296875 38.990993499755859375 57.094757080078125 92.12109375 124.69515228271484375 163.300750732421875 185.5275421142578125 192.9946136474609375 98.13010406494140625 108.4349517822265625 124.50852203369140625 121.8659820556640625 147.52880859375 126.46923828125 97.4314117431640625 79.9920196533203125 82.74680328369140625 81.86989593505859375 86.63353729248046875 79.9920196533203125 80.5376739501953125 80.5376739501953125 75.9637603759765625 87.70938873291015625 119.05460357666015625 180 180 229.9697418212890625 239.0362396240234375 104.0362396240234375 85.3141021728515625 91.27303314208984375 111.3706207275390625 115.559967041015625 188.130096435546875 186.3401947021484375 196.927520751953125 200.376434326171875 186.8427734375 188.972625732421875 213.4653778076171875 208.1785888671875 180
28.739795684814453125 22.38013458251953125 24.2058868408203125 17.81888580322265625 15.70864105224609375 20.01876068115234375 41.054813385009765625 38.990993499755859375 8.13010406494140625 176.987213134765625 149.0362396240234375 125.83765411376953125 119.05460357666015625 77.7352294921875 37.8749847412109375 41.820171356201171875 45 56.76828765869140625 60.7511749267578125 29.577838897705078125 21.8014068603515625 21.8014068603515625 27.645977020263671875 45 66.8014068603515625 90 90 90 90 270 270 90 90 90 90 90 -9999 -9999 270 270 -9999 270 236.8886566162109375 209.291351318359375 189.462310791015625
28.739795684814453125 26.372135162353515625 28.425991058349609375 10.12467193603515625 18.4349517822265625 32.70473480224609375 58.07912445068359375 61.69924163818359375 75.465545654296875 125.13419342041015625 154.9831085205078125 126.46923828125 71.5650482177734375 35.537677764892578125 29.05460357666015625 45 48.179828643798828125 50.44033050537109375 53.6156463623046875 22.067901611328125 21.8014068603515625 21.8014068603515625 23.1985931396484375 42.39743804931640625 42.39743804931640625 35.537677764892578125 16.69924163818359375 20.5560455322265625 36.86989593505859375 255.9637603759765625 209.744873046875 166.607513427734375 124.2156982421875 106.69924163818359375 87.51044464111328125 82.5685882568359375 101.3099365234375 155.5560455322265625 186.3401947021484375 180 176.1859283447265625 191.97613525390625 191.3099365234375 191.3099365234375 189.462310791015625
43.363422393798828125 42.47388458251953125 43.290187835693359375 17.30052947998046875 69.70243072509765625 97.305755615234375 94.61064910888671875 90 90 90 90 90 -9999 90 90 90 90 90 90 90 90 90 90 66.8014068603515625 45 38.990993499755859375 16.69924163818359375 41.185924530029296875 60.25511932373046875 116.5650482177734375 164.054595947265625 161.5650482177734375 138.5763397216796875 126.86989593505859375 87.27368927001953125 81.86989593505859375 93.8140716552734375 126.25383758544921875 173.6598052978515625 161.5650482177734375 168.6900634765625 188.6156463623046875 188.130096435546875 180 181.2188720703125
43.363422393798828125 43.339717864990234375 44.157474517822265625 28.412662506103515625 68.1985931396484375 71.1881103515625 76.2005157470703125 74.357757568359375 65.92449951171875 81.5288543701171875 106.3895416259765625 132.137603759765625 172.8749847412109375 165.256439208984375 166.607513427734375 156.8014068603515625 154.6538238525390625 152.7446746826171875 132.709381103515625 149.0362396240234375 124.69515228271484375 102.9946136474609375 71.5650482177734375 45 45 46.909152984619140625 17.4471893310546875 41.820171356201171875 38.990993499755859375 30.963756561279296875 36.86989593505859375 42.39743804931640625 75.06858062744140625 127.8749847412109375 117.89727020263671875 100.0079803466796875 45 18.4349517822265625 1.33222198486328125 16.1134185791015625 16.69924163818359375 18.4349517822265625 90 154.9831085205078125 163.072479248046875
90 90 90 90 90 85.39990234375 78.8961639404296875 74.357757568359375 71.0033416748046875 83.45371246337890625 100.49147796630859375 115.974395751953125 159.4439544677734375 159.775146484375 161.5650482177734375 161.5650482177734375 159.775146484375 161.5650482177734375 149.743560791015625 168.6900634765625 142.1250152587890625 113.1985931396484375 45 18.4349517822265625 30.963756561279296875 35.90972137451171875 14.4207763671875 38.290164947509765625 35.537677764892578125 38.659809112548828125 45 53.426967620849609375 80.90972137451171875 110.22486114501953125 129.289398193359375 105.25511932373046875 315 341.5650634765625 353.36749267578125 18.4349517822265625 26.565052032470703125 53.13010406494140625 90 139.0856170654296875 143.130096435546875
36.142040252685546875 42.852413177490234375 49.83042144775390625 48.576335906982421875 79.03212738037109375 77.0053863525390625 74.53878021240234375 67.98871612548828125 57.094757080078125 57.094757080078125 38.990993499755859375 56.560131072998046875 35.13419342041015625 33.690067291259765625 33.690067291259765625 35.537677764892578125 45 61.69924163818359375 110.5560455322265625 169.9920196533203125 166.607513427734375 167.7352294921875 177.709381103515625 177.87890625 161.5650482177734375 151.504364013671875 167.0053863525390625 146.689361572265625 137.3859405517578125 116.5650482177734375 104.0362396240234375 86.1859283447265625 55.0079803466796875 9.16234588623046875 358.025054931640625 358.4234619140625 354.34051513671875 354.92041015625 357.646697998046875 13.24051666259765625 17.4471893310546875 38.118274688720703125 45 41.185924530029296875 85.81508636474609375
33.541248321533203125 48.856800079345703125 55.619655609130859375 58.348724365234375 80.34816741943359375 76.3286895751953125 72.4075775146484375 65.1363067626953125 57.094757080078125 57.094757080078125 42.13759613037109375 60.94539642333984375 42.79740142822265625 33.690067291259765625 33.690067291259765625 45 54.462322235107421875 73.07248687744140625 100.619659423828125 152.10272216796875 161.5650482177734375 163.072479248046875 173.1572265625 173.6598052978515625 154.9831085205078125 144.4623260498046875 164.2488250732421875 159.623565673828125 152.52557373046875 123.6900634765625 108.4349517822265625 83.6598052978515625 0 343.810791015625 343.9676513671875 347.082183837890625 3.60846710205078125 10.080596923828125 5.4773712158203125 13.24051666259765625 14.4207763671875 45 51.881725311279296875 58.392498016357421875 87.70938873291015625
120.9637603759765625 111.3706207275390625 97.4314117431640625 90 88.103485107421875 77.38067626953125 52.1250152587890625 32.125 28.53998565673828125 26.200115203857421875 16.8583984375 33.14022064208984375 21.501434326171875 15.8519287109375 18.946502685546875 25.3461761474609375 27.89727020263671875 27.474430084228515625 33.929798126220703125 10.56101226806640625 359.169677734375 359.341461181640625 359.4327392578125 359.48382568359375 15.7247467041015625 32.57405853271484375 19.13364410400390625 29.93151092529296875 59.93141937255859375 90 97.4314117431640625 116.5650482177734375 262.568603515625 270 270 270 90 90 90 90 90 90 90 90 90
