ashley_2/OUTPUT_2/raster.fli
north:    392658.625000
south:    384678.625000
east:     169279.328125
west:     157819.328125
rows:     266
cols:     382
[rows 234 to 259 of 266, columns 180 to 239 of 382]
00108.735 00124.657 00134.893 00185.475 00204.945 00196.774 00193.791 00187.223 00180.665 00174.237 00164.629 00107.398 00079.935 00078.578 00075.985 00070.949 00065.725 00060.497 00055.374 00051.239 00089.116 00086.938 00083.247 00057.827 00037.158 00023.369 00002.236 00045.187 00058.323 00064.673 00061.183 00055.473 00046.747 00005.550 00015.919 00023.802 00033.661 00038.431 00036.384 00036.061 00053.864 00051.792 00052.024 00052.185 00053.202 00052.927 00053.737 00072.269 00071.841 00072.105 00074.928 00073.321 00054.475 00055.100 00055.812 00043.261 00043.471 00089.042 00130.096 00129.642
00098.275 00100.220 00145.438 00141.039 00185.022 00172.077 00167.341 00187.499 00196.250 00192.280 00112.872 00091.183 00084.539 00079.420 00076.278 00073.466 00069.355 00062.602 00057.307 00050.727 00048.729 00083.094 00071.615 00040.078 00028.333 00010.859 00038.751 00049.611 00058.612 00073.325 00065.615 00063.956 00059.971 00055.157 00045.520 00007.167 00016.432 00024.787 00033.136 00033.840 00033.626 00049.513 00049.616 00049.920 00052.218 00052.651 00052.875 00053.107 00070.704 00071.111 00071.626 00072.149 00054.267 00054.897 00055.547 00042.488 00043.061 00070.613 00130.865 00130.255
00137.567 00117.846 00129.151 00128.441 00123.772 00147.454 00190.848 00208.083 00205.194 00173.357 00098.982 00096.263 00093.631 00087.747 00082.444 00072.594 00069.651 00041.628 00035.970 00031.460 00027.981 00030.211 00033.259 00033.759 00016.932 00031.429 00046.579 00050.833 00064.468 00045.251 00073.559 00072.528 00065.618 00063.668 00059.192 00053.770 00022.413 00011.027 00017.856 00028.494 00031.391 00032.318 00047.795 00048.639 00049.610 00051.602 00051.882 00052.470 00069.794 00070.119 00070.530 00071.019 00054.068 00054.715 00055.415 00042.045 00042.692 00053.525 00131.120 00130.477
00206.540 00208.690 00207.775 00214.858 00208.977 00214.440 00216.824 00214.542 00211.966 00108.427 00101.357 00098.796 00095.824 00092.839 00089.045 00072.043 00041.118 00032.657 00023.094 00017.440 00013.739 00013.597 00015.427 00021.663 00002.874 00044.037 00050.530 00056.863 -0001.000 -0001.000 -0001.000 00062.078 00073.533 00065.818 00065.617 00062.996 00057.849 00050.180 00002.008 00018.186 00029.614 00030.975 00046.358 00047.617 00048.845 00050.763 00051.382 00051.813 00068.382 00068.752 00069.497 00070.392 00053.973 00054.619 00055.304 00041.933 00042.508 00043.083 00131.932 00131.107
00232.930 00230.979 00229.164 00227.578 00226.225 00223.641 00221.966 00219.740 00217.638 00105.731 00103.821 00101.512 00098.949 00095.884 00092.361 00046.516 00036.272 00022.491 00000.768 00046.340 00052.142 00052.138 00050.757 00049.606 00042.533 00049.460 00056.339 00009.181 -0001.000 -0001.000 -0001.000 -0001.000 00010.116 00074.753 00073.325 00065.756 00065.379 00060.171 00048.144 00008.261 00021.040 00030.392 00044.471 00046.916 00048.076 00050.023 00050.520 00051.196 00067.599 00068.436 00069.296 00070.343 00053.895 00054.532 00055.200 00043.074 00041.629 00041.837 00133.758 00132.752
00232.836 00231.865 00230.184 00229.024 00228.783 00225.628 00224.251 00221.749 00212.072 00106.698 00104.384 00102.459 00099.990 00096.319 00093.640 00044.331 00032.921 00014.254 00039.194 00056.595 00063.812 00064.038 00063.536 00063.071 00046.971 00050.619 00040.167 -0001.000 -0001.000 -0001.000 -0001.000 -0001.000 -0001.000 -0001.000 00022.803 00085.417 00072.846 00061.204 00051.558 00008.200 00016.486 00029.303 00031.685 00046.720 00047.596 00049.457 00050.212 00051.066 00067.492 00068.243 00068.639 00069.042 00053.905 00054.479 00055.163 00046.130 00040.473 00041.093 00135.135 00134.333
-0001.000 -0001.000 00230.945 00229.454 00228.378 00225.652 00224.490 00222.424 00213.075 00106.504 00104.290 00102.497 00099.648 00095.746 00093.901 00042.697 00030.706 00006.625 00034.829 00058.409 00073.888 00067.117 00067.080 00067.304 00062.579 00061.727 -0001.000 -0001.000 -0001.000 -0001.000 -0001.000 -0001.000 -0001.000 -0001.000 -0001.000 -0001.000 00035.477 00060.195 00043.392 00009.782 00015.455 00029.417 00031.686 00047.902 00048.519 00049.745 00050.277 00051.242 00066.659 00067.521 00068.161 00069.423 00055.152 00054.730 00055.379 00044.751 00039.712 00040.911 00136.500 00135.574
-0001.000 -0001.000 -0001.000 00214.110 00228.094 00225.990 00224.379 00222.471 00220.330 00105.822 00104.057 00102.133 00099.137 00095.575 00093.684 00041.544 00029.203 00008.535 00028.933 00046.054 00051.599 00060.576 00069.599 00078.611 00084.180 -0001.000 -0001.000 -0001.000 -0001.000 -0001.000 -0001.000 -0001.000 -0001.000 -0001.000 -0001.000 -0001.000 -0001.000 00031.437 00027.357 00007.184 00027.156 00030.834 00047.971 00048.897 00049.973 00049.829 00049.461 00051.267 00066.000 00066.998 00067.889 00070.182 00055.561 00055.111 00055.679 00039.991 00039.878 00042.070 00137.262 00136.125
-0001.000 -0001.000 -0001.000 -0001.000 -0001.000 00223.257 00221.184 00219.105 00216.983 00104.585 00102.565 00100.707 00097.269 00093.720 00092.073 00052.591 00031.309 00017.505 00019.019 00027.411 -0001.000 -0001.000 -0001.000 -0001.000 -0001.000 -0001.000 -0001.000 -0001.000 -0001.000 -0001.000 -0001.000 -0001.000 -0001.000 -0001.000 -0001.000 00120.366 00028.467 00024.308 00003.804 00015.413 00031.065 00032.493 00049.599 00050.096 00050.996 00050.055 00050.713 00050.856 00064.923 00065.764 00066.673 00068.799 00055.928 00055.928 00056.673 00039.384 00039.889 00057.107 00138.165 00137.389
-0001.000 -0001.000 -0001.000 -0001.000 -0001.000 -0001.000 00213.271 00215.482 00213.808 00142.354 00100.795 00098.069 00095.163 00091.645 00087.843 00081.715 00033.906 00023.877 00009.294 00018.282 00025.530 00009.815 -0001.000 -0001.000 -0001.000 -0001.000 -0001.000 -0001.000 -0001.000 -0001.000 -0001.000 -0001.000 -0001.000 -0001.000 00071.000 00028.515 00021.426 00005.874 00015.802 00032.225 00032.328 00042.880 00051.285 00051.493 00052.482 00050.155 00050.462 00051.097 00065.123 00065.917 00066.980 00070.731 00055.792 00056.037 00057.301 00038.834 00038.325 00094.421 00138.597 00137.926
-0001.000 -0001.000 -0001.000 -0001.000 -0001.000 -0001.000 -0001.000 -0001.000 00202.511 00206.819 00098.722 00095.829 00092.637 00087.604 00084.167 00080.932 00075.206 00031.603 00023.787 00011.004 00015.983 00025.274 00021.573 -0001.000 -0001.000 -0001.000 -0001.000 -0001.000 -0001.000 -0001.000 -0001.000 -0001.000 -0001.000 00031.423 00027.144 00017.088 00009.202 00018.012 00033.966 00035.031 00034.976 00052.429 00052.819 00052.357 00052.854 00050.750 00051.041 00051.637 00065.440 00066.755 00068.958 00070.488 00056.212 00056.384 00057.679 00037.946 00037.832 00132.633 00138.194 00137.913
-0001.000 -0001.000 -0001.000 -0001.000 -0001.000 -0001.000 -0001.000 -0001.000 -0001.000 -0001.000 00151.455 00090.798 00087.989 00085.790 00083.563 00081.422 00079.312 00077.769 00032.643 00024.745 00013.250 00013.333 00024.194 00031.803 -0001.000 -0001.000 -0001.000 -0001.000 -0001.000 -0001.000 -0001.000 00401.260 00029.843 00025.072 00004.840 00012.202 00028.396 00036.118 00037.059 00037.161 00056.263 00054.212 00053.308 00054.782 00053.658 00051.688 00051.683 00065.140 00065.960 00068.933 00069.670 00056.959 00056.478 00056.994 00058.433 00037.424 00037.610 00139.207 00138.355 00137.429
-0001.000 -0001.000 -0001.000 -0001.000 -0001.000 -0001.000 -0001.000 -0001.000 -0001.000 -0001.000 -0001.000 00078.040 00087.232 00085.923 00084.945 00083.085 00081.913 00082.063 00080.109 00033.110 00025.163 00014.905 00006.206 00022.891 00027.994 -0001.000 -0001.000 -0001.000 00105.383 00028.164 00024.859 00023.011 00019.028 00003.697 00014.693 00034.755 00035.793 00038.055 00038.870 00059.920 00059.050 00056.602 00056.486 00052.851 00053.087 00053.023 00052.748 00065.921 00066.873 00070.037 00068.199 00057.104 00057.235 00057.571 00039.745 00037.373 00048.322 00139.303 00138.613 00137.751
-0001.000 -0001.000 -0001.000 -0001.000 -0001.000 -0001.000 -0001.000 -0001.000 -0001.000 -0001.000 -0001.000 -0001.000 -0001.000 -0001.000 00087.327 00087.856 00085.362 00082.414 00079.178 00077.462 00035.038 00025.664 00017.564 00000.751 00022.035 00026.779 00024.841 00024.008 00021.535 00017.614 00001.197 00006.499 00012.669 00017.634 00035.191 00036.848 00037.811 00055.295 00062.383 00061.108 00060.929 00058.958 00058.743 00052.938 00054.021 00054.047 00066.539 00066.791 00068.881 00069.074 00068.593 00057.586 00058.036 00058.390 00036.266 00037.511 00094.025 00138.787 00138.369 00137.765
-0001.000 -0001.000 -0001.000 -0001.000 -0001.000 -0001.000 -0001.000 -0001.000 -0001.000 -0001.000 -0001.000 -0001.000 -0001.000 -0001.000 -0001.000 00086.838 00084.501 00082.146 00079.728 00076.649 00074.545 00053.649 00027.814 00018.406 00005.362 00014.953 00011.057 00003.045 00008.803 00013.523 00017.789 00026.855 00040.446 00038.248 00037.299 00038.370 00062.352 00063.396 00063.680 00063.469 00062.867 00062.921 00058.789 00054.290 00054.983 00056.044 00068.973 00068.962 00068.070 00069.294 00058.340 00058.012 00058.641 00059.051 00036.370 00036.951 00143.404 00140.965 00141.180 00138.820
-0001.000 -0001.000 -0001.000 -0001.000 -0001.000 -0001.000 -0001.000 -0001.000 -0001.000 -0001.000 -0001.000 -0001.000 -0001.000 -0001.000 -0001.000 -0001.000 00084.224 00081.090 00078.541 00080.829 00078.355 00075.288 00065.998 00028.854 00020.927 00016.086 00015.479 00018.512 00032.707 00042.991 00042.825 00043.896 00043.232 00040.341 00039.126 00061.682 00063.833 00064.106 00066.045 00065.084 00065.444 00061.950 00063.509 00057.933 00053.592 00067.041 00070.325 00068.509 00069.025 00071.171 00060.436 00057.989 00058.364 00034.725 00035.747 00052.037 00141.420 00141.713 00141.230 00139.540
-0001.000 -0001.000 -0001.000 -0001.000 -0001.000 -0001.000 -0001.000 -0001.000 -0001.000 -0001.000 -0001.000 -0001.000 -0001.000 -0001.000 -0001.000 -0001.000 -0001.000 -0001.000 -0001.000 -0001.000 00078.334 00074.508 00070.631 00062.765 00054.377 00046.866 00043.199 00043.076 00044.900 00044.712 00045.176 00045.092 00043.917 00053.756 00063.656 00062.214 00065.321 00065.513 00068.207 00066.072 00062.020 00063.933 00065.352 00060.356 00054.483 00067.167 00069.171 00071.093 00071.179 00059.812 00060.229 00059.920 00059.801 00035.070 00035.677 00120.996 00140.560 00140.794 00140.557 00137.447
-0001.000 -0001.000 -0001.000 -0001.000 -0001.000 -0001.000 -0001.000 -0001.000 -0001.000 -0001.000 -0001.000 -0001.000 -0001.000 -0001.000 -0001.000 -0001.000 -0001.000 -0001.000 -0001.000 -0001.000 -0001.000 -0001.000 -0001.000 -0001.000 -0001.000 00050.635 00044.105 00045.839 00046.592 00046.106 00046.727 00076.656 00073.731 00067.722 00064.630 00063.010 00067.981 00067.299 00068.451 00062.570 00062.350 00064.130 00065.003 00061.694 00070.126 00070.126 00070.612 00069.917 00072.329 00061.398 00061.788 00060.599 00050.644 00035.132 00035.858 00138.830 00139.930 00140.091 00139.646 00138.329
-0001.000 -0001.000 -0001.000 -0001.000 -0001.000 -0001.000 -0001.000 -0001.000 -0001.000 -0001.000 -0001.000 -0001.000 -0001.000 -0001.000 -0001.000 -0001.000 -0001.000 -0001.000 -0001.000 -0001.000 -0001.000 -0001.000 -0001.000 -0001.000 -0001.000 -0001.000 -0001.000 00059.201 00080.675 00079.035 00080.126 00076.659 00073.908 00069.229 00065.410 00064.622 00069.786 00062.365 00064.141 00063.127 00062.621 00064.282 00063.407 00076.291 00073.071 00072.331 00071.505 00070.949 00060.672 00066.250 00063.167 00062.367 00034.646 00035.942 00099.021 00138.741 00139.022 00139.369 00137.426 00137.204
-0001.000 -0001.000 -0001.000 -0001.000 -0001.000 -0001.000 -0001.000 -0001.000 -0001.000 -0001.000 -0001.000 -0001.000 -0001.000 -0001.000 -0001.000 -0001.000 -0001.000 -0001.000 -0001.000 -0001.000 -0001.000 -0001.000 -0001.000 -0001.000 -0001.000 -0001.000 -0001.000 -0001.000 -0001.000 -0001.000 -0001.000 -0001.000 00063.988 00070.284 00067.449 00065.829 00063.269 00061.449 00063.980 00063.926 00062.278 00063.642 00077.404 00078.499 00074.636 00071.001 00070.364 00071.506 00062.475 00154.756 00161.691 00093.516 00075.878 00040.033 00140.166 00141.489 00138.133 00138.214 00137.358 00136.577
-0001.000 -0001.000 -0001.000 -0001.000 -0001.000 -0001.000 -0001.000 -0001.000 -0001.000 -0001.000 -0001.000 -0001.000 -0001.000 -0001.000 -0001.000 -0001.000 -0001.000 -0001.000 -0001.000 -0001.000 -0001.000 -0001.000 -0001.000 -0001.000 -0001.000 -0001.000 -0001.000 -0001.000 -0001.000 -0001.000 -0001.000 -0001.000 -0001.000 -0001.000 -0001.000 00076.650 00064.676 00063.442 00066.360 00064.365 00061.141 00077.597 00076.955 00077.250 00072.898 00070.083 00072.878 00064.710 00064.408 00149.751 00098.041 00093.530 00187.892 00328.795 00241.813 00134.104 00139.120 00139.694 00137.755 00136.590
-0001.000 -0001.000 -0001.000 -0001.000 -0001.000 -0001.000 -0001.000 -0001.000 -0001.000 -0001.000 -0001.000 -0001.000 -0001.000 -0001.000 -0001.000 -0001.000 -0001.000 -0001.000 -0001.000 -0001.000 -0001.000 -0001.000 -0001.000 -0001.000 -0001.000 -0001.000 -0001.000 -0001.000 -0001.000 -0001.000 -0001.000 -0001.000 -0001.000 -0001.000 -0001.000 -0001.000 -0001.000 -0001.000 -0001.000 00044.213 00077.846 00075.080 00075.914 00076.499 00073.616 00071.270 00066.023 00160.667 00177.515 00160.870 00105.399 00101.445 00375.378 00345.820 00331.622 00132.027 00127.260 00134.042 00134.805 00135.580
-0001.000 -0001.000 -0001.000 -0001.000 -0001.000 -0001.000 -0001.000 -0001.000 -0001.000 -0001.000 -0001.000 -0001.000 -0001.000 -0001.000 -0001.000 -0001.000 -0001.000 -0001.000 -0001.000 -0001.000 -0001.000 -0001.000 -0001.000 -0001.000 -0001.000 -0001.000 -0001.000 -0001.000 -0001.000 -0001.000 -0001.000 -0001.000 -0001.000 -0001.000 -0001.000 -0001.000 -0001.000 -0001.000 -0001.000 -0001.000 -0001.000 -0001.000 00088.374 00081.139 00079.348 00068.436 00068.614 -0001.000 00218.099 00090.735 00092.715 00363.915 00373.939 00388.414 00381.959 00087.341 00242.853 00305.970 00206.395 00127.431
-0001.000 -0001.000 -0001.000 -0001.000 -0001.000 -0001.000 -0001.000 -0001.000 -0001.000 -0001.000 -0001.000 -0001.000 -0001.000 -0001.000 -0001.000 -0001.000 -0001.000 -0001.000 -0001.000 -0001.000 -0001.000 -0001.000 -0001.000 -0001.000 -0001.000 -0001.000 -0001.000 -0001.000 -0001.000 -0001.000 -0001.000 -0001.000 -0001.000 -0001.000 -0001.000 -0001.000 -0001.000 -0001.000 -0001.000 -0001.000 -0001.000 -0001.000 -0001.000 -0001.000 -0001.000 -0001.000 -0001.000 -0001.000 -0001.000 -0001.000 -0001.000 00274.736 00343.281 00362.283 00359.902 00294.572 00312.426 00252.468 00222.604 00299.672
-0001.000 -0001.000 -0001.000 -0001.000 -0001.000 -0001.000 -0001.000 -0001.000 -0001.000 -0001.000 -0001.000 -0001.000 -0001.000 -0001.000 -0001.000 -0001.000 -0001.000 -0001.000 -0001.000 -0001.000 -0001.000 -0001.000 -0001.000 -0001.000 -0001.000 -0001.000 -0001.000 -0001.000 -0001.000 -0001.000 -0001.000 -0001.000 -0001.000 -0001.000 -0001.000 -0001.000 -0001.000 -0001.000 -0001.000 -0001.000 -0001.000 -0001.000 -0001.000 -0001.000 -0001.000 -0001.000 -0001.000 -0001.000 -0001.000 -0001.000 -0001.000 -0001.000 -0001.000 -0001.000 00223.695 00314.551 00530.059 00499.748 00483.811 00213.451
-0001.000 -0001.000 -0001.000 -0001.000 -0001.000 -0001.000 -0001.000 -0001.000 -0001.000 -0001.000 -0001.000 -0001.000 -0001.000 -0001.000 -0001.000 -0001.000 -0001.000 -0001.000 -0001.000 -0001.000 -0001.000 -0001.000 -0001.000 -0001.000 -0001.000 -0001.000 -0001.000 -0001.000 -0001.000 -0001.000 -0001.000 -0001.000 -0001.000 -0001.000 -0001.000 -0001.000 -0001.000 -0001.000 -0001.000 -0001.000 -0001.000 -0001.000 -0001.000 -0001.000 -0001.000 -0001.000 -0001.000 -0001.000 -0001.000 -0001.000 -0001.000 -0001.000 -0001.000 -0001.000 -0001.000 -0001.000 00192.902 00322.135 00396.394 00397.063
