ashley_2/OUTPUT_2/raster.ros
north:    392658.625000
south:    384678.625000
east:     169279.328125
west:     157819.328125
rows:     266
cols:     382
[rows 234 to 259 of 266, columns 180 to 239 of 382]
01.21 01.38 01.50 02.06 02.28 02.20 02.19 04.64 10.72 10.37 09.83 06.43 04.80 04.74 04.60 04.32 04.01 03.70 03.40 03.15 05.45 05.37 05.23 03.79 02.68 02.10 00.41 02.74 03.39 03.75 03.59 03.35 03.03 00.79 01.36 01.70 02.18 02.41 02.24 02.19 03.22 03.07 03.07 03.05 03.09 03.07 03.11 04.16 04.13 04.13 04.27 04.15 03.08 03.11 03.13 02.42 02.41 04.91 07.18 07.17
05.72 01.12 01.62 01.58 02.07 01.94 01.89 06.63 11.66 11.46 06.74 05.48 05.11 04.83 04.66 04.52 04.30 03.90 03.58 03.19 03.04 05.18 04.58 02.80 02.32 01.40 02.44 02.89 03.37 04.09 03.78 03.71 03.54 03.35 02.99 00.90 01.39 01.73 02.10 02.09 02.04 02.95 02.94 02.93 03.04 03.06 03.06 03.06 04.06 04.07 04.09 04.10 03.07 03.10 03.12 02.37 02.39 03.89 07.22 07.20
08.03 05.41 01.71 01.45 01.40 01.66 02.16 12.33 12.20 10.33 05.93 05.81 05.69 05.37 05.10 04.53 04.39 02.74 02.48 02.23 01.99 02.10 02.28 02.55 01.77 02.09 02.74 02.93 69.56 238.06 04.08 04.05 03.78 03.70 03.51 03.31 01.55 01.11 01.37 01.82 01.93 01.94 02.84 02.86 02.90 03.00 03.01 03.03 04.01 04.02 04.03 04.04 03.06 03.09 03.11 02.35 02.37 02.95 07.23 07.21
12.07 10.25 12.20 12.64 12.30 12.66 12.84 12.73 12.61 06.47 06.09 05.98 05.85 05.72 05.55 04.58 02.81 02.43 01.99 01.66 01.41 01.36 01.47 01.94 00.39 02.64 02.91 03.16 -0001.000 -0001.000 -0001.000 142.72 04.09 03.79 03.78 03.67 03.45 03.14 00.33 01.31 01.83 01.88 02.76 02.81 02.86 02.95 02.98 02.99 03.94 03.94 03.97 04.01 03.06 03.08 03.11 02.35 02.36 02.38 07.28 07.24
13.63 13.54 13.46 13.38 13.32 13.21 13.14 13.04 12.96 06.32 06.24 06.15 06.04 05.91 05.77 03.05 02.65 02.05 00.20 02.98 03.24 03.26 03.21 03.17 02.62 02.86 03.14 431.46 -0001.000 -0001.000 -0001.000 -0001.000 441.84 70.82 04.08 03.78 03.77 03.52 02.96 00.83 01.37 01.86 02.65 02.77 02.82 02.91 02.93 02.96 03.89 03.93 03.96 04.00 03.06 03.08 03.10 02.41 02.32 02.31 07.38 07.33
13.62 13.60 13.53 13.48 13.47 13.33 13.28 13.17 12.62 06.38 06.29 06.21 06.11 05.97 05.87 02.93 02.50 01.56 02.40 03.32 03.71 03.73 03.71 03.69 02.75 02.91 200.02 -0001.000 -0001.000 -0001.000 -0001.000 -0001.000 -0001.000 -0001.000 369.06 04.48 04.05 03.52 03.04 00.66 01.16 01.81 01.90 02.76 02.79 02.88 02.91 02.95 03.89 03.91 03.93 03.93 03.06 03.08 03.10 02.58 02.25 02.27 07.45 07.42
-0001.000 -0001.000 13.57 13.50 13.46 13.34 13.29 13.20 12.67 06.37 06.28 06.21 06.10 05.94 05.88 02.83 02.38 00.83 02.08 03.36 04.12 03.86 03.86 03.87 03.60 03.31 -0001.000 -0001.000 -0001.000 -0001.000 -0001.000 -0001.000 -0001.000 -0001.000 -0001.000 -0001.000 296.60 03.35 02.51 00.76 01.08 01.81 01.90 02.82 02.84 02.89 02.90 02.95 03.82 03.85 03.88 03.93 03.11 03.09 03.12 02.51 02.21 02.25 07.51 07.48
-0001.000 -0001.000 -0001.000 12.60 13.44 13.35 13.28 13.20 13.11 06.33 06.26 06.18 06.06 05.92 05.86 02.74 02.27 01.03 01.73 02.56 210.82 159.21 110.09 59.42 04.43 -0001.000 -0001.000 -0001.000 -0001.000 -0001.000 -0001.000 -0001.000 -0001.000 -0001.000 -0001.000 -0001.000 -0001.000 01.81 01.66 00.71 01.72 01.88 02.86 02.88 02.92 02.89 02.86 02.95 03.78 03.82 03.86 03.97 03.13 03.11 03.13 02.24 02.21 02.32 07.55 07.50
-0001.000 -0001.000 -0001.000 -0001.000 -0001.000 13.18 13.09 13.00 12.91 06.25 06.16 06.08 05.94 05.79 05.73 03.38 02.27 01.66 01.26 01.58 -0001.000 -0001.000 -0001.000 -0001.000 -0001.000 -0001.000 -0001.000 -0001.000 -0001.000 -0001.000 -0001.000 -0001.000 -0001.000 -0001.000 -0001.000 349.99 01.64 01.47 00.56 01.07 01.92 01.96 02.94 02.94 02.97 02.90 02.93 02.93 03.74 03.77 03.81 03.90 03.16 03.16 03.18 02.20 02.21 03.14 07.61 07.57
-0001.000 -0001.000 -0001.000 -0001.000 -0001.000 -0001.000 12.62 12.77 12.70 08.48 06.04 05.92 05.80 05.64 05.45 05.12 02.25 01.84 01.07 01.19 01.47 354.50 -0001.000 -0001.000 -0001.000 -0001.000 -0001.000 -0001.000 -0001.000 -0001.000 -0001.000 -0001.000 -0001.000 -0001.000 75.49 01.64 01.36 00.65 01.09 02.01 01.96 02.56 03.03 03.01 03.06 02.91 02.92 02.95 03.74 03.78 03.82 04.01 03.15 03.16 03.21 02.16 02.12 05.20 07.65 07.62
-0001.000 -0001.000 -0001.000 -0001.000 -0001.000 -0001.000 -0001.000 -0001.000 12.02 12.30 05.90 05.75 05.60 05.34 05.17 05.01 04.72 02.10 01.79 01.20 01.10 01.46 179.93 -0001.000 -0001.000 -0001.000 -0001.000 -0001.000 -0001.000 -0001.000 -0001.000 -0001.000 -0001.000 01.75 01.58 01.16 00.83 01.19 02.12 02.14 02.10 03.11 03.11 03.06 03.08 02.94 02.95 02.98 03.76 03.82 03.93 04.00 03.18 03.18 03.22 02.10 02.10 07.31 07.63 07.63
-0001.000 -0001.000 -0001.000 -0001.000 -0001.000 -0001.000 -0001.000 -0001.000 -0001.000 -0001.000 09.01 05.43 05.30 05.19 05.08 05.00 04.91 04.85 02.14 01.85 01.33 01.02 01.41 01.68 -0001.000 -0001.000 -0001.000 -0001.000 -0001.000 -0001.000 -0001.000 416.26 01.66 01.48 00.55 00.96 01.80 02.23 02.25 02.22 03.34 03.20 03.13 03.20 03.12 02.99 02.99 03.75 03.78 03.94 03.96 03.23 03.19 03.21 03.26 02.07 02.08 07.67 07.64 07.61
-0001.000 -0001.000 -0001.000 -0001.000 -0001.000 -0001.000 -0001.000 -0001.000 -0001.000 -0001.000 -0001.000 04.65 05.23 05.16 05.12 05.05 05.02 05.09 05.01 02.17 01.84 01.38 00.68 01.35 01.55 -0001.000 -0001.000 -0001.000 191.69 01.57 01.43 01.35 01.21 00.55 01.06 02.17 02.19 02.30 02.32 03.54 03.48 03.33 03.30 03.08 03.08 03.07 03.04 03.79 03.83 03.99 03.87 03.23 03.23 03.24 02.21 02.06 02.67 07.68 07.66 07.63
-0001.000 -0001.000 -0001.000 -0001.000 -0001.000 -0001.000 -0001.000 -0001.000 -0001.000 -0001.000 -0001.000 -0001.000 -0001.000 -0001.000 05.24 05.30 05.19 05.06 04.90 04.81 02.25 01.82 01.49 00.22 01.31 01.49 01.43 01.39 01.29 01.15 00.24 00.73 01.01 01.18 02.19 02.24 02.28 03.30 03.69 03.60 03.58 03.45 03.42 03.07 03.13 03.12 03.83 03.83 03.94 03.93 03.89 03.26 03.27 03.28 02.01 02.06 05.15 07.67 07.65 07.63
-0001.000 -0001.000 -0001.000 -0001.000 -0001.000 -0001.000 -0001.000 -0001.000 -0001.000 -0001.000 -0001.000 -0001.000 -0001.000 -0001.000 -0001.000 05.21 05.10 04.99 04.88 04.71 04.61 03.39 01.93 01.54 00.73 01.03 00.87 00.51 00.85 01.07 01.24 01.74 02.52 02.36 02.27 02.30 03.71 03.75 03.75 03.72 03.68 03.67 03.42 03.15 03.18 03.23 03.96 03.95 03.89 03.94 03.31 03.28 03.30 03.31 02.01 02.03 07.83 07.75 07.75 07.67
-0001.000 -0001.000 -0001.000 -0001.000 -0001.000 -0001.000 -0001.000 -0001.000 -0001.000 -0001.000 -0001.000 -0001.000 -0001.000 -0001.000 -0001.000 -0001.000 05.05 04.89 04.76 04.92 04.81 04.68 04.17 01.92 01.54 01.23 01.14 01.24 02.08 02.69 02.66 02.70 02.63 02.43 02.34 03.66 03.77 03.77 03.87 03.80 03.81 03.60 03.68 03.36 03.09 03.86 04.04 03.92 03.93 04.04 03.42 03.27 03.28 01.95 01.98 02.87 07.76 07.77 07.76 07.70
-0001.000 -0001.000 -0001.000 -0001.000 -0001.000 -0001.000 -0001.000 -0001.000 -0001.000 -0001.000 -0001.000 -0001.000 -0001.000 -0001.000 -0001.000 -0001.000 -0001.000 -0001.000 -0001.000 -0001.000 04.77 04.59 04.40 03.93 03.38 02.91 02.68 02.66 02.76 02.72 02.74 02.72 02.63 03.20 03.77 03.66 03.83 03.84 03.98 03.84 03.60 03.70 03.78 03.48 03.13 03.85 03.96 04.06 04.05 03.39 03.40 03.38 03.36 01.96 01.98 06.68 07.73 07.74 07.74 07.62
-0001.000 -0001.000 -0001.000 -0001.000 -0001.000 -0001.000 -0001.000 -0001.000 -0001.000 -0001.000 -0001.000 -0001.000 -0001.000 -0001.000 -0001.000 -0001.000 -0001.000 -0001.000 -0001.000 -0001.000 -0001.000 -0001.000 -0001.000 -0001.000 -0001.000 03.09 02.68 02.77 02.81 02.76 02.79 04.55 04.37 04.00 03.80 03.69 03.98 03.92 03.98 03.63 03.61 03.70 03.75 03.55 04.02 04.01 04.03 03.97 04.08 03.45 03.46 03.41 02.84 01.95 01.98 07.67 07.72 07.72 07.71 07.65
-0001.000 -0001.000 -0001.000 -0001.000 -0001.000 -0001.000 -0001.000 -0001.000 -0001.000 -0001.000 -0001.000 -0001.000 -0001.000 -0001.000 -0001.000 -0001.000 -0001.000 -0001.000 -0001.000 -0001.000 -0001.000 -0001.000 -0001.000 -0001.000 -0001.000 -0001.000 -0001.000 03.53 04.80 04.69 04.74 04.53 04.35 04.07 03.83 03.77 04.06 03.62 03.72 03.65 03.62 03.70 03.64 04.37 04.18 04.12 04.06 04.01 03.42 03.51 03.53 03.48 01.93 01.98 05.45 07.67 07.68 07.70 07.62 07.62
-0001.000 -0001.000 -0001.000 -0001.000 -0001.000 -0001.000 -0001.000 -0001.000 -0001.000 -0001.000 -0001.000 -0001.000 -0001.000 -0001.000 -0001.000 -0001.000 -0001.000 -0001.000 -0001.000 -0001.000 -0001.000 -0001.000 -0001.000 -0001.000 -0001.000 -0001.000 -0001.000 -0001.000 -0001.000 -0001.000 -0001.000 -0001.000 03.75 04.11 03.94 03.83 03.67 03.56 03.70 03.69 03.59 03.65 04.44 04.49 04.26 04.04 03.99 04.03 03.51 02.07 02.16 00.97 01.27 01.80 07.67 07.75 07.65 07.65 07.62 07.59
-0001.000 -0001.000 -0001.000 -0001.000 -0001.000 -0001.000 -0001.000 -0001.000 -0001.000 -0001.000 -0001.000 -0001.000 -0001.000 -0001.000 -0001.000 -0001.000 -0001.000 -0001.000 -0001.000 -0001.000 -0001.000 -0001.000 -0001.000 -0001.000 -0001.000 -0001.000 -0001.000 -0001.000 -0001.000 -0001.000 -0001.000 -0001.000 -0001.000 -0001.000 -0001.000 04.44 03.74 03.67 03.83 03.71 03.51 04.44 04.40 04.41 04.15 03.97 04.05 03.58 03.57 01.56 01.01 00.96 01.91 03.88 05.08 07.35 07.65 07.69 07.63 07.59
-0001.000 -0001.000 -0001.000 -0001.000 -0001.000 -0001.000 -0001.000 -0001.000 -0001.000 -0001.000 -0001.000 -0001.000 -0001.000 -0001.000 -0001.000 -0001.000 -0001.000 -0001.000 -0001.000 -0001.000 -0001.000 -0001.000 -0001.000 -0001.000 -0001.000 -0001.000 -0001.000 -0001.000 -0001.000 -0001.000 -0001.000 -0001.000 -0001.000 -0001.000 -0001.000 -0001.000 -0001.000 -0001.000 -0001.000 02.54 04.46 04.29 04.33 04.35 04.18 04.03 03.72 01.69 01.82 01.64 01.07 01.04 03.83 03.53 03.39 05.87 07.00 07.38 07.49 07.54
-0001.000 -0001.000 -0001.000 -0001.000 -0001.000 -0001.000 -0001.000 -0001.000 -0001.000 -0001.000 -0001.000 -0001.000 -0001.000 -0001.000 -0001.000 -0001.000 -0001.000 -0001.000 -0001.000 -0001.000 -0001.000 -0001.000 -0001.000 -0001.000 -0001.000 -0001.000 -0001.000 -0001.000 -0001.000 -0001.000 -0001.000 -0001.000 -0001.000 -0001.000 -0001.000 -0001.000 -0001.000 -0001.000 -0001.000 -0001.000 -0001.000 -0001.000 05.02 04.60 04.49 03.86 03.86 -0001.000 02.27 00.94 00.95 03.71 03.76 03.91 03.92 04.55 03.22 03.15 05.46 07.08
-0001.000 -0001.000 -0001.000 -0001.000 -0001.000 -0001.000 -0001.000 -0001.000 -0001.000 -0001.000 -0001.000 -0001.000 -0001.000 -0001.000 -0001.000 -0001.000 -0001.000 -0001.000 -0001.000 -0001.000 -0001.000 -0001.000 -0001.000 -0001.000 -0001.000 -0001.000 -0001.000 -0001.000 -0001.000 -0001.000 -0001.000 -0001.000 -0001.000 -0001.000 -0001.000 -0001.000 -0001.000 -0001.000 -0001.000 -0001.000 -0001.000 -0001.000 -0001.000 -0001.000 -0001.000 -0001.000 -0001.000 -0001.000 -0001.000 -0001.000 -0001.000 02.81 03.52 03.68 03.67 04.58 03.19 02.58 02.61 03.10
-0001.000 -0001.000 -0001.000 -0001.000 -0001.000 -0001.000 -0001.000 -0001.000 -0001.000 -0001.000 -0001.000 -0001.000 -0001.000 -0001.000 -0001.000 -0001.000 -0001.000 -0001.000 -0001.000 -0001.000 -0001.000 -0001.000 -0001.000 -0001.000 -0001.000 -0001.000 -0001.000 -0001.000 -0001.000 -0001.000 -0001.000 -0001.000 -0001.000 -0001.000 -0001.000 -0001.000 -0001.000 -0001.000 -0001.000 -0001.000 -0001.000 -0001.000 -0001.000 -0001.000 -0001.000 -0001.000 -0001.000 -0001.000 -0001.000 -0001.000 -0001.000 -0001.000 -0001.000 -0001.000 02.31 03.24 05.49 05.18 05.02 02.22
-0001.000 -0001.000 -0001.000 -0001.000 -0001.000 -0001.000 -0001.000 -0001.000 -0001.000 -0001.000 -0001.000 -0001.000 -0001.000 -0001.000 -0001.000 -0001.000 -0001.000 -0001.000 -0001.000 -0001.000 -0001.000 -0001.000 -0001.000 -0001.000 -0001.000 -0001.000 -0001.000 -0001.000 -0001.000 -0001.000 -0001.000 -0001.000 -0001.000 -0001.000 -0001.000 -0001.000 -0001.000 -0001.000 -0001.000 -0001.000 -0001.000 -0001.000 -0001.000 -0001.000 -0001.000 -0001.000 -0001.000 -0001.000 -0001.000 -0001.000 -0001.000 -0001.000 -0001.000 -0001.000 -0001.000 -0001.000 02.00 03.34 04.12 04.13
