ashley_2/OUTPUT_2/raster.toa
north:    392658.625000
south:    384678.625000
east:     169279.328125
west:     157819.328125
rows:     266
cols:     382
[rows 182 to 207 of 266, columns 180 to 239 of 382]
00020.484 00020.073 00019.820 00019.606 00019.412 00019.227 00019.064 00018.860 00018.639 00018.442 00018.272 00018.128 00018.004 00017.908 00017.836 00017.777 00017.730 00017.694 00017.668 00017.649 00017.636 00017.629 00017.627 00017.629 00017.634 00017.644 00017.655 00017.673 00017.692 00017.712 00017.735 00017.758 00017.784 00017.809 00017.836 00017.865 00017.891 00017.923 00017.956 00017.965 00017.959 00017.958 00017.959 00017.962 00017.968 00017.975 00017.982 00017.992 00018.009 00018.028 00018.062 00018.105 00018.143 00018.183 00018.216 00018.252 00018.291 00018.336 00018.382 00018.440
00020.549 00020.138 00019.851 00019.628 00019.412 00019.213 00019.028 00018.788 00018.548 00018.334 00018.155 00018.010 00017.899 00017.806 00017.737 00017.682 00017.640 00017.608 00017.585 00017.571 00017.562 00017.559 00017.560 00017.565 00017.575 00017.586 00017.604 00017.623 00017.643 00017.666 00017.690 00017.718 00017.745 00017.772 00017.798 00017.826 00017.859 00017.892 00017.898 00017.891 00017.888 00017.890 00017.894 00017.900 00017.910 00017.922 00017.934 00017.946 00017.957 00017.974 00018.000 00018.047 00018.098 00018.132 00018.169 00018.212 00018.259 00018.322 00018.383 00018.425
00020.642 00020.237 00019.907 00019.673 00019.444 00019.226 00019.014 00018.739 00018.474 00018.242 00018.046 00017.905 00017.796 00017.703 00017.640 00017.588 00017.550 00017.523 00017.507 00017.495 00017.492 00017.492 00017.497 00017.505 00017.517 00017.535 00017.554 00017.575 00017.598 00017.623 00017.650 00017.678 00017.707 00017.732 00017.762 00017.794 00017.827 00017.833 00017.824 00017.819 00017.821 00017.824 00017.831 00017.841 00017.855 00017.870 00017.886 00017.900 00017.912 00017.931 00017.961 00018.002 00018.047 00018.089 00018.139 00018.204 00018.269 00018.332 00018.340 00018.378
00020.772 00020.370 00019.989 00019.752 00019.519 00019.287 00019.057 00018.752 00018.432 00018.167 00017.948 00017.802 00017.692 00017.602 00017.543 00017.497 00017.464 00017.442 00017.430 00017.425 00017.423 00017.428 00017.437 00017.447 00017.466 00017.485 00017.507 00017.530 00017.556 00017.583 00017.612 00017.642 00017.671 00017.699 00017.730 00017.763 00017.767 00017.757 00017.751 00017.752 00017.755 00017.761 00017.771 00017.785 00017.801 00017.818 00017.835 00017.853 00017.874 00017.900 00017.931 00017.969 00018.008 00018.056 00018.164 00018.301 00018.247 00018.256 00018.295 00018.341
00020.938 00020.535 00020.168 00019.880 00019.651 00019.438 00019.224 -0001.000 -0001.000 00018.179 00017.863 00017.701 00017.589 00017.503 00017.448 00017.408 00017.380 00017.365 00017.358 00017.356 00017.359 00017.367 00017.379 00017.397 00017.416 00017.438 00017.461 00017.489 00017.516 00017.546 00017.576 00017.608 00017.639 00017.667 00017.700 00017.702 00017.690 00017.684 00017.683 00017.686 00017.691 00017.701 00017.715 00017.731 00017.748 00017.766 00017.788 00017.811 00017.840 00017.869 00017.904 00017.943 00017.983 00018.015 00018.107 00018.163 00018.173 00018.215 00018.266 00018.334
-0001.000 -0001.000 -0001.000 00020.046 00019.840 00019.661 00019.579 -0001.000 -0001.000 -0001.000 -0001.000 00017.598 00017.487 00017.405 00017.355 00017.322 00017.301 00017.290 00017.288 00017.291 00017.299 00017.310 00017.329 00017.348 00017.370 00017.394 00017.422 00017.450 00017.480 00017.511 00017.543 00017.576 00017.608 00017.641 00017.638 00017.624 00017.617 00017.615 00017.617 00017.622 00017.631 00017.645 00017.661 00017.678 00017.697 00017.720 00017.745 00017.775 00017.808 00017.843 00017.881 00017.922 00017.943 00017.937 00017.983 00018.089 00018.158 00018.229 00018.299 00018.368
-0001.000 -0001.000 -0001.000 00020.323 00020.079 00019.902 00019.845 00019.886 -0001.000 -0001.000 -0001.000 00017.496 00017.384 00017.309 00017.265 00017.237 00017.224 00017.221 00017.223 00017.230 00017.241 00017.260 00017.280 00017.303 00017.327 00017.355 00017.384 00017.414 00017.446 00017.479 00017.512 00017.547 00017.584 00017.573 00017.559 00017.550 00017.546 00017.548 00017.552 00017.562 00017.576 00017.591 00017.608 00017.628 00017.651 00017.678 00017.709 00017.744 00017.781 00017.821 00017.863 00017.876 00017.868 00017.868 00017.944 00018.177 00018.318 00018.326 00018.380 00018.439
-0001.000 -0001.000 -0001.000 -0001.000 -0001.000 -0001.000 -0001.000 00020.146 -0001.000 -0001.000 -0001.000 00017.394 00017.282 00017.214 00017.178 00017.160 00017.154 00017.154 00017.161 00017.173 00017.191 00017.212 00017.234 00017.261 00017.289 00017.318 00017.349 00017.382 00017.415 00017.449 00017.483 00017.521 00017.508 00017.493 00017.483 00017.478 00017.480 00017.484 00017.492 00017.506 00017.521 00017.539 00017.559 00017.581 00017.612 00017.645 00017.682 00017.720 00017.764 00017.816 00017.810 00017.801 00017.796 00017.841 00018.072 00018.332 00018.425 00018.435 00018.479 00018.399
-0001.000 -0001.000 -0001.000 -0001.000 -0001.000 -0001.000 -0001.000 -0001.000 -0001.000 -0001.000 00017.439 00017.293 00017.178 00017.123 00017.096 00017.087 00017.086 00017.093 00017.104 00017.123 00017.144 00017.167 00017.195 00017.223 00017.252 00017.284 00017.317 00017.351 00017.386 00017.422 00017.460 00017.445 00017.426 00017.416 00017.410 00017.411 00017.415 00017.423 00017.436 00017.452 00017.470 00017.490 00017.515 00017.546 00017.582 00017.619 00017.667 00017.719 00017.770 00017.747 00017.734 00017.728 00017.738 00017.826 00017.997 00018.204 00018.351 00018.409 00018.351 00018.283
-0001.000 -0001.000 -0001.000 -0001.000 -0001.000 -0001.000 -0001.000 -0001.000 -0001.000 00017.551 00017.355 00017.197 00017.071 00017.036 00017.020 00017.018 00017.024 00017.036 00017.055 00017.076 00017.100 00017.128 00017.157 00017.187 00017.220 00017.253 00017.288 00017.323 00017.360 00017.398 00017.384 00017.363 00017.350 00017.343 00017.344 00017.346 00017.354 00017.368 00017.383 00017.401 00017.422 00017.449 00017.482 00017.518 00017.572 00017.626 00017.681 00017.717 00017.685 00017.668 00017.661 00017.668 00017.686 00017.762 00018.006 00018.243 00018.311 00018.327 00018.232 00018.168
-0001.000 -0001.000 00015.709 -0001.000 -0001.000 -0001.000 -0001.000 -0001.000 -0001.000 00017.502 00017.283 00017.100 00016.907 00016.804 00016.769 00016.791 00016.850 00016.940 00017.008 00017.034 00017.062 00017.091 00017.123 00017.156 00017.190 00017.224 00017.261 00017.299 00017.339 00017.329 00017.302 00017.285 00017.276 00017.276 00017.279 00017.286 00017.299 00017.315 00017.332 00017.353 00017.382 00017.422 00017.481 00017.537 00017.594 00017.651 00017.674 00017.625 00017.603 00017.594 00017.599 00017.615 00017.674 00017.794 00017.890 00018.123 00018.365 00018.204 00018.114 00018.059
00015.476 00015.490 00015.506 00015.530 -0001.000 -0001.000 -0001.000 -0001.000 -0001.000 -0001.000 00017.280 00017.014 00016.619 00016.465 00016.471 00016.533 00016.629 00016.738 00016.859 00016.985 00017.027 00017.059 00017.092 00017.126 00017.162 00017.200 00017.240 00017.280 00017.277 00017.241 00017.220 00017.211 00017.208 00017.210 00017.218 00017.231 00017.246 00017.263 00017.286 00017.324 00017.400 00017.460 00017.519 00017.577 00017.636 00017.647 00017.577 00017.542 00017.528 00017.530 00017.546 00017.567 00017.593 00017.663 00017.896 00018.103 00018.331 00018.082 00017.999 00017.965
00015.273 00015.288 00015.304 00015.325 00015.353 -0001.000 -0001.000 -0001.000 -0001.000 -0001.000 -0001.000 00016.884 00016.399 00016.145 00016.220 00016.329 00016.452 00016.578 00016.712 00016.846 00016.980 00017.029 00017.064 00017.101 00017.140 00017.181 00017.225 00017.232 00017.186 00017.159 00017.145 00017.140 00017.142 00017.149 00017.162 00017.178 00017.195 00017.217 00017.251 00017.401 00017.728 00017.759 00017.785 00017.744 00017.743 00017.542 00017.481 00017.462 00017.460 00017.478 00017.499 00017.525 00017.555 00017.641 00017.878 00018.123 00018.281 00017.961 00017.903 00017.884
00015.068 00015.085 00015.100 00015.119 00015.146 00015.179 00015.219 -0001.000 -0001.000 -0001.000 -0001.000 -0001.000 -0001.000 00015.900 00016.054 00016.186 00016.319 00016.454 00016.590 00016.728 00016.868 00017.002 00017.040 00017.081 00017.126 00017.173 00017.204 00017.137 00017.098 00017.080 00017.072 00017.074 00017.080 00017.094 00017.109 00017.128 00017.147 00017.233 00017.548 00017.645 00017.904 00018.201 00018.378 00018.122 00017.853 00017.440 00017.399 00017.391 00017.409 00017.432 00017.458 00017.488 00017.595 00017.752 00017.903 00018.056 00018.028 00017.859 00017.820 00017.807
00014.892 00014.904 00014.917 00014.930 00014.949 00014.975 00015.008 00015.055 00015.112 -0001.000 -0001.000 -0001.000 00015.555 00015.688 00015.891 00016.070 00016.211 00016.359 00016.514 00016.648 00016.787 00016.937 00017.027 00017.076 00017.128 00017.181 00017.100 00017.044 00017.016 00017.006 00017.006 00017.011 00017.025 00017.041 00017.061 00017.082 00017.101 00017.128 00017.453 00017.770 00018.066 00018.237 00018.207 00017.899 00017.513 00017.338 00017.321 00017.341 00017.365 00017.392 00017.422 00017.452 00017.503 00017.580 00017.801 00018.017 00017.829 00017.759 00017.739 00017.738
00014.727 00014.739 00014.753 00014.765 00014.779 00014.801 00014.829 00014.865 00014.910 00014.967 -0001.000 -0001.000 00015.310 00015.481 00015.690 00016.024 00016.155 00016.449 00016.716 00016.874 00017.019 00017.127 00017.087 00017.130 00017.182 00017.133 00016.989 00016.822 00016.732 00016.710 00016.728 00016.794 00016.869 00016.969 00017.016 00017.038 00017.059 00017.180 00017.422 00017.687 00017.878 00017.843 00017.848 00017.614 00017.285 00017.251 00017.273 00017.298 00017.327 00017.356 00017.390 00017.419 00017.451 00017.559 00017.761 00017.976 00017.724 00017.675 00017.668 00017.675
00014.562 00014.575 00014.587 00014.601 00014.613 00014.629 00014.653 00014.685 00014.725 00014.778 00014.852 00014.956 00015.093 00015.273 00015.552 00016.049 00016.476 00016.740 00017.023 00017.243 00017.410 00017.526 00017.417 00017.263 00017.227 00017.044 00016.717 00016.467 00016.400 00016.407 00016.473 00016.556 00016.658 00016.763 00016.874 00016.976 00017.017 00017.097 00017.394 00017.499 00017.526 00017.484 00017.517 00017.334 00017.189 00017.205 00017.232 00017.261 00017.290 00017.322 00017.354 00017.386 00017.419 00017.494 00017.705 00017.724 00017.616 00017.600 00017.606 00017.631
00014.398 00014.409 00014.422 00014.435 00014.448 00014.461 00014.480 00014.507 00014.541 00014.589 00014.652 00014.757 00014.887 00015.060 00015.429 00016.013 00016.414 00016.818 00017.121 00017.343 00017.564 00017.788 00017.814 00017.411 00017.178 00016.916 00016.489 00016.088 00016.092 00016.153 00016.248 00016.352 00016.462 00016.573 00016.688 00016.778 00016.961 00017.060 00017.122 00017.187 00017.148 00017.151 00017.162 00017.116 00017.137 00017.166 00017.195 00017.229 00017.257 00017.289 00017.321 00017.354 00017.386 00017.452 00017.638 00017.549 00017.532 00017.537 00017.564 00017.594
00014.239 00014.243 00014.255 00014.270 00014.282 00014.294 00014.308 00014.330 00014.359 00014.401 00014.455 00014.554 00014.686 00014.893 00015.392 00016.112 00016.508 00016.850 00017.142 00017.369 00017.624 00017.792 00017.852 00017.544 00017.191 00016.845 00016.362 00015.953 00015.860 00015.941 00016.053 00016.163 00016.276 00016.376 00016.474 00016.566 00016.639 00016.720 00016.828 00017.045 00017.001 00017.017 00017.043 00017.071 00017.100 00017.130 00017.161 00017.192 00017.224 00017.256 00017.291 00017.318 00017.346 00017.406 00017.515 00017.465 00017.468 00017.497 00017.528 00017.556
00014.082 00014.082 00014.089 00014.103 00014.117 00014.128 00014.140 00014.156 00014.181 00014.215 00014.264 00014.350 00014.481 00014.770 00015.402 00016.123 00016.497 00016.886 00017.160 00017.360 00017.493 00017.632 00017.519 00017.404 00017.279 00017.061 00016.516 00015.838 00015.639 00015.726 00015.847 00015.971 00016.067 00016.166 00016.268 00016.364 00016.439 00016.512 00016.597 00016.662 00016.777 00016.896 00017.005 00017.034 00017.068 00017.096 00017.128 00017.159 00017.192 00017.225 00017.252 00017.280 00017.308 00017.354 00017.401 00017.400 00017.431 00017.461 00017.489 00017.519
00013.965 00013.963 00013.963 00013.968 00013.975 00013.981 00013.986 00013.993 00014.005 00014.032 00014.073 00014.146 00014.275 00014.728 00015.524 00016.148 00016.491 00016.844 00017.063 00017.197 00017.338 00017.387 00017.197 00017.099 00016.935 00016.674 00016.117 00015.649 00015.426 00015.511 00015.632 00015.758 00015.856 00015.963 00016.071 00016.165 00016.225 00016.275 00016.367 00016.487 00016.612 00016.738 00016.880 00017.002 00017.032 00017.063 00017.095 00017.129 00017.158 00017.185 00017.213 00017.241 00017.272 00017.303 00017.334 00017.366 00017.394 00017.423 00017.452 00017.484
00013.891 00013.887 00013.884 00013.885 00013.891 00013.898 00013.902 00013.908 00013.914 00013.925 00013.941 00013.964 00014.067 00014.538 00015.343 00015.709 00016.110 00016.415 00016.754 00017.043 00017.159 00017.058 00016.708 00016.496 00016.178 00016.070 00015.707 00015.412 00015.200 00015.294 00015.417 00015.543 00015.644 00015.750 00015.869 00015.947 00015.995 00016.087 00016.219 00016.358 00016.476 00016.599 00016.729 00016.862 00016.995 00017.031 00017.064 00017.091 00017.118 00017.146 00017.175 00017.206 00017.237 00017.269 00017.299 00017.328 00017.356 00017.386 00017.419 00017.453
00013.817 00013.813 00013.809 00013.806 00013.807 00013.813 00013.820 00013.824 00013.829 00013.836 00013.847 00013.865 00013.914 00014.351 00014.810 00015.240 00015.613 00016.030 00016.342 00016.647 00016.886 00016.413 00015.984 00015.842 00015.657 00015.560 00015.374 00015.054 00014.982 00015.077 00015.200 00015.327 00015.429 00015.536 00015.655 00015.746 00015.818 00015.949 00016.076 00016.206 00016.335 00016.466 00016.600 00016.735 00016.871 00016.990 00017.025 00017.053 00017.080 00017.110 00017.141 00017.172 00017.204 00017.233 00017.262 00017.291 00017.322 00017.355 00017.389 00017.424
00013.744 00013.739 00013.734 00013.730 00013.728 00013.729 00013.735 00013.741 00013.745 00013.751 00013.757 00013.770 00013.788 00013.970 00014.291 00014.843 00015.130 00015.549 00015.885 00016.238 00016.153 00015.855 00015.588 00015.380 00015.296 00015.067 00015.049 00014.798 00014.782 00014.875 00014.985 00015.109 00015.212 00015.320 00015.439 00015.540 00015.621 00015.748 00015.915 00016.082 00016.217 00016.348 00016.464 00016.582 00016.701 00016.821 00016.943 00017.015 00017.045 00017.076 00017.107 00017.138 00017.167 00017.196 00017.226 00017.258 00017.291 00017.325 00017.359 00017.391
00013.671 00013.665 00013.660 00013.655 00013.652 00013.650 00013.651 00013.656 00013.661 00013.666 00013.671 00013.678 00013.692 00013.728 00013.850 00014.278 00014.638 00015.042 00015.397 00015.911 00015.677 00015.459 00015.199 00014.960 00014.825 00014.757 00014.545 00014.585 00014.583 00014.677 00014.784 00014.900 00014.995 00015.103 00015.223 00015.327 00015.412 00015.542 00015.721 00015.929 00016.065 00016.183 00016.302 00016.422 00016.541 00016.663 00016.789 00016.917 00017.011 00017.042 00017.072 00017.101 00017.130 00017.161 00017.194 00017.228 00017.262 00017.294 00017.326 00017.361
00013.602 00013.592 00013.586 00013.581 00013.576 00013.573 00013.571 00013.573 00013.578 00013.582 00013.586 00013.592 00013.600 00013.614 00013.647 00013.800 00014.158 00014.512 00014.914 00015.562 00015.267 00015.042 00014.863 00014.672 00014.471 00014.321 00014.293 00014.287 00014.382 00014.479 00014.583 00014.700 00014.795 00014.895 00015.007 00015.115 00015.203 00015.340 00015.522 00015.726 00015.882 00016.032 00016.151 00016.275 00016.399 00016.525 00016.652 00016.781 00016.903 00017.006 00017.035 00017.065 00017.098 00017.131 00017.166 00017.198 00017.229 00017.262 00017.296 00017.330
