ashley_2/OUTPUT_2/raster.ros
north:    392658.625000
south:    384678.625000
east:     169279.328125
west:     157819.328125
rows:     266
cols:     382
[rows 208 to 233 of 266, columns 180 to 239 of 382]
15.02 14.77 14.29 13.56 13.43 13.22 12.99 12.67 12.17 11.89 11.90 11.75 11.55 10.93 09.67 07.74 01.38 01.38 00.90 01.42 02.06 01.90 01.81 01.71 02.18 04.71 07.95 04.35 04.46 04.41 04.36 04.39 04.51 04.39 04.50 04.90 04.94 03.97 03.48 03.68 03.82 03.71 03.95 05.38 05.28 05.05 05.09 05.17 05.27 05.35 06.46 22.41 22.63 22.20 22.14 22.14 22.24 22.06 22.00 22.06
15.66 15.07 14.83 14.38 13.52 13.40 13.17 12.81 12.66 12.26 11.90 11.85 11.70 11.50 10.79 08.69 05.64 03.65 00.87 01.60 01.77 01.93 02.08 02.25 02.62 02.37 08.84 07.62 07.85 04.49 04.47 04.31 04.43 04.43 04.42 04.62 04.78 04.47 03.49 03.67 03.77 03.67 03.64 03.83 05.19 05.24 05.39 05.52 05.63 05.69 05.67 09.55 22.15 22.25 22.31 22.32 22.20 22.27 22.08 22.06
15.92 15.78 15.23 14.89 14.41 13.75 13.38 13.24 12.91 12.66 12.17 11.87 11.81 11.65 11.39 10.28 06.32 01.36 01.15 01.97 01.97 01.82 02.57 03.26 03.20 08.32 07.69 07.68 07.73 07.71 07.75 04.32 04.45 04.30 04.28 04.33 04.56 04.39 04.00 03.72 03.74 03.62 03.63 03.80 03.51 05.66 05.68 05.47 05.29 05.29 05.31 05.31 08.77 22.35 22.45 22.45 22.41 22.30 22.34 22.24
16.22 15.92 15.84 15.36 14.96 14.61 13.81 13.30 13.10 12.75 12.60 12.12 11.82 11.77 11.61 11.34 09.61 05.84 01.42 00.96 02.71 03.08 03.02 02.61 02.46 07.48 07.75 07.44 07.73 07.63 07.66 07.41 07.80 04.30 04.24 04.28 04.31 04.31 04.09 04.01 03.92 03.56 03.65 03.73 03.41 03.61 05.38 05.39 05.35 05.46 05.47 05.52 05.56 10.64 22.52 22.48 22.50 22.54 22.50 22.34
17.27 16.64 15.98 15.82 15.62 15.04 14.72 13.86 13.30 13.04 12.76 12.59 12.07 11.80 11.73 11.54 11.29 07.30 01.40 01.41 03.02 02.61 02.80 03.08 08.56 07.90 07.73 07.39 07.70 07.74 07.60 07.50 07.72 07.75 06.53 04.20 04.23 04.08 04.08 03.99 03.98 03.83 03.69 03.65 03.39 03.55 03.48 05.68 05.73 05.68 05.72 05.72 05.73 05.71 15.20 22.59 22.64 22.60 22.40 22.23
17.61 17.33 16.94 16.18 15.83 15.62 15.27 14.76 14.13 13.43 13.17 12.82 12.55 12.10 11.80 11.70 11.50 11.15 09.12 01.35 02.58 02.86 02.58 02.32 09.39 08.10 07.71 07.51 07.67 07.68 07.56 07.58 07.60 07.76 07.30 07.26 04.17 04.05 03.99 03.94 04.00 03.82 03.96 03.58 03.45 03.51 03.42 03.35 05.72 05.71 05.82 05.87 06.00 06.05 06.07 22.56 22.61 22.49 21.96 21.02
17.89 17.71 17.45 17.07 16.58 15.97 15.71 15.42 14.88 14.30 12.83 11.39 10.26 09.67 09.51 09.96 10.50 11.21 11.15 07.40 02.27 02.72 02.42 08.44 08.28 08.07 07.72 07.69 07.45 07.66 07.61 07.53 07.32 07.63 07.39 07.32 06.93 06.51 04.05 03.91 03.89 03.79 03.95 03.82 03.48 03.48 03.38 03.36 03.87 06.51 07.25 06.98 06.76 06.68 06.48 12.27 22.19 20.38 19.10 18.39
18.13 17.94 17.79 17.59 17.30 16.83 11.81 08.80 08.66 08.42 08.15 07.76 07.48 07.33 07.24 06.99 06.86 06.78 06.69 06.65 01.73 02.00 06.11 08.70 08.32 08.16 07.83 07.54 07.50 07.70 07.65 07.47 07.32 07.64 07.47 07.25 06.95 06.48 06.81 03.87 03.86 03.77 03.96 03.72 03.77 03.40 03.33 03.31 01.42 03.23 07.21 07.62 07.42 07.34 06.93 07.30 16.12 19.41 22.48 22.43
18.49 18.27 18.03 15.67 09.83 09.70 09.51 09.19 08.76 08.68 08.48 08.17 07.73 07.42 07.22 07.09 06.93 06.81 06.67 06.59 06.54 06.21 05.73 05.54 05.21 06.16 07.97 07.55 07.51 07.72 07.64 07.48 07.32 07.64 07.50 07.20 07.13 06.74 06.82 06.31 03.83 03.75 03.86 03.69 03.81 03.66 03.32 03.25 01.53 01.88 02.49 02.69 02.74 02.73 02.60 10.46 22.15 22.49 22.32 21.64
19.02 15.43 10.19 10.07 09.93 09.84 09.73 09.58 09.31 08.86 08.58 08.47 08.18 07.75 07.40 07.17 07.04 06.85 06.77 06.58 06.49 06.42 05.98 05.62 05.32 05.16 05.08 04.88 07.36 07.54 07.64 07.54 07.35 07.35 07.50 07.27 07.12 06.79 06.66 06.34 06.34 04.69 03.80 03.74 03.75 03.63 03.62 03.20 01.67 02.33 01.99 02.81 02.81 02.85 02.88 03.06 16.49 22.28 20.73 19.31
10.69 10.53 10.41 10.28 10.12 09.97 09.84 09.75 09.63 09.47 09.08 08.61 08.43 08.19 07.74 07.43 07.18 07.03 06.78 06.72 06.46 06.37 06.20 05.85 05.48 05.16 05.08 04.90 04.72 04.76 07.72 07.57 07.39 07.19 07.57 07.35 07.24 06.71 06.56 06.43 06.22 06.19 05.28 03.71 03.72 03.62 03.52 03.43 03.16 03.21 03.13 02.69 03.11 03.13 03.13 03.12 09.20 17.48 18.73 19.65
10.99 10.79 10.58 10.45 10.32 10.19 10.02 09.87 09.75 09.65 09.48 09.09 08.72 08.49 08.25 07.78 07.34 07.13 06.95 06.77 06.62 06.39 06.22 06.01 05.65 05.25 05.08 04.96 04.67 04.72 05.00 04.85 07.39 07.19 07.49 07.27 07.04 06.79 06.48 06.42 06.18 06.14 05.97 05.34 03.66 03.60 03.52 03.42 03.21 03.15 03.07 01.40 03.17 03.11 03.01 02.99 03.61 04.12 09.35 21.62
11.36 11.14 10.93 10.73 10.49 10.38 10.24 10.10 09.92 09.76 09.69 09.54 09.22 08.82 08.44 08.15 07.83 07.37 07.12 06.89 06.71 06.51 06.29 06.09 05.86 05.47 05.08 04.99 04.68 04.67 04.73 04.81 04.78 04.70 07.29 07.35 07.04 06.87 06.43 06.37 06.22 06.04 05.85 05.74 05.05 03.64 03.47 03.44 03.45 03.07 03.02 01.38 02.64 04.10 02.28 04.26 04.69 05.17 05.41 09.00
11.69 11.44 11.27 11.14 10.91 10.67 10.40 10.33 10.21 10.03 09.82 09.67 09.54 09.40 09.00 08.51 08.22 07.78 07.16 06.84 06.50 06.38 06.30 06.15 05.98 05.68 05.12 04.97 04.73 04.65 04.70 04.83 04.78 04.70 04.53 04.77 07.05 07.03 06.39 06.30 06.18 06.12 05.86 05.67 05.60 03.57 03.55 03.46 03.42 03.40 02.95 01.67 01.66 05.65 05.52 05.83 05.89 05.90 05.93 05.96
12.17 11.97 11.76 11.56 11.40 11.24 11.03 10.69 10.53 10.33 10.14 09.93 09.72 09.55 08.98 08.27 07.78 07.36 07.07 06.59 06.32 06.07 05.87 05.67 05.41 05.19 04.75 04.99 04.85 04.62 04.66 04.89 04.81 04.66 04.45 04.77 04.63 05.89 06.42 06.19 06.19 06.11 05.83 05.63 05.59 05.17 03.54 03.54 03.43 03.35 02.98 02.93 02.97 02.94 06.28 06.26 06.26 06.29 06.27 06.24
09.08 08.68 11.87 11.96 11.77 11.56 11.33 11.18 10.99 10.58 10.46 10.23 09.39 08.90 08.69 08.58 08.46 07.84 07.42 07.02 06.61 06.28 05.97 05.80 05.51 05.29 04.92 04.58 04.41 04.56 04.57 04.88 04.77 04.62 04.53 04.88 04.70 04.61 04.40 06.03 06.04 06.00 05.77 05.54 05.49 05.13 05.11 03.53 03.37 03.31 03.32 02.92 02.91 02.89 05.68 06.39 06.37 06.36 06.35 06.33
09.27 09.01 08.82 09.78 12.27 11.97 11.67 11.40 11.27 11.09 10.52 09.85 09.60 09.34 09.15 08.88 08.62 08.46 08.09 07.57 07.01 06.63 06.21 05.87 05.62 05.33 05.16 04.58 04.34 04.22 04.15 04.62 04.78 04.62 04.46 04.96 04.70 04.52 04.35 04.09 05.95 06.06 05.75 05.44 05.27 05.12 05.03 04.88 03.32 03.29 03.32 03.13 02.87 02.86 02.80 06.55 06.52 06.50 06.47 06.45
09.60 09.36 09.07 08.86 08.94 12.59 12.07 11.89 11.74 10.84 10.50 10.33 10.14 09.91 09.62 09.32 09.00 08.78 08.54 08.21 07.76 06.94 06.53 06.14 05.77 05.43 05.23 04.94 04.34 04.18 04.10 04.11 04.34 04.52 04.39 04.82 04.61 04.50 04.37 04.08 04.00 06.00 05.84 05.44 05.16 05.18 05.00 05.03 03.28 03.28 03.31 03.31 02.84 02.78 02.74 06.66 06.64 06.62 06.60 06.59
10.14 09.77 09.47 09.10 08.93 08.71 08.26 11.12 11.31 11.13 11.01 10.78 10.60 10.35 10.11 09.88 09.60 09.24 08.92 08.65 08.33 07.76 07.08 06.56 06.11 05.71 05.29 04.97 04.44 04.15 04.05 04.03 04.31 04.22 03.98 04.59 04.65 04.47 04.24 04.06 03.93 04.02 05.05 05.38 05.00 05.10 05.07 04.80 04.80 03.30 03.30 03.30 03.09 02.70 02.72 04.24 06.68 06.61 06.57 06.55
11.19 10.56 10.06 09.52 09.25 08.60 07.94 07.62 07.05 11.43 11.25 11.08 10.94 10.75 10.56 10.39 10.11 09.85 09.58 09.18 08.90 08.62 08.07 07.45 06.25 05.15 04.92 05.12 04.55 04.14 04.00 03.98 04.32 04.18 03.95 04.17 04.25 04.47 04.20 04.03 03.90 03.95 03.87 04.81 04.88 04.96 04.94 04.78 04.77 03.26 03.25 03.32 03.32 02.69 02.70 02.67 06.90 06.85 06.81 06.76
12.36 11.73 11.12 09.86 09.02 08.50 08.24 07.98 07.73 07.31 06.79 10.39 11.32 11.05 10.88 10.73 10.55 10.28 10.05 09.76 09.45 09.14 05.14 04.50 04.05 03.67 03.38 03.17 02.95 02.62 03.95 03.92 04.22 04.13 03.97 04.16 04.26 04.04 03.85 03.98 03.85 03.90 03.80 03.57 04.88 04.90 04.80 04.73 04.72 04.59 03.19 03.23 03.25 02.66 02.65 02.61 06.96 06.89 06.86 06.82
02.14 13.28 12.31 11.70 10.69 10.00 08.67 08.34 08.05 07.72 07.35 07.04 07.35 10.96 11.34 11.12 10.91 10.69 10.49 10.29 08.83 05.04 04.90 04.70 04.40 04.08 03.47 03.20 02.96 02.64 02.50 02.50 03.97 04.09 03.91 04.15 04.24 03.96 03.90 03.64 03.83 03.84 03.79 03.45 03.47 04.78 04.65 04.61 04.63 04.58 03.22 03.17 03.18 03.19 02.58 02.62 04.97 06.93 06.90 06.87
02.00 02.14 13.40 12.99 12.28 10.07 07.12 08.97 08.59 08.28 07.91 07.46 07.08 06.87 06.89 11.49 11.40 11.26 11.10 09.32 05.43 05.29 05.13 04.93 04.74 04.50 03.97 03.36 02.95 02.64 02.41 02.41 02.45 02.63 03.86 04.03 04.09 03.97 03.80 03.59 03.52 03.83 03.64 03.43 03.43 03.43 04.55 04.47 04.47 04.50 04.17 03.18 03.15 03.17 02.55 02.57 02.92 06.94 06.93 06.91
02.23 05.78 10.40 09.29 05.48 02.13 03.42 09.85 09.21 08.82 08.41 08.12 07.66 07.08 06.77 06.59 10.62 11.57 11.34 05.70 05.60 05.49 05.34 05.16 04.94 04.73 02.88 02.41 02.00 01.87 01.83 02.32 02.36 02.54 02.45 02.59 04.26 03.98 03.73 03.54 03.52 03.48 03.47 03.40 03.36 03.30 04.46 04.38 04.34 04.38 04.47 03.14 03.13 03.15 02.53 02.54 02.52 07.03 06.99 06.95
02.17 02.40 06.94 04.43 01.70 02.20 02.22 05.49 09.27 09.26 09.01 08.52 08.05 07.71 07.30 06.59 05.43 04.33 05.63 05.64 05.59 05.53 05.45 05.24 05.03 02.84 02.46 01.99 01.15 01.16 01.27 01.54 01.87 02.41 02.41 02.51 02.54 02.56 03.67 03.44 03.42 03.31 03.19 03.33 03.27 03.23 03.21 04.30 04.28 04.27 04.29 03.12 03.12 03.14 02.81 02.47 02.48 07.10 07.08 07.05
01.89 01.60 01.27 00.97 02.29 02.26 02.23 02.39 09.72 09.41 09.18 09.14 08.80 04.58 04.30 04.01 03.79 03.64 03.25 04.93 05.43 05.41 05.35 05.22 03.08 02.53 01.86 00.06 03.08 03.33 03.13 00.39 01.29 01.65 02.08 02.39 02.44 02.46 02.31 03.37 03.34 03.17 03.11 03.16 03.21 03.17 03.15 04.24 04.22 04.19 04.23 03.18 03.10 03.12 03.14 02.44 02.47 06.04 07.10 07.06
