ashley_2/OUTPUT_2/raster.sdr
north:    392658.625000
south:    384678.625000
east:     169279.328125
west:     157819.328125
rows:     266
cols:     382
[rows 168 to 209 of 266, columns 188 to 281 of 382]
307 311 312 313 317 318 322 325 332 331 331 333 332 340 330 339 342 338 344 346 355 348 357 358 358 358 354 005 000 000 004 010 012 016 024 014 017 022 025 034 035 045 044 049 053 084 068 002 352 353 005 006 357 041 355 093 296 313 326 044 055 042 049 051 067 057 057 060 057 055 060 007 002 023 014 024 047 053 053 015 024 027 030 004 001 007 000 346 043 047 048 043 347 085
307 309 312 313 317 318 321 325 333 331 331 328 330 336 334 341 331 343 345 355 349 349 357 359 359 357 003 006 000 004 008 012 016 024 017 017 024 026 034 035 043 044 054 080 077 109 314 338 350 353 005 005 023 005 076 008 311 313 326 046 063 053 054 050 072 046 063 058 056 055 354 001 004 021 032 026 047 052 057 015 016 026 030 031 044 056 044 037 044 047 043 054 058 057
307 309 312 316 317 318 321 331 333 329 333 333 334 324 334 338 335 345 355 350 349 357 358 359 357 006 006 000 005 011 008 014 021 018 017 024 026 036 037 044 044 055 084 083 108 003 348 358 353 006 004 020 014 023 016 021 335 322 050 056 041 053 053 049 064 070 076 060 055 353 007 003 017 014 026 044 051 060 015 016 026 031 043 045 057 045 037 044 047 045 054 051 056 053
307 309 312 316 317 318 324 331 321 333 335 337 341 324 334 327 338 342 350 349 356 358 358 010 007 006 004 007 011 011 013 020 016 016 024 025 036 037 044 044 052 052 054 066 305 351 000 351 006 004 022 015 018 040 041 063 351 042 052 039 050 053 071 065 069 079 020 061 060 355 000 001 010 031 044 044 053 060 018 017 034 046 033 045 045 000 045 048 049 057 051 057 056 052
307 309 312 316 317 318 324 331 321 332 334 344 054 333 339 330 340 350 345 348 359 358 010 008 007 004 010 011 012 013 018 015 016 026 036 039 040 043 043 050 046 045 036 352 339 353 349 353 003 024 018 019 059 054 054 043 047 050 051 047 053 069 054 067 073 087 068 070 344 343 359 026 034 022 044 054 058 020 018 029 034 034 046 058 081 042 050 050 049 057 059 056 055 058
306 308 312 316 317 320 324 332 322 332 337 344 325 343 323 332 346 345 345 354 357 011 358 007 005 011 013 013 020 019 018 016 028 037 038 039 042 053 052 049 031 351 059 353 354 002 353 009 031 027 032 062 060 061 060 055 049 057 038 041 053 053 067 070 084 063 067 344 346 353 355 009 030 049 060 066 009 019 019 036 046 049 060 048 045 048 052 051 057 055 057 056 057 054
307 308 312 316 317 320 323 340 323 331 336 351 337 343 331 335 336 339 351 352 009 356 008 005 012 014 015 021 017 018 021 025 037 038 037 041 053 050 054 034 352 353 353 355 004 358 010 046 048 044 059 066 064 066 059 058 058 041 047 044 065 064 069 078 062 063 081 349 346 355 023 027 023 046 064 359 016 020 029 039 033 050 048 040 045 054 052 051 059 062 059 061 056 063
307 308 312 316 317 321 323 069 324 331 344 325 334 326 345 348 338 340 350 351 353 007 005 013 014 015 022 020 022 026 026 035 035 033 039 050 050 034 032 359 351 357 356 006 356 030 057 047 051 056 064 059 059 056 056 038 045 045 045 059 065 068 069 035 060 075 351 349 358 357 009 030 046 071 079 356 007 016 039 046 049 059 078 046 052 053 054 058 057 060 059 062 058 060
307 308 312 316 317 321 323 340 333 335 050 324 021 328 346 350 352 351 352 351 004 006 012 014 015 024 021 024 028 027 031 033 037 049 048 051 033 355 359 354 000 355 008 359 017 046 057 049 049 051 052 053 045 051 030 042 041 043 049 059 065 068 037 056 060 347 355 355 359 027 029 025 047 080 355 005 006 031 039 040 047 046 043 052 053 054 059 059 063 061 063 059 063 061
302 308 312 313 317 321 322 327 333 332 356 341 010 345 350 351 357 358 357 000 004 012 014 013 024 021 024 027 030 032 032 036 045 047 033 031 357 359 355 001 359 012 002 028 038 051 047 037 040 043 035 037 044 028 039 040 050 050 059 065 067 037 054 054 065 358 000 003 006 013 032 046 068 075 357 005 008 025 053 055 065 080 053 052 056 057 060 059 060 061 063 059 057 062
302 307 312 313 317 321 327 329 331 332 337 343 344 351 350 352 358 000 001 359 007 014 012 021 021 022 025 031 030 033 035 043 044 034 047 353 359 356 003 003 000 021 030 038 045 035 023 032 035 034 043 028 040 040 050 050 058 063 063 064 035 053 054 064 359 002 002 008 020 022 029 061 077 358 008 009 026 024 052 058 061 061 052 059 056 058 057 058 060 060 053 059 059 060
302 307 312 313 317 321 327 329 334 337 339 343 345 350 351 357 000 002 004 003 010 010 021 021 021 024 031 028 031 040 040 042 035 050 352 356 353 000 003 000 017 029 030 028 036 020 031 033 033 043 028 040 040 050 058 058 062 062 093 039 055 053 064 359 003 003 008 017 017 032 033 061 069 001 011 011 025 049 052 064 063 053 059 060 057 056 057 053 055 053 053 055 057 059
300 307 308 313 317 321 328 330 334 337 342 345 350 351 357 000 000 005 009 010 011 019 022 022 024 027 031 031 040 041 033 033 047 354 000 000 359 000 359 008 021 024 033 036 018 027 030 042 028 028 040 050 050 058 060 089 089 040 039 053 053 063 070 000 002 003 008 017 024 029 057 061 007 008 016 019 027 037 048 050 055 053 060 049 049 053 053 050 052 051 054 057 059 048
300 302 308 313 317 321 328 330 334 339 343 345 350 351 358 000 002 009 010 011 020 021 028 027 028 031 040 040 042 033 046 046 355 356 000 000 003 000 008 013 016 028 036 024 028 029 041 028 039 039 051 057 057 089 088 040 040 053 053 061 067 071 358 002 003 008 016 024 028 058 061 026 006 009 016 022 036 043 054 050 049 049 046 050 049 049 048 050 050 054 057 059 059 048
294 301 308 312 317 321 328 333 338 343 344 351 351 357 000 003 008 010 011 019 021 025 027 027 034 035 040 032 032 046 055 355 356 000 001 005 005 010 010 010 018 023 032 035 036 043 029 039 051 055 055 092 093 035 040 053 053 061 067 067 355 358 359 003 008 017 024 028 059 060 001 006 009 015 021 032 033 044 045 040 042 041 045 048 049 048 050 050 054 054 059 059 048 059
293 301 308 312 317 320 328 333 338 343 351 352 357 359 003 004 011 011 019 021 025 027 034 034 034 035 031 046 046 046 352 356 001 002 003 006 011 014 015 015 012 022 036 052 031 040 040 049 099 096 095 036 036 039 053 061 064 066 097 357 358 359 003 008 017 024 026 060 060 071 025 006 015 021 022 032 039 043 003 040 045 045 047 049 048 050 050 050 054 059 059 048 059 060
286 293 301 312 317 320 330 333 338 344 350 357 359 004 005 010 010 019 021 025 027 034 035 038 034 031 043 045 045 352 355 000 002 003 006 013 015 017 018 018 015 031 053 044 043 046 082 099 099 001 039 039 054 060 061 100 099 098 351 358 359 002 008 017 023 062 061 067 019 025 006 009 015 022 032 038 042 075 040 045 045 047 049 048 050 050 050 054 057 059 049 059 060 064
277 286 295 312 317 329 330 338 343 350 352 358 003 004 010 020 020 021 025 027 034 035 039 039 040 040 044 049 351 355 000 002 003 006 013 015 018 018 018 023 032 045 048 055 059 058 068 322 357 041 052 054 056 104 103 103 329 351 357 359 002 008 017 019 065 067 090 019 023 008 009 015 022 032 038 042 075 039 045 045 045 049 049 050 050 050 054 057 059 049 060 060 064 066
-01 234 243 310 317 330 333 338 344 352 358 359 004 008 020 020 021 026 026 035 035 039 039 045 040 047 047 350 355 356 000 003 006 013 014 018 018 025 026 026 041 052 054 060 065 356 054 352 044 045 113 108 111 111 111 347 350 357 359 002 002 013 069 067 081 017 019 019 345 009 015 022 032 038 040 073 039 045 042 045 048 049 048 050 050 054 057 058 049 060 060 064 066 079
-01 -01 -01 311 317 331 338 343 350 358 359 004 008 020 021 025 026 035 035 039 039 045 046 046 049 058 347 351 356 000 003 006 013 014 018 019 025 026 039 039 049 058 059 065 354 359 060 038 121 120 123 123 123 343 345 350 351 357 002 002 007 073 080 337 023 016 062 344 011 022 022 032 039 039 031 040 039 045 045 048 049 048 050 050 054 057 058 049 049 060 064 066 077 039
-01 -01 -01 311 316 331 338 350 351 359 004 008 019 021 025 026 034 035 039 039 045 045 050 050 072 348 352 356 000 002 005 013 014 017 019 025 026 040 050 050 058 062 109 353 355 000 095 111 192 159 154 152 334 343 347 351 357 359 002 006 032 060 357 012 012 065 342 014 022 033 038 038 070 032 040 045 041 045 048 048 048 050 050 054 057 058 073 049 060 064 066 078 040 047
-01 -01 -01 312 315 333 344 351 358 004 009 020 021 025 026 035 035 038 046 046 046 050 057 057 349 353 356 000 001 005 013 014 018 019 025 025 040 050 057 058 097 096 354 355 358 057 099 124 001 011 322 333 344 345 350 357 359 002 006 008 058 056 056 023 049 337 017 021 033 037 069 034 034 040 045 045 045 047 048 048 050 050 049 057 058 073 049 060 064 065 078 040 047 050
-01 -01 303 311 313 337 351 358 004 009 020 021 025 035 035 038 038 046 046 050 050 056 056 346 353 355 000 001 005 013 015 018 019 025 040 051 051 055 100 098 344 346 353 357 014 052 058 061 119 011 327 333 344 347 351 359 002 006 008 023 045 044 017 074 009 347 022 033 070 070 035 039 045 041 045 047 048 048 048 050 050 049 054 057 073 049 060 065 065 078 040 047 049 058
-01 288 294 304 310 343 358 004 009 020 021 025 035 036 038 045 046 050 050 056 056 065 346 346 353 356 001 004 013 014 017 018 025 041 048 050 105 103 111 331 344 354 355 014 021 121 114 031 085 315 329 333 345 350 358 002 006 007 024 025 046 058 055 341 345 025 031 070 000 037 039 045 045 045 048 048 048 050 050 050 049 054 057 073 049 061 065 065 079 035 040 049 058 058
-01 282 288 305 344 349 358 007 021 024 024 036 039 039 045 045 050 050 056 065 065 340 346 352 355 001 004 013 014 017 018 025 036 119 113 112 121 121 325 344 346 355 015 018 093 020 024 087 104 314 329 345 347 358 358 006 007 025 030 035 035 046 004 002 028 073 082 040 039 045 041 044 048 048 048 048 051 051 049 049 054 056 073 049 061 064 065 079 035 040 047 049 058 064
-01 -01 253 293 300 357 006 022 024 036 036 039 045 046 049 049 056 056 065 065 334 346 346 355 000 003 013 014 016 025 028 083 144 143 142 142 141 323 330 346 355 016 018 023 032 101 068 069 071 313 332 347 350 358 006 006 025 030 035 035 035 035 038 077 076 000 042 041 046 044 047 047 048 048 051 051 050 049 054 056 056 073 048 061 064 064 079 036 040 047 049 058 063 078
-01 -01 -01 292 289 023 023 037 037 046 046 046 046 049 056 056 065 065 079 331 339 346 353 001 004 012 013 016 025 022 136 101 097 178 174 189 162 327 346 352 018 022 031 031 039 102 104 113 290 320 347 350 358 002 026 026 030 036 042 035 037 065 079 085 356 047 046 041 044 047 047 048 048 051 050 049 054 056 056 074 029 048 061 064 064 079 037 040 048 049 058 062 078 080
-01 -01 -01 -01 -01 040 047 047 049 049 049 056 055 055 065 065 079 094 312 335 346 353 001 003 013 014 016 025 017 109 044 140 135 132 177 202 281 329 347 020 022 031 038 039 041 015 026 077 326 330 348 359 003 027 026 036 036 043 035 037 039 054 025 356 049 041 045 047 047 048 048 051 051 050 054 054 055 074 087 048 048 061 064 080 082 086 037 048 049 058 062 079 080 071
016 -01 -01 -01 005 042 047 066 067 071 117 112 060 065 080 088 094 102 310 339 346 354 003 014 014 017 026 021 021 080 110 109 049 350 004 307 341 339 023 022 031 038 039 039 015 019 084 083 313 328 350 002 028 030 036 043 035 038 039 039 044 046 046 051 045 045 048 048 048 051 051 051 049 054 054 075 076 036 048 062 063 063 080 082 081 038 039 049 058 062 079 071 071 086
016 017 -01 -01 037 042 046 091 117 135 156 167 148 175 160 151 152 303 307 339 354 001 014 016 016 025 027 028 027 063 060 091 007 353 011 294 318 342 025 031 038 038 069 043 044 075 075 063 313 351 002 030 029 036 043 035 039 039 045 044 046 050 042 044 048 048 048 048 051 051 049 053 054 076 075 038 047 062 062 062 081 082 081 080 010 039 048 058 061 080 071 071 086 053
014 017 026 030 037 041 069 081 144 135 134 133 166 138 193 165 286 296 303 346 353 002 016 026 027 030 030 028 028 083 089 012 352 005 011 353 350 031 038 038 038 044 044 045 045 060 084 319 335 359 031 031 043 033 035 039 040 045 046 050 050 043 044 047 048 048 051 051 050 053 053 077 087 089 048 047 061 082 082 082 081 074 074 014 040 048 059 061 080 070 071 086 055 060
011 016 026 029 037 041 071 093 094 082 094 093 093 098 252 275 279 284 297 001 001 015 026 027 030 031 032 020 044 006 012 011 354 005 000 000 034 039 038 067 043 044 045 055 031 070 004 331 358 034 036 043 035 039 040 045 045 047 050 042 042 047 047 048 051 051 051 050 053 054 064 077 347 055 061 083 083 079 079 022 073 015 041 040 048 048 061 081 070 082 086 056 060 067
011 014 016 029 038 060 079 080 127 094 096 097 164 039 336 231 252 266 284 275 011 027 030 031 031 024 026 020 017 027 022 005 005 031 035 039 039 038 026 043 044 044 054 031 035 083 323 354 038 036 034 035 039 039 045 047 051 050 042 047 047 047 047 051 051 050 054 053 053 060 060 062 062 074 074 079 084 018 074 074 037 041 048 048 059 060 082 070 081 086 057 060 067 068
009 011 016 027 037 090 114 110 109 081 113 039 039 043 332 344 346 231 290 304 019 027 030 024 024 025 027 021 022 023 013 014 033 034 039 039 063 044 044 044 052 032 036 035 037 041 350 041 043 035 035 039 045 045 047 051 043 042 047 046 046 051 051 050 053 054 054 060 060 062 062 066 081 082 023 019 076 074 004 037 041 048 058 058 083 082 070 081 086 057 060 067 068 073
007 009 014 028 036 079 079 072 041 050 039 039 043 326 332 355 347 321 321 289 019 027 031 024 026 027 032 011 028 012 035 038 038 038 059 029 044 043 043 052 032 036 035 037 041 041 042 043 035 038 039 045 047 051 051 043 047 047 046 051 051 050 050 053 054 061 061 062 062 066 067 075 043 056 083 088 007 041 041 048 048 057 084 083 070 070 081 087 058 059 067 068 073 077
004 007 011 029 034 069 031 042 010 040 042 032 032 327 331 349 350 311 321 309 340 027 031 025 026 027 023 018 030 031 056 034 034 043 043 044 043 050 034 033 035 035 042 042 043 044 037 036 038 045 047 051 051 044 043 048 046 046 051 050 049 053 053 061 061 063 063 067 067 067 071 071 075 075 079 353 043 042 048 058 060 069 069 069 080 080 088 058 059 067 068 073 077 081
003 004 009 011 031 080 035 043 041 042 032 037 330 327 330 346 310 356 314 320 020 028 031 025 026 026 023 018 031 035 043 044 044 044 050 050 034 034 035 036 036 042 042 043 044 036 039 039 045 046 051 044 044 048 048 047 051 051 049 052 052 053 061 063 063 068 068 067 071 074 074 015 064 064 004 045 048 058 058 081 080 080 080 090 089 043 058 059 067 068 073 077 081 082
003 003 004 009 025 010 041 068 043 032 037 043 332 319 328 346 000 356 004 336 018 028 030 025 026 026 023 018 030 034 041 048 049 041 035 035 035 035 036 036 041 043 043 038 036 039 046 046 050 050 044 044 048 047 047 052 050 049 052 052 061 061 063 068 068 068 072 073 074 015 065 064 083 005 048 058 058 082 081 083 083 090 069 069 058 058 059 067 068 074 077 081 100 058
002 003 003 007 009 026 041 016 044 032 037 327 333 335 320 329 347 089 003 009 023 028 030 026 026 027 023 015 031 034 047 040 036 036 037 037 037 041 041 041 043 043 038 036 039 046 046 050 045 043 049 049 047 052 052 049 052 051 061 061 062 068 068 068 073 073 082 084 039 067 084 026 054 050 057 083 083 083 089 089 069 047 058 058 059 068 068 068 074 077 081 099 073 058
002 002 003 004 007 009 020 017 047 032 040 069 328 332 334 321 328 349 005 024 026 027 027 026 025 028 024 016 032 037 047 040 037 039 041 042 042 043 043 038 038 037 040 040 047 050 045 043 043 049 047 047 052 052 052 050 051 061 062 067 068 068 073 074 082 082 027 040 040 048 026 056 055 084 084 088 088 071 070 048 047 058 059 068 068 068 074 077 077 080 074 073 058 062
000 002 002 003 004 007 018 030 041 031 071 338 326 328 333 332 253 352 025 025 026 027 027 026 025 031 031 021 032 037 045 039 036 038 041 041 044 037 039 039 040 040 047 047 050 045 043 047 047 047 052 052 051 052 051 061 061 067 067 067 073 073 082 082 029 028 040 048 048 055 055 087 088 088 101 071 071 077 048 058 059 068 068 074 074 077 079 079 096 074 091 059 061 044
000 000 002 002 004 004 008 018 059 108 071 305 335 347 333 335 324 010 029 028 026 028 027 026 025 027 031 033 032 036 045 037 036 041 041 036 038 039 047 047 047 050 050 045 043 043 047 046 052 052 050 052 052 061 061 061 067 067 073 073 082 082 097 029 041 040 048 053 054 089 088 094 095 073 075 075 049 058 058 068 068 074 074 077 077 078 096 096 075 085 060 061 044 035
