ashley_2/OUTPUT_2/raster.sdr
north:    392658.625000
south:    384678.625000
east:     169279.328125
west:     157819.328125
rows:     266
cols:     382
[rows 210 to 251 of 266, columns 188 to 281 of 382]
000 000 000 002 002 004 004 007 021 022 061 009 321 336 338 277 276 019 027 028 025 027 027 032 025 028 030 031 032 036 045 038 036 041 041 038 048 048 052 040 044 042 042 042 047 047 046 052 052 051 052 061 061 061 067 067 073 073 082 082 087 026 029 041 048 048 051 091 093 094 021 075 074 130 049 058 058 068 068 074 076 077 077 097 096 075 075 075 082 061 061 045 035 049
358 000 000 000 002 002 004 004 018 041 018 054 332 314 320 336 323 012 027 029 025 027 026 032 025 028 030 031 034 036 035 038 038 041 041 038 048 043 042 042 047 047 047 046 046 051 051 051 052 052 061 061 067 067 073 082 082 086 091 016 027 029 041 046 047 094 093 104 093 078 077 087 049 049 058 068 068 074 075 076 098 099 102 076 075 079 079 035 061 061 045 035 049 068
357 358 359 000 000 002 002 004 004 009 021 025 330 330 252 323 017 025 025 029 027 026 027 026 026 029 030 031 034 035 034 038 038 042 035 037 051 043 047 047 051 051 051 051 051 050 052 052 062 061 067 067 073 082 082 086 086 023 027 028 042 043 043 099 101 081 083 015 082 083 048 049 059 068 069 073 073 100 099 113 048 076 076 079 079 036 062 061 074 038 059 049 069 069
351 357 357 359 000 000 002 002 004 004 006 024 352 317 326 002 022 022 025 026 027 024 027 026 027 027 030 031 034 039 033 038 039 042 035 037 042 042 048 049 049 051 051 051 051 061 061 062 067 067 073 082 084 085 122 027 023 027 028 043 043 065 079 079 116 010 093 084 049 048 060 067 068 071 102 102 103 051 051 077 079 079 088 033 035 063 073 023 037 048 048 069 069 081
350 351 356 357 359 000 002 002 002 003 005 027 010 311 328 020 021 022 026 026 028 027 027 026 034 026 027 027 034 038 033 038 038 041 039 048 042 042 049 049 075 098 054 060 065 067 067 072 073 078 080 120 080 080 074 023 027 027 043 046 046 065 079 020 072 094 018 050 060 064 066 108 104 103 087 051 050 078 079 087 087 342 035 041 047 056 035 067 048 048 069 069 079 073
346 351 351 356 357 000 000 002 002 002 003 004 007 352 006 020 020 022 022 026 029 026 024 027 029 026 028 031 031 038 032 038 038 041 039 048 044 048 049 048 063 062 050 116 111 109 107 116 120 120 082 081 035 013 023 026 044 043 046 050 050 077 018 075 075 018 051 058 060 110 108 013 087 052 051 079 079 087 090 090 003 037 041 047 059 059 356 049 070 073 074 074 073 068
346 347 351 350 356 358 000 000 001 002 005 004 006 011 015 016 020 021 022 027 027 020 024 027 028 024 026 031 032 035 032 038 038 042 039 043 045 048 047 050 068 041 041 042 045 044 047 040 083 082 040 061 016 023 026 044 046 046 050 055 055 062 062 039 063 063 112 116 115 018 088 052 052 081 084 086 086 115 007 040 040 047 047 059 064 063 071 073 073 073 073 080 067 086
340 346 347 348 350 356 358 000 000 001 002 005 006 007 011 015 020 020 022 027 027 026 026 027 028 025 026 029 031 035 034 038 041 040 045 044 045 047 047 050 042 049 046 046 058 058 057 057 043 059 058 019 023 026 044 046 050 055 055 062 062 062 063 063 087 063 074 012 095 045 052 081 081 121 120 120 348 004 041 041 047 058 058 065 071 071 107 074 073 080 080 085 085 092
337 340 347 347 347 349 357 357 359 000 002 002 005 006 007 014 015 020 021 022 028 028 026 024 027 031 026 029 030 034 035 039 041 040 045 045 045 047 047 053 051 054 058 071 070 070 070 070 059 352 019 025 045 046 050 050 055 055 062 062 063 063 064 064 064 069 027 056 018 035 079 078 098 045 024 106 001 044 047 058 058 065 068 069 106 077 081 080 085 085 092 092 092 100
337 337 340 340 347 347 350 357 357 359 000 002 002 005 008 011 014 020 021 022 028 028 018 025 027 027 025 028 031 034 035 039 041 040 045 044 045 046 052 053 054 054 057 064 064 064 064 066 352 023 024 046 046 050 055 055 062 062 062 063 064 064 064 067 046 055 019 045 033 081 085 058 045 025 004 002 048 059 059 063 064 102 020 080 080 086 086 086 092 092 092 099 065 079
335 335 338 338 340 347 347 351 356 356 359 000 002 002 007 008 013 013 020 022 027 027 026 026 027 027 026 026 031 030 035 039 040 039 041 045 046 048 052 052 054 056 057 072 045 035 031 018 019 050 048 050 055 055 062 062 062 063 064 064 064 067 067 067 068 068 068 084 084 083 058 078 008 041 051 050 058 059 099 100 037 082 081 086 086 092 092 093 100 100 068 066 079 081
332 335 335 338 338 340 339 347 351 356 356 359 002 002 005 007 011 013 020 021 028 027 026 027 027 026 031 026 028 029 035 039 040 040 042 046 046 052 055 055 054 057 060 057 055 037 056 055 055 055 055 055 062 062 062 063 063 064 064 067 067 067 068 068 067 082 115 120 123 122 120 027 041 051 055 056 098 098 043 086 085 085 092 092 099 099 099 070 071 079 079 081 081 093
331 332 331 335 336 338 338 339 348 348 351 355 359 002 002 005 009 009 020 021 023 027 026 026 024 026 031 026 028 029 034 039 040 040 041 047 049 055 051 054 056 060 060 060 060 063 063 063 062 062 062 062 062 063 063 064 064 067 067 067 068 068 067 082 082 127 036 104 115 029 042 049 051 100 098 048 047 089 087 092 092 099 099 103 103 071 070 079 079 082 082 081 093 096
326 331 331 331 331 335 336 338 338 339 349 352 354 358 002 002 008 008 012 021 024 026 027 015 023 026 032 026 029 030 035 038 040 039 041 046 049 055 054 054 056 060 060 060 060 063 063 063 063 064 064 064 064 064 064 067 067 067 068 068 066 067 073 073 047 072 085 029 030 041 042 107 105 047 047 092 091 100 100 101 102 102 065 071 071 079 081 081 081 094 094 096 096 103
324 325 325 325 331 332 335 336 338 338 339 349 351 354 358 002 002 007 009 022 023 025 027 029 024 027 032 026 028 030 035 038 039 040 041 047 048 052 054 053 059 060 060 060 063 063 068 068 067 067 067 067 067 067 067 067 068 068 066 067 073 073 073 073 074 034 042 029 038 091 125 041 044 098 099 099 099 128 121 069 068 071 079 079 081 081 094 094 094 103 103 103 108 088
318 318 324 324 324 324 331 331 335 335 338 339 350 350 354 358 002 007 008 011 021 025 027 028 025 027 031 017 028 030 036 038 042 040 041 048 055 054 055 061 060 060 059 063 063 064 068 070 070 070 069 069 069 069 069 069 067 068 073 073 073 073 074 075 076 076 075 075 092 052 052 102 138 096 107 098 040 070 069 071 079 080 080 095 095 094 103 103 108 108 108 128 089 072
315 315 318 318 323 323 325 325 331 330 330 334 339 339 350 354 359 002 007 010 021 025 027 028 025 024 031 031 026 030 036 038 042 039 041 047 055 054 056 058 060 061 064 064 065 068 070 068 068 067 067 067 067 067 067 068 073 073 074 074 074 075 076 076 075 075 076 076 076 079 023 051 079 080 032 044 060 070 079 079 095 095 102 103 107 108 112 113 085 111 079 100 092 097
350 306 316 317 317 318 318 324 324 324 324 330 330 335 338 351 354 358 001 009 009 023 027 028 020 024 031 030 026 030 036 038 042 039 043 047 055 053 058 060 061 064 065 066 067 070 069 074 074 073 073 073 073 073 073 073 075 075 074 075 076 076 075 075 076 076 079 079 080 078 079 079 078 033 062 062 066 067 095 095 141 144 088 087 086 109 108 108 083 083 083 092 097 101
345 351 351 310 311 317 317 317 318 318 324 324 324 330 330 335 336 353 001 007 009 023 027 028 020 023 032 030 027 028 036 038 042 042 043 055 054 056 057 061 064 064 066 069 070 069 073 073 073 073 073 074 074 075 075 074 074 074 076 075 075 075 076 076 079 079 080 078 079 079 082 082 082 080 069 069 067 080 069 068 075 090 108 108 108 033 085 083 092 092 094 096 075 058
343 345 345 351 356 306 311 311 311 317 317 318 318 325 325 330 335 335 356 001 008 024 027 028 029 025 031 028 018 028 035 038 042 042 047 056 054 056 060 061 064 066 069 068 068 073 073 074 076 076 076 076 076 074 074 074 076 076 075 075 076 076 079 079 080 078 079 079 082 082 082 082 082 084 084 082 083 069 074 074 050 076 035 035 071 088 090 101 078 077 076 104 057 106
337 338 343 344 351 351 359 309 309 309 310 310 317 317 317 324 324 330 333 357 008 024 024 028 028 025 031 024 018 028 035 038 042 043 046 054 056 056 061 064 066 070 069 072 073 074 074 074 075 075 075 075 076 076 076 076 075 075 076 076 079 080 080 079 079 079 082 082 082 082 082 084 082 083 083 083 085 074 049 075 029 033 075 073 041 048 051 052 089 103 056 056 107 087
329 338 338 342 343 351 351 355 304 304 305 309 310 310 310 317 317 324 330 328 000 009 024 028 028 026 031 024 018 029 035 042 041 045 053 054 056 061 064 066 069 069 072 073 074 074 074 075 076 076 076 076 076 076 076 076 076 079 079 080 078 079 079 082 082 082 082 082 084 084 082 083 083 085 085 086 086 086 089 063 089 087 075 042 047 090 090 056 056 110 070 095 087 009
331 328 329 338 339 342 342 352 353 004 311 311 305 305 310 310 310 318 318 325 005 009 021 028 028 027 032 025 034 030 035 042 041 044 054 056 061 064 066 069 068 071 071 074 074 075 075 080 080 080 080 080 080 079 079 079 079 080 078 078 078 081 082 082 082 082 084 084 082 083 083 085 085 086 086 086 089 089 090 090 091 091 091 093 092 055 092 094 045 045 088 087 008 049
325 328 331 329 328 339 339 342 352 354 004 310 310 310 310 306 306 310 310 319 326 009 017 029 029 027 032 025 031 030 035 043 043 054 056 061 061 066 069 068 071 072 074 075 075 075 080 079 079 079 079 079 079 079 079 078 078 079 079 081 082 082 082 082 084 082 083 083 085 085 086 086 086 089 089 090 090 091 091 091 093 093 091 091 093 093 054 045 092 091 065 050 008 056
308 325 326 328 331 328 328 339 342 352 353 005 294 310 309 309 309 306 305 309 320 011 028 029 028 027 029 025 029 031 035 043 042 054 056 062 064 069 068 071 075 075 075 080 080 079 079 079 082 082 082 082 082 082 082 082 082 081 082 082 082 084 084 082 083 083 085 085 086 086 089 089 090 090 091 091 091 093 093 091 093 093 093 094 094 097 096 084 068 063 038 051 053 097
304 308 307 307 327 327 331 328 340 341 351 007 008 307 306 308 308 308 306 309 318 019 028 029 028 028 029 025 028 019 035 041 056 057 061 063 070 071 071 075 076 077 078 078 079 082 082 082 083 083 083 083 083 083 083 082 082 082 082 083 082 083 083 085 085 086 086 086 089 089 090 091 091 091 093 093 091 093 093 094 094 094 097 097 097 097 099 099 099 073 064 100 098 103
298 298 298 304 304 304 329 330 332 328 341 351 008 004 004 305 305 306 306 306 306 029 029 029 028 028 029 028 029 024 044 040 056 062 071 070 071 075 076 076 077 078 082 082 083 083 083 083 083 083 083 083 083 083 083 083 083 083 082 083 083 085 086 086 086 089 089 090 091 091 091 093 093 091 093 093 094 094 094 097 097 097 098 098 099 099 099 099 104 103 103 104 104 102
291 291 291 290 298 299 299 301 332 333 342 351 006 005 003 006 306 306 306 306 -01 -01 -01 029 028 028 029 028 029 029 046 060 062 072 070 076 076 076 078 078 083 082 083 083 083 083 083 083 083 084 084 084 084 083 083 083 083 083 084 084 086 086 089 089 090 090 091 091 093 093 091 091 093 094 094 097 097 097 098 098 099 099 099 103 103 103 103 104 104 102 102 102 102 102
278 278 278 289 289 289 289 289 298 296 334 342 352 003 003 003 304 306 306 306 -01 -01 -01 -01 029 029 029 028 029 029 046 059 073 076 076 077 077 077 083 083 083 083 083 083 083 083 084 084 085 090 090 085 085 085 085 085 084 086 086 086 089 089 090 091 091 093 093 091 091 093 094 094 097 097 097 098 098 099 099 104 103 103 104 104 104 102 102 102 102 103 102 102 104 104
276 276 276 276 276 277 277 277 277 287 284 346 352 003 003 003 306 306 306 -01 -01 -01 -01 -01 -01 -01 029 028 029 046 061 072 077 080 083 084 083 083 083 083 083 083 083 084 091 090 090 090 090 090 090 090 089 089 089 089 085 089 089 090 091 091 091 093 091 091 093 094 094 097 097 097 098 099 099 099 104 104 104 104 102 102 102 102 102 102 102 104 104 104 104 104 104 103
267 267 267 267 267 267 267 267 267 278 280 352 355 003 003 003 043 306 -01 -01 -01 -01 -01 -01 -01 -01 -01 -01 029 049 062 113 108 105 103 101 099 097 097 097 096 095 095 095 094 094 090 091 093 092 093 093 090 090 090 091 090 091 091 091 093 093 091 093 094 094 097 097 097 098 099 099 104 104 104 104 102 102 102 102 102 102 102 104 104 104 104 104 104 104 103 103 104 104
264 264 265 265 265 265 255 255 267 267 268 254 003 003 003 003 011 -01 -01 -01 -01 -01 -01 -01 -01 -01 -01 -01 -01 126 124 117 116 110 105 105 102 098 098 098 099 097 097 097 097 097 094 094 093 093 093 093 091 091 093 093 093 093 093 091 093 093 093 097 097 098 098 098 099 104 104 104 105 102 102 102 102 102 102 104 104 104 105 105 105 103 103 104 104 104 104 104 108 109
255 255 254 254 254 255 255 245 245 245 247 223 -01 -01 -01 -01 -01 -01 -01 -01 -01 -01 -01 -01 -01 -01 -01 141 141 141 135 123 125 117 110 110 105 105 101 100 101 101 101 102 103 103 098 098 098 097 097 098 098 093 093 093 091 093 093 093 097 097 098 098 098 104 104 104 105 102 102 102 102 102 102 104 104 104 105 105 104 103 103 103 103 104 104 108 108 108 108 109 109 110
246 246 246 246 246 243 244 244 226 224 225 222 222 222 -01 -01 -01 -01 -01 -01 -01 -01 -01 -01 -01 -01 141 140 141 142 142 133 123 127 116 110 110 109 105 106 106 101 101 102 097 096 103 103 104 105 105 105 098 098 097 097 097 097 097 098 098 098 104 104 104 105 102 102 102 102 102 104 104 104 105 105 104 103 103 104 104 104 104 108 108 108 108 109 109 109 110 110 111 111
243 243 243 243 228 228 227 224 224 223 221 223 222 222 222 -01 -01 -01 -01 -01 -01 -01 -01 -01 -01 141 142 141 140 145 142 138 123 128 119 117 111 110 109 109 105 105 105 104 104 102 102 102 102 102 102 105 105 105 105 098 098 098 104 104 104 105 102 102 102 102 102 104 104 104 105 105 104 103 104 104 104 104 108 108 108 109 109 109 110 110 110 110 111 111 111 111 113 113
-01 -01 229 227 227 223 222 222 222 222 223 224 229 221 220 222 -01 -01 -01 -01 -01 -01 -01 163 141 141 142 143 140 145 140 138 132 120 127 119 118 116 110 110 109 109 108 105 105 105 105 105 104 102 102 102 102 102 101 105 104 105 100 102 102 102 102 102 104 104 105 105 104 103 103 103 103 103 108 108 109 109 109 110 110 110 110 111 111 111 111 111 111 113 113 113 114 112
-01 -01 -01 224 223 223 222 222 223 224 229 223 223 220 220 222 222 -01 -01 -01 163 163 162 163 161 145 141 143 140 140 141 138 132 131 119 125 120 118 115 111 111 111 108 110 105 105 105 105 105 105 104 104 102 102 102 102 102 102 102 102 104 104 104 105 104 104 103 103 103 103 109 108 109 109 110 110 110 111 111 111 111 111 111 113 113 113 113 113 114 114 111 113 112 113
-01 -01 -01 -01 -01 -01 223 229 223 223 221 220 220 219 210 224 223 216 167 162 164 163 162 163 159 145 140 143 139 140 141 140 132 131 119 117 122 121 118 115 116 111 111 111 108 110 105 105 105 104 104 104 105 104 104 104 102 104 104 105 105 104 103 103 103 103 109 109 109 110 110 110 111 111 111 111 111 113 113 113 113 114 114 114 114 118 111 111 113 113 114 114 112 114
-01 -01 -01 -01 -01 -01 -01 223 221 221 218 218 210 221 219 217 212 208 173 161 163 162 161 163 159 146 140 140 140 140 141 139 139 134 131 115 124 120 119 116 115 117 111 111 111 108 109 109 110 110 110 102 102 104 104 105 105 104 103 103 103 103 109 109 109 110 110 111 111 111 111 113 113 113 113 113 113 113 115 111 111 111 113 113 113 113 113 113 113 112 112 114 115 115
-01 -01 -01 -01 -01 -01 -01 -01 218 218 210 218 218 216 217 214 213 179 160 161 163 162 161 163 159 147 145 140 144 140 142 138 139 134 128 124 115 115 120 119 119 115 116 114 113 112 112 112 112 110 110 110 110 110 103 103 103 103 109 109 110 110 110 111 111 111 113 113 113 113 113 113 115 112 112 113 113 113 113 114 113 113 113 110 110 112 112 112 114 114 115 119 119 120
-01 -01 -01 -01 -01 -01 -01 -01 -01 -01 -01 -01 216 214 209 209 185 172 160 161 165 162 161 160 158 148 145 140 145 141 141 138 139 134 137 123 119 116 115 119 118 118 116 116 113 111 111 114 114 113 114 111 111 110 110 109 110 110 111 111 111 111 113 113 113 113 113 114 112 112 113 113 113 114 114 114 117 110 110 112 112 112 114 114 114 114 114 114 118 119 120 121 121 121
-01 -01 -01 -01 -01 -01 -01 -01 -01 -01 -01 -01 -01 -01 -01 -01 -01 172 161 161 164 162 163 161 158 149 144 140 146 141 142 138 139 143 138 128 120 117 113 112 121 118 117 116 116 113 113 113 111 111 114 113 113 113 111 111 111 113 113 113 113 114 114 112 112 113 113 114 113 113 115 110 110 112 112 112 114 114 114 114 114 118 118 118 118 119 119 119 120 121 121 125 118 119
