ashley_2/OUTPUT_2/raster.fli
north:    392658.625000
south:    384678.625000
east:     169279.328125
west:     157819.328125
rows:     266
cols:     382
[rows 208 to 233 of 266, columns 240 to 299 of 382]
00395.147 00396.258 00403.867 00405.898 00405.588 00402.507 00400.010 00397.866 00390.902 00384.884 00375.641 00368.015 00375.862 00370.368 00375.277 00387.053 00393.173 00392.620 00324.713 00315.275 00306.236 00299.153 00295.789 00316.938 00313.453 00315.932 00312.262 00312.068 00312.175 00309.992 00307.175 00303.663 00300.701 00298.131 00295.155 00286.637 00279.940 00325.058 00362.967 00401.497 00374.104 00409.967 00415.219 00399.567 00376.487 00355.365 00336.601 00326.044 00338.986 00335.870 00310.144 00298.616 00285.200 00274.456 00273.539 00310.317 00300.423 00189.999 00177.295 00175.034
00393.932 00403.502 00405.084 00405.023 00403.437 00399.078 00394.630 00390.088 00383.346 00374.010 00388.365 00350.852 00367.446 00380.540 00390.268 00394.109 00391.861 00375.796 00319.995 00292.551 00315.319 00319.963 00315.998 00317.345 00316.597 00315.133 00314.056 00312.551 00311.871 00307.551 00303.325 00297.659 00292.434 00282.344 00276.627 00286.376 00287.757 00367.898 00407.513 00378.544 00409.987 00417.072 00404.311 00378.952 00355.849 00337.092 00329.176 00339.797 00334.555 00309.231 00298.312 00284.222 00273.873 00318.737 00309.794 00300.755 00289.129 00198.211 00175.069 00172.605
00395.783 00398.017 00398.325 00400.096 00397.043 00391.244 00383.703 00377.818 00357.479 00368.997 00360.612 00371.665 00383.945 00391.243 00394.020 00369.689 00351.633 00342.264 00332.667 00328.241 00320.458 00314.954 00316.717 00318.865 00318.517 00317.245 00313.762 00310.775 00307.203 00298.233 00292.137 00279.577 00266.194 00300.613 00297.767 00294.939 00298.029 00410.458 00381.847 00410.677 00418.878 00408.526 00385.461 00356.318 00337.116 00321.147 00333.752 00329.997 00308.542 00295.821 00280.157 00271.634 00319.988 00310.500 00299.992 00287.926 00270.994 00183.384 00173.312 00170.947
00395.307 00393.115 00391.442 00387.422 00383.385 00377.792 00371.843 00362.645 00353.588 00367.227 00378.633 00387.950 00392.118 00368.081 00344.524 00347.762 00384.714 00392.468 00386.717 00330.899 00325.085 00324.965 00324.397 00321.770 00318.196 00311.865 00305.840 00295.332 00283.633 00272.128 00296.818 00304.786 00301.028 00296.618 00290.403 00300.521 00298.805 00303.964 00410.741 00422.173 00414.044 00389.187 00356.656 00337.063 00319.763 00353.196 00329.368 00308.625 00292.799 00281.108 00271.108 00320.037 00310.594 00299.677 00284.196 00269.015 00260.263 00174.034 00171.783 00169.178
00391.392 00384.360 00376.568 00364.130 00361.918 00351.912 00346.257 00356.705 00372.788 00385.531 00396.815 00345.948 00348.450 00351.520 00333.957 00383.151 00376.645 00371.126 00384.770 00346.077 00328.084 00330.779 00326.376 00315.232 00307.518 00291.889 00276.395 00277.938 00313.193 00307.160 00302.196 00297.741 00292.080 00278.271 00299.159 00301.773 00301.769 00277.793 00344.663 00420.248 00393.517 00356.206 00336.741 00317.824 00353.154 00327.821 00306.224 00290.568 00279.984 00295.181 00320.316 00310.699 00298.358 00279.502 00268.195 00258.968 00250.288 00171.702 00169.339 00167.067
00369.831 00353.657 00341.051 00389.847 00326.879 00349.747 00360.625 00375.648 00388.771 00566.630 00871.364 00377.190 00402.642 00341.328 00375.749 00361.138 00369.355 00382.983 00390.572 00393.111 00323.968 00309.993 00298.415 00282.624 00277.233 00321.143 00318.085 00311.896 00305.796 00297.116 00279.900 00295.609 00287.363 00262.557 00304.577 00290.478 00293.981 00279.690 00294.495 00367.190 00360.249 00337.513 00340.281 00353.223 00324.823 00302.818 00288.558 00275.356 00305.574 00320.437 00310.753 00292.444 00275.513 00266.611 00257.158 00248.519 00238.742 00168.393 00166.058 00163.604
00369.399 00397.739 00386.062 00334.025 00351.454 00370.666 00381.513 00387.978 00391.386 00682.104 00852.886 00839.030 00478.209 00368.870 00357.429 00378.610 00391.725 00393.009 00372.867 00366.157 00281.473 00267.452 00314.360 00321.110 00321.352 00315.617 00309.033 00300.752 00291.168 00291.215 00277.472 00293.359 00299.317 00219.918 00288.442 00300.533 00288.523 00300.612 00300.804 00297.347 00336.567 00345.553 00352.832 00321.030 00299.180 00285.557 00272.493 00335.485 00320.812 00310.510 00289.096 00275.887 00264.638 00254.427 00245.260 00233.852 00241.260 00176.671 00173.954 00171.490
00396.503 00365.808 00339.892 00357.836 00373.451 00384.259 00390.691 00393.569 00395.082 00884.757 00846.753 00879.113 00877.483 00479.256 00386.777 00382.908 00377.444 00329.337 00301.718 00354.006 00323.807 00322.464 00324.345 00315.160 00307.575 00300.516 00289.903 00283.310 00270.790 00293.905 00303.531 00306.927 00308.021 00260.918 00261.403 00299.950 00303.573 00300.729 00296.436 00261.092 00350.870 00352.995 00314.596 00296.197 00282.521 00272.479 00331.376 00319.052 00307.139 00286.236 00273.071 00261.705 00251.856 00241.118 00238.090 00277.425 00262.845 00173.187 00170.106 00168.231
00351.957 00344.168 00363.267 00379.040 00390.233 00393.909 00395.580 00396.991 00397.911 00398.131 00771.946 00883.747 00878.789 00611.009 00433.940 00274.145 00233.889 00370.989 00385.715 00379.379 00348.151 00315.966 00299.893 00285.871 00277.615 00253.887 00225.040 00269.343 00300.448 00305.865 00315.258 00315.906 00312.926 00309.298 00306.359 00301.839 00297.352 00296.193 00295.928 00269.912 00343.249 00311.273 00293.733 00279.534 00307.762 00330.535 00319.283 00303.792 00282.907 00270.166 00258.434 00247.670 00234.075 00278.938 00273.815 00259.421 00259.749 00179.314 00175.679 00174.494
00347.427 00369.943 00385.957 00393.458 00396.217 00398.155 00398.574 00399.381 00398.876 00398.347 00397.752 00560.333 00868.536 00860.312 00879.107 00653.731 00445.961 00396.036 00384.152 00574.407 00354.514 00319.562 00236.796 00209.651 00202.814 00220.842 00280.571 00301.244 00309.224 00313.960 00315.947 00317.447 00309.741 00299.300 00282.816 00300.018 00299.131 00295.048 00290.285 00285.993 00310.947 00289.598 00273.345 00322.714 00330.256 00317.189 00301.022 00279.173 00266.516 00254.260 00241.378 00225.235 00276.302 00270.777 00254.518 00345.991 00365.670 00179.899 00178.723 00177.288
00377.895 00393.361 00396.152 00398.630 00399.676 00400.275 00400.079 00399.523 00399.008 00398.411 00397.769 00884.829 00882.834 00869.078 00847.771 00824.119 00775.917 00828.030 00882.561 00854.705 00696.773 00733.746 00394.108 00293.624 00225.805 00284.482 00311.497 00315.234 00315.491 00315.412 00306.012 00296.666 00301.057 00308.610 00304.359 00297.019 00291.494 00286.367 00282.400 00277.274 00284.456 00276.535 00344.539 00330.509 00315.500 00294.819 00275.697 00263.030 00246.591 00235.611 00267.300 00279.506 00267.677 00250.422 00347.496 00368.941 00358.640 00331.354 00180.539 00178.690
00396.285 00398.838 00400.581 00401.123 00401.307 00400.888 00400.286 00399.344 00399.047 00398.267 00397.206 00396.278 00754.589 00840.636 00790.867 00755.052 00867.334 00854.070 00849.692 00877.599 00692.218 00700.407 00596.953 00380.760 00297.483 00317.402 00319.450 00313.142 00307.157 00304.011 00306.481 00308.347 00301.523 00297.085 00292.339 00288.831 00282.526 00275.444 00270.562 00263.992 00336.368 00344.625 00331.428 00310.319 00286.383 00269.285 00256.163 00242.429 00235.815 00273.631 00277.640 00263.641 00264.627 00349.472 00372.086 00361.051 00348.075 00323.511 00180.250 00177.954
00401.452 00402.211 00402.561 00402.151 00401.573 00400.966 00400.346 00399.584 00398.418 00397.538 00396.658 00395.873 00395.303 00402.328 00388.913 00364.554 00535.270 00752.878 00861.701 00849.691 00434.003 00599.543 00369.516 00320.309 00320.126 00314.878 00308.552 00310.507 00313.647 00309.833 00301.505 00294.920 00288.295 00283.563 00279.726 00274.620 00266.161 00265.218 00287.761 00295.207 00345.077 00331.985 00305.878 00283.818 00264.873 00250.789 00235.958 00243.926 00292.092 00274.864 00258.045 00285.718 00395.082 00374.482 00363.237 00350.897 00322.463 00302.200 00180.139 00177.273
00282.821 00403.407 00402.862 00402.231 00401.423 00400.859 00399.807 00398.820 00397.632 00397.120 00396.613 00396.120 00386.574 00378.921 00421.182 00270.352 00265.161 00280.955 00334.182 00368.894 00376.373 00386.244 00385.420 00351.365 00317.771 00315.758 00317.894 00311.769 00298.690 00293.076 00286.783 00280.927 00275.117 00269.041 00265.427 00299.459 00304.626 00302.608 00298.407 00291.882 00315.308 00299.951 00278.414 00260.379 00243.358 00225.139 00315.985 00286.640 00271.413 00249.240 00298.082 00356.063 00379.085 00366.164 00353.865 00322.001 00301.272 00287.421 00178.489 00176.606
00111.841 00403.558 00402.879 00402.080 00401.270 00400.224 00399.197 00398.389 00397.865 00397.364 00397.338 00579.244 00369.610 00576.728 00511.359 00516.898 00307.600 00317.075 00366.290 00384.201 00384.874 00381.875 00337.252 00352.444 00323.774 00310.632 00298.908 00291.552 00284.147 00276.910 00270.342 00269.294 00272.615 00306.962 00300.732 00300.922 00298.729 00296.261 00292.473 00283.522 00282.564 00270.907 00251.903 00233.095 00269.683 00310.649 00282.035 00264.000 00241.250 00302.653 00382.065 00381.399 00368.530 00350.954 00321.290 00300.129 00286.549 00275.025 00176.167 00173.933
00113.326 00280.641 00402.573 00401.545 00400.469 00399.552 00399.137 00398.629 00398.616 00396.594 00395.568 00786.664 00876.442 00866.742 00861.926 00795.633 00497.564 00375.766 00381.883 00363.493 00339.386 00392.215 00389.870 00365.844 00292.511 00283.595 00279.146 00268.598 00257.949 00258.032 00297.901 00309.536 00305.966 00301.594 00296.992 00291.615 00289.419 00283.282 00276.546 00267.127 00258.633 00240.199 00231.156 00330.266 00302.004 00275.220 00259.164 00299.244 00293.300 00366.101 00384.417 00371.473 00352.881 00324.846 00298.784 00285.827 00273.073 00258.993 00174.029 00171.717
00115.422 00115.147 00401.929 00400.769 00401.487 00399.691 00399.611 00398.507 00396.131 00394.362 00392.563 00391.716 00861.320 00870.358 00762.150 00845.965 00848.784 00636.385 00390.094 00377.422 00386.535 00348.953 00329.658 00316.254 00262.585 00246.260 00249.761 00318.131 00315.381 00312.346 00308.657 00303.812 00297.296 00290.481 00283.198 00275.196 00267.498 00261.856 00258.145 00252.295 00226.135 00246.928 00325.248 00290.094 00268.304 00255.032 00334.719 00281.761 00380.019 00387.822 00374.027 00354.964 00321.960 00297.139 00284.396 00270.860 00256.913 00247.566 00171.788 00169.302
00117.937 00117.227 00353.824 00403.800 00403.672 00402.976 00402.955 00399.718 00393.595 00395.329 00391.635 00390.070 00388.628 00390.070 00390.015 00387.566 00853.412 00872.788 00463.676 00353.728 00291.007 00526.557 00321.887 00288.785 00323.970 00321.905 00319.221 00314.959 00309.114 00305.164 00296.940 00287.600 00278.173 00270.542 00262.365 00255.660 00250.333 00244.709 00238.114 00234.930 00284.484 00319.590 00288.549 00260.743 00266.194 00318.830 00265.650 00404.677 00391.581 00376.980 00351.921 00317.468 00295.391 00282.332 00267.549 00255.136 00245.716 00237.138 00169.373 00167.042
00117.916 00117.078 00178.641 00401.792 00400.812 00401.105 00399.287 00397.439 00398.588 00397.710 00389.692 00389.169 00389.023 00388.518 00387.354 00385.831 00396.237 00860.370 00859.132 00834.297 00870.996 00854.613 00644.455 00375.504 00552.697 00320.000 00311.207 00303.636 00291.739 00280.805 00261.538 00261.561 00248.727 00238.154 00240.499 00254.529 00259.021 00259.202 00276.097 00271.588 00316.014 00278.507 00261.969 00242.312 00320.292 00257.259 00407.303 00394.969 00380.275 00352.660 00318.584 00294.190 00278.512 00264.285 00253.053 00242.489 00234.087 00210.979 00167.008 00164.934
00121.170 00120.442 00119.304 00397.398 00395.590 00399.131 00398.695 00396.317 00398.125 00393.553 00390.094 00389.642 00388.375 00386.817 00385.112 00383.206 00381.627 00381.458 00381.393 00437.274 00871.309 00868.989 00860.711 00579.321 00730.911 00599.219 00389.293 00277.224 00306.254 00221.414 00309.469 00266.713 00269.453 00271.107 00249.211 00278.785 00296.390 00289.626 00282.538 00275.457 00264.591 00271.822 00324.281 00311.462 00245.067 00399.769 00398.427 00380.271 00354.170 00313.559 00290.619 00276.351 00262.642 00250.659 00239.892 00232.696 00227.484 00168.841 00167.174 00165.071
00122.567 00122.117 00121.512 00336.836 00395.815 00394.256 00392.849 00392.471 00398.824 00396.397 00389.404 00387.811 00386.048 00383.959 00382.697 00382.901 00382.249 00380.585 00378.886 00376.919 00381.159 00377.723 00701.643 00567.988 00821.326 00735.702 00729.965 00709.041 00498.254 00306.453 00344.990 00250.989 00215.221 00306.056 00297.681 00286.383 00274.008 00265.365 00249.569 00240.370 00287.742 00320.321 00291.887 00239.786 00417.422 00403.381 00383.926 00359.630 00306.687 00286.895 00273.152 00257.979 00246.487 00235.596 00232.042 00233.952 00230.460 00167.395 00165.542 00163.402
00123.537 00122.834 00122.017 00208.292 00393.962 00392.867 00392.572 00396.770 00397.839 00391.409 00386.854 00384.694 00384.182 00384.323 00382.819 00381.445 00379.546 00377.491 00376.152 00375.336 00374.091 00372.877 00372.194 00375.617 00655.105 00738.979 00736.854 00735.600 00731.959 00725.428 00648.314 00689.718 00504.063 00283.989 00246.262 00269.112 00308.121 00270.236 00273.418 00275.733 00310.404 00248.662 00269.312 00414.524 00406.788 00388.305 00350.531 00299.511 00282.994 00267.475 00253.694 00240.475 00233.274 00232.709 00235.091 00230.098 00225.111 00165.681 00163.277 00161.269
00124.137 00123.452 00122.775 00122.470 00393.847 00393.314 00391.728 00396.478 00394.829 00388.952 00385.493 00385.688 00383.992 00382.265 00380.178 00378.088 00377.257 00376.166 00374.813 00373.967 00373.250 00372.934 00371.175 00369.453 00367.831 00690.824 00740.825 00594.124 00719.363 00681.253 00717.918 00712.165 00711.124 00694.603 00699.903 00700.831 00566.602 00282.697 00283.083 00280.575 00252.968 00297.307 00406.908 00410.337 00392.526 00350.060 00304.640 00276.481 00260.078 00246.580 00236.880 00233.735 00236.735 00233.302 00230.329 00223.950 00214.817 00164.689 00162.848 00161.310
00124.750 00123.897 00123.454 00122.741 00392.790 00391.031 00388.471 00393.194 00393.987 00392.146 00384.851 00382.821 00380.770 00379.088 00378.327 00377.045 00375.772 00374.989 00374.329 00373.525 00371.744 00370.014 00368.340 00366.852 00365.529 00338.584 00556.171 00519.382 00317.630 00487.360 00726.729 00722.346 00708.889 00715.297 00700.578 00694.247 00688.573 00426.296 00321.524 00266.072 00298.774 00411.491 00412.118 00393.301 00348.782 00292.058 00271.552 00254.492 00242.735 00236.568 00239.650 00235.965 00232.338 00227.685 00223.823 00231.739 00173.261 00165.898 00163.761 00161.418
00126.745 00126.464 00125.556 00124.688 00339.103 00388.348 00388.177 00389.725 00393.000 00389.188 00381.333 00379.945 00379.226 00377.895 00376.829 00376.072 00375.742 00374.085 00372.094 00370.536 00368.847 00367.588 00365.364 00362.540 00360.098 00336.751 00300.284 00299.261 00295.795 00292.926 00292.930 00290.429 00514.056 00703.236 00698.405 00702.548 00703.944 00701.990 00677.688 00285.577 00416.267 00416.549 00393.053 00345.704 00283.147 00263.330 00248.558 00240.549 00239.857 00238.965 00234.703 00231.756 00226.457 00229.757 00230.450 00223.777 00165.212 00163.060 00160.944 00158.633
00127.071 00126.297 00125.546 00124.925 00255.841 00388.139 00386.513 00389.769 00389.434 00383.470 00380.105 00378.444 00377.907 00377.304 00376.581 00374.609 00372.830 00371.035 00369.382 00368.099 00365.096 00362.367 00359.855 00357.651 00355.793 00332.393 00298.335 00295.080 00292.626 00290.662 00288.683 00286.670 00284.094 00662.316 00601.785 00709.557 00695.010 00667.989 00687.175 00409.951 00335.094 00400.929 00338.145 00277.244 00254.385 00241.669 00241.046 00243.688 00237.274 00233.642 00229.240 00230.063 00234.500 00228.696 00220.812 00213.539 00161.736 00159.509 00157.544 00155.391
