ashley_2/OUTPUT_2/raster.fli
north:    392658.625000
south:    384678.625000
east:     169279.328125
west:     157819.328125
rows:     266
cols:     382
[rows 234 to 259 of 266, columns 240 to 299 of 382]
00128.782 00127.896 00126.994 00126.060 00172.418 00385.077 00383.762 00386.253 00387.685 00383.235 00379.006 00378.614 00377.153 00375.193 00373.351 00371.454 00370.371 00367.785 00364.636 00362.083 00359.625 00357.709 00356.032 00354.564 00353.154 00326.422 00296.138 00293.993 00291.757 00288.829 00286.023 00283.213 00280.524 00277.740 00283.392 00644.283 00694.564 00589.233 00684.704 00320.744 00288.384 00314.609 00262.879 00246.411 00243.077 00246.106 00241.992 00236.613 00233.053 00231.730 00234.202 00233.052 00224.261 00214.897 00210.186 00182.788 00159.345 00157.169 00155.167 00153.096
00129.520 00128.786 00127.971 00127.167 00126.657 00385.854 00383.044 00382.762 00385.448 00383.873 00377.703 00375.688 00373.763 00372.370 00370.743 00367.232 00364.453 00361.686 00359.553 00357.841 00356.358 00354.885 00353.524 00352.222 00351.258 00320.134 00294.013 00290.973 00287.974 00285.030 00281.579 00277.917 00275.072 00272.561 00269.698 00269.026 00464.540 00388.808 00290.588 00276.344 00265.204 00252.713 00244.970 00247.454 00245.376 00239.694 00234.655 00232.588 00236.294 00234.148 00229.167 00219.253 00209.746 00206.472 00202.331 00159.199 00157.190 00155.236 00153.136 00151.363
00129.860 00129.170 00128.387 00128.827 00128.524 00385.710 00383.740 00381.265 00382.995 00378.397 00374.148 00372.294 00370.408 00366.938 00364.015 00361.536 00359.722 00358.151 00356.527 00355.227 00353.927 00352.881 00351.755 00349.373 00346.771 00306.989 00288.838 00285.682 00281.930 00279.317 00276.510 00274.116 00271.333 00266.694 00263.891 00262.291 00259.871 00264.502 00253.461 00251.466 00249.125 00250.865 00248.628 00242.972 00236.880 00234.985 00239.128 00236.308 00230.827 00222.472 00216.055 00208.777 00206.330 00199.237 00194.397 00156.770 00154.822 00152.827 00150.959 00149.175
00130.277 00129.388 00129.768 00129.303 00128.565 00386.077 00383.017 00377.513 00375.013 00372.889 00370.893 00366.951 00363.704 00361.718 00360.042 00358.354 00356.989 00355.623 00354.350 00353.615 00351.198 00348.518 00345.261 00342.268 00339.909 00289.049 00284.379 00281.132 00278.378 00274.646 00270.870 00267.777 00263.438 00259.839 00257.399 00255.863 00253.572 00258.292 00256.363 00254.650 00252.996 00246.547 00239.920 00237.508 00241.326 00238.946 00234.122 00227.855 00218.908 00213.983 00209.192 00204.303 00197.459 00195.935 00160.875 00160.061 00159.093 00156.893 00155.028 00153.212
00131.642 00131.927 00130.884 00130.281 00129.475 00382.302 00375.750 00373.362 00369.718 00365.761 00363.759 00361.957 00360.345 00358.763 00357.405 00356.102 00355.317 00353.032 00350.149 00346.828 00343.677 00341.182 00338.761 00336.468 00334.240 00282.046 00278.046 00274.038 00270.335 00266.709 00263.196 00260.731 00257.520 00260.853 00259.661 00260.011 00259.037 00256.679 00254.042 00252.403 00245.777 00239.978 00239.246 00240.767 00237.269 00230.848 00222.023 00215.082 00213.736 00210.184 00200.421 00198.240 00210.909 00208.303 00161.441 00158.971 00157.133 00155.302 00153.176 00151.011
00133.641 00133.102 00132.309 00131.858 00130.446 00367.189 00368.491 00365.794 00363.766 00362.263 00360.627 00359.197 00357.901 00357.021 00354.973 00352.164 00348.448 00345.061 00342.322 00339.927 00337.659 00335.282 00331.030 00326.995 00322.789 00272.729 00269.384 00266.600 00269.921 00268.454 00266.944 00264.717 00261.902 00259.926 00257.950 00255.785 00254.614 00252.265 00250.518 00249.203 00241.465 00243.593 00239.046 00233.002 00224.003 00218.995 00216.496 00213.569 00207.132 00201.754 00204.826 00204.854 00205.150 00199.480 00158.974 00156.778 00154.807 00152.983 00150.699 00148.583
00134.977 00133.684 00133.265 00132.188 00131.323 00361.352 00364.206 00362.522 00360.882 00359.633 00358.760 00356.946 00354.240 00350.091 00346.435 00343.715 00341.079 00338.880 00335.888 00331.195 00326.525 00321.744 00318.558 00317.103 00318.473 00275.122 00273.553 00271.657 00269.133 00266.644 00264.313 00260.449 00257.626 00255.989 00255.369 00253.673 00252.045 00252.173 00252.968 00252.050 00242.451 00234.449 00227.324 00219.627 00217.223 00215.307 00209.081 00205.811 00206.221 00202.387 00202.827 00198.880 00197.547 00159.606 00156.790 00154.824 00153.250 00151.441 00149.052 00146.786
00135.681 00133.584 00132.971 00132.415 00131.739 00362.892 00361.456 00359.958 00358.844 00356.226 00351.785 00347.885 00344.767 00341.705 00337.795 00335.454 00331.007 00325.352 00320.420 00318.916 00320.641 00324.489 00324.523 00324.123 00295.115 00273.241 00270.633 00268.039 00265.497 00262.789 00260.730 00257.806 00255.205 00258.498 00257.086 00255.547 00253.564 00251.352 00248.808 00246.640 00228.199 00222.234 00218.775 00216.903 00213.062 00206.722 00205.271 00204.264 00199.712 00198.473 00197.428 00197.488 00191.422 00156.672 00153.111 00151.092 00149.816 00147.697 00145.495 00143.105
00135.401 00134.461 00133.443 00132.896 00132.093 00360.045 00357.032 00354.154 00349.252 00346.137 00342.720 00338.173 00334.479 00330.632 00326.832 00322.544 00319.677 00330.117 00328.506 00326.744 00324.869 00323.033 00321.236 00319.429 00271.950 00269.285 00266.841 00265.013 00264.303 00264.223 00262.542 00259.355 00257.211 00255.014 00251.490 00247.968 00245.592 00243.265 00241.910 00226.004 00220.673 00217.224 00213.610 00209.095 00206.128 00200.992 00199.335 00197.753 00202.847 00200.520 00196.637 00193.200 00159.574 00152.655 00150.944 00148.960 00147.182 00145.052 00142.746 00140.179
00136.883 00135.748 00134.615 00133.916 00132.999 00352.359 00348.028 00343.604 00338.927 00334.644 00330.260 00325.979 00322.295 00322.591 00330.544 00329.208 00327.477 00325.436 00323.678 00321.793 00319.863 00318.019 00316.909 00316.192 00272.180 00270.902 00268.828 00265.793 00262.621 00259.559 00256.678 00250.657 00247.956 00246.621 00244.521 00242.352 00240.028 00238.349 00237.049 00219.708 00215.281 00211.077 00207.309 00201.374 00199.635 00199.324 00201.959 00201.388 00197.454 00198.422 00194.980 00187.344 00153.082 00151.051 00149.475 00147.536 00145.462 00143.364 00141.024 00138.651
00137.626 00136.901 00135.832 00134.746 00134.127 00339.222 00334.338 00329.363 00324.828 00324.449 00332.945 00331.554 00330.144 00328.230 00326.127 00324.286 00322.223 00320.163 00318.841 00318.200 00319.629 00320.701 00320.219 00316.020 00268.532 00265.160 00261.400 00257.689 00254.115 00251.071 00248.690 00244.887 00243.330 00241.372 00240.039 00238.531 00236.729 00234.907 00233.778 00212.561 00207.533 00202.683 00200.159 00202.561 00203.415 00200.962 00207.242 00200.482 00193.943 00190.706 00187.084 00162.625 00152.441 00150.471 00148.735 00146.923 00145.114 00142.645 00140.374 00136.889
00137.000 00136.341 00136.047 00135.449 00134.625 00325.796 00328.548 00333.881 00332.625 00331.039 00328.916 00326.853 00324.721 00322.611 00320.781 00320.208 00320.768 00322.560 00322.381 00319.837 00316.336 00313.097 00308.515 00274.810 00258.540 00255.892 00253.348 00250.970 00248.581 00246.590 00244.476 00241.328 00239.823 00237.471 00235.988 00233.902 00231.777 00230.463 00208.862 00205.226 00201.037 00207.199 00203.772 00203.795 00204.984 00201.615 00194.521 00191.462 00189.154 00183.234 00176.634 00149.901 00148.065 00146.540 00144.769 00142.554 00140.770 00138.148 00136.259 00132.137
00136.849 00136.407 00135.699 00134.990 00231.433 00333.794 00331.734 00329.391 00327.341 00325.066 00322.870 00322.215 00322.107 00324.191 00324.467 00322.652 00318.576 00315.421 00309.939 00304.886 00302.788 00301.029 00299.433 00256.334 00253.916 00251.362 00249.215 00246.986 00244.360 00241.837 00239.163 00235.939 00234.138 00231.860 00230.611 00228.952 00227.548 00226.468 00209.937 00208.424 00204.840 00203.968 00207.246 00201.669 00195.986 00191.642 00188.645 00182.312 00174.447 00171.786 00149.569 00147.149 00145.423 00143.639 00141.959 00139.900 00137.870 00135.110 00132.016 00126.230
00137.037 00136.260 00135.875 00135.192 00314.555 00327.636 00325.275 00324.186 00323.778 00325.859 00326.279 00326.798 00320.511 00314.426 00311.246 00308.270 00303.852 00302.313 00300.514 00298.959 00297.561 00296.099 00290.592 00251.007 00248.120 00245.624 00243.287 00240.810 00238.735 00235.652 00233.761 00231.710 00229.690 00230.474 00231.691 00231.594 00230.262 00209.914 00206.769 00205.287 00207.877 00203.050 00196.575 00191.278 00185.239 00179.462 00174.650 00171.848 00170.579 00168.659 00146.496 00144.963 00143.096 00141.587 00139.846 00138.213 00135.613 00132.476 00126.577 00017.052
00136.899 00136.066 00135.423 00135.226 00325.897 00327.200 00328.191 00325.177 00322.254 00319.428 00312.640 00309.447 00306.391 00303.895 00301.778 00299.680 00297.905 00296.223 00294.082 00291.523 00289.830 00288.200 00247.741 00245.496 00243.150 00241.178 00240.106 00239.313 00238.810 00237.616 00235.814 00234.215 00232.233 00231.264 00229.191 00227.839 00228.491 00212.688 00208.292 00202.914 00196.126 00189.505 00183.025 00177.587 00174.378 00171.560 00169.118 00168.036 00167.655 00146.531 00145.155 00143.075 00141.236 00138.877 00136.179 00131.258 00126.224 00120.766 00119.460 00015.036
00137.175 00136.371 00135.481 00134.969 00325.080 00322.049 00316.755 00311.572 00307.046 00304.927 00302.738 00300.782 00298.942 00297.153 00295.365 00292.932 00290.648 00288.597 00287.357 00286.125 00287.372 00288.828 00248.995 00247.507 00245.192 00243.014 00240.783 00237.112 00235.030 00233.344 00230.979 00237.547 00236.723 00234.548 00232.454 00231.032 00221.430 00201.480 00194.569 00187.790 00181.898 00177.017 00173.651 00171.627 00169.484 00166.947 00176.185 00172.291 00164.619 00146.697 00145.489 00143.507 00140.993 00136.140 00131.832 00127.714 00125.369 00124.549 00016.622 -0001.000
00136.970 00136.486 00135.875 00229.383 00307.749 00305.834 00303.712 00301.820 00299.887 00297.851 00295.339 00292.712 00290.474 00289.430 00288.200 00289.735 00290.534 00290.833 00290.741 00289.326 00287.922 00256.736 00244.951 00242.309 00245.222 00245.796 00244.719 00240.538 00237.648 00235.621 00234.018 00232.617 00230.082 00227.076 00224.383 00222.251 00191.104 00185.465 00180.671 00175.013 00175.086 00172.003 00177.636 00178.767 00176.293 00173.531 00168.925 00167.845 00146.189 00144.237 00142.462 00139.432 00134.736 00129.583 00126.546 00126.409 00126.644 00017.744 00013.890 -0001.000
00136.607 00136.008 00135.683 00301.764 00300.743 00297.839 00294.753 00292.680 00291.567 00290.961 00292.695 00293.242 00293.104 00292.090 00289.290 00288.029 00290.299 00286.607 00288.826 00292.842 00294.063 00251.425 00248.166 00244.864 00241.296 00237.778 00234.497 00231.069 00227.248 00226.922 00223.910 00219.495 00217.257 00215.341 00213.563 00198.963 00179.030 00174.724 00171.524 00176.614 00181.672 00179.514 00175.854 00173.115 00169.266 00163.861 00157.310 00141.996 00140.613 00138.575 00133.525 00128.606 00124.015 00124.190 00123.923 00123.636 00122.888 00015.666 -0001.000 -0001.000
00136.508 00135.779 00152.522 00294.328 00293.816 00295.068 00295.574 00295.475 00294.185 00292.771 00291.325 00290.306 00289.658 00291.628 00292.404 00294.101 00293.945 00295.180 00288.000 00281.364 00262.078 00237.067 00233.742 00230.640 00227.749 00224.935 00222.538 00219.595 00216.646 00215.181 00212.898 00210.983 00209.103 00207.848 00205.877 00175.920 00180.795 00188.197 00181.886 00179.391 00172.739 00168.868 00160.249 00155.660 00150.579 00146.479 00141.527 00136.295 00133.624 00129.592 00123.954 00123.880 00124.760 00126.777 00125.654 00123.830 00016.947 -0001.000 -0001.000 -0001.000
00136.258 00135.733 00297.929 00296.777 00295.000 00293.637 00292.958 00292.645 00294.975 00297.474 00298.941 00297.256 00289.001 00283.491 00279.155 00276.012 00270.830 00266.537 00265.497 00262.189 00226.254 00223.863 00221.442 00219.029 00216.383 00213.805 00211.063 00207.327 00203.587 00214.636 00214.156 00214.448 00215.482 00216.989 00194.558 00186.483 00180.012 00172.997 00164.064 00158.896 00152.747 00145.730 00144.152 00139.012 00136.565 00131.824 00129.290 00125.255 00122.556 00118.707 00119.173 00120.623 00121.077 00120.801 00119.410 00018.529 00014.052 -0001.000 -0001.000 -0001.000
00135.812 00135.422 00295.351 00297.361 00299.147 00295.744 00293.340 00289.990 00285.293 00278.680 00272.284 00266.545 00260.971 00258.039 00255.169 00252.689 00252.590 00252.280 00251.110 00218.311 00233.289 00233.526 00232.285 00231.691 00230.707 00229.616 00228.100 00224.011 00221.836 00219.762 00217.025 00214.065 00211.724 00209.115 00174.796 00163.910 00153.295 00146.649 00141.320 00140.350 00136.345 00134.401 00132.575 00130.725 00127.408 00124.955 00120.275 00116.609 00116.091 00117.623 00119.377 00119.881 00118.945 00117.418 00086.322 00015.766 -0001.000 -0001.000 -0001.000 -0001.000
00136.202 00251.180 00289.787 00281.056 00271.483 00266.491 00260.954 00249.800 00247.895 00246.996 00242.918 00239.676 00238.686 00237.196 00235.887 00236.921 00235.161 00233.954 00253.665 00239.885 00236.235 00223.651 00220.592 00217.742 00214.590 00211.523 00208.046 00202.784 00200.921 00198.949 00196.660 00195.945 00194.601 00154.373 00124.464 00120.068 00119.192 00121.714 00118.351 00120.888 00121.061 00116.547 00112.313 00107.156 00113.670 00112.228 00112.343 00115.851 00117.990 00119.127 00118.789 00116.728 00114.740 00110.997 00016.688 -0001.000 -0001.000 -0001.000 -0001.000 -0001.000
00130.356 00223.151 00212.628 00219.704 00216.321 00210.852 00219.794 00216.993 00222.031 00220.392 00216.421 00215.128 00218.322 00217.135 00217.660 00217.226 00217.419 00216.398 00168.337 00153.535 00162.987 00167.308 00179.815 00188.690 00185.001 00185.324 00184.734 00183.485 00182.554 00181.417 00180.272 00180.198 00378.723 00308.972 00342.820 00079.986 00090.086 00098.451 00102.075 00101.842 00099.659 00097.079 00105.135 00104.905 00105.960 00109.211 00111.609 00113.131 00112.942 00112.305 00111.391 00109.417 00108.224 00016.688 -0001.000 -0001.000 -0001.000 -0001.000 -0001.000 -0001.000
00352.331 00140.732 00123.005 00141.571 00154.653 00158.720 00163.579 00165.463 00165.552 00163.863 00171.356 00173.901 00178.386 00183.719 00186.264 00187.159 00184.497 00172.968 00174.864 00175.845 00178.635 00182.648 00146.039 00144.423 00142.591 00155.147 00158.254 00165.152 00160.543 00156.511 00156.526 00270.881 00269.933 00264.991 00259.320 00120.810 00079.198 00078.904 00080.438 00083.689 00085.693 00101.758 00104.335 00107.355 00109.971 00109.571 00106.629 00105.876 00105.238 00105.141 00104.995 00103.651 00017.175 -0001.000 -0001.000 -0001.000 -0001.000 -0001.000 -0001.000 -0001.000
00239.804 00260.140 00241.282 00232.389 00239.570 00254.989 00177.094 00118.048 00133.834 00139.465 00141.965 00144.650 00148.859 00152.219 00155.037 00141.990 00142.778 00141.972 00143.918 00147.247 00149.864 00152.040 00153.895 00152.777 00153.136 00367.667 00371.137 00264.450 00177.501 00231.640 00205.555 00209.689 00237.310 00245.675 00253.151 00245.360 00166.772 00062.286 00078.401 00090.607 00093.363 00096.371 00098.467 00099.467 00101.454 00102.748 00103.161 00104.000 00103.646 00099.812 00019.741 00016.866 -0001.000 -0001.000 -0001.000 -0001.000 -0001.000 -0001.000 -0001.000 -0001.000
00398.299 00459.657 00257.622 00248.647 00230.686 00234.702 00220.188 00219.440 00236.416 00259.738 00273.287 00253.733 00123.071 00115.682 00123.073 00127.585 00129.369 00128.168 00127.387 00128.015 00127.820 00126.288 00128.039 00295.929 00321.841 00302.064 00302.368 00231.945 00187.419 00181.381 00202.884 00207.195 00196.112 00195.488 00204.909 00218.831 00270.850 00261.361 00115.764 00081.450 00087.074 00088.702 00090.159 00091.252 00093.962 00094.141 00094.295 00093.344 00095.247 00019.057 00016.143 -0001.000 -0001.000 -0001.000 -0001.000 -0001.000 -0001.000 -0001.000 -0001.000 -0001.000
