ashley_2/OUTPUT_2/raster.toa
north:    392658.625000
south:    384678.625000
east:     169279.328125
west:     157819.328125
rows:     266
cols:     382
[rows 156 to 181 of 266, columns 240 to 299 of 382]
00020.616 00020.434 00020.257 00020.151 00020.203 00020.512 00020.827 00021.193 00021.510 00021.874 -0001.000 -0001.000 -0001.000 -0001.000 -0001.000 -0001.000 -0001.000 -0001.000 -0001.000 -0001.000 -0001.000 -0001.000 00021.748 00021.440 00021.349 00021.896 -0001.000 -0001.000 -0001.000 00021.803 00021.162 00020.700 00020.412 00020.534 00020.595 00020.537 00020.448 00020.459 00020.558 00020.702 00020.860 00021.113 00021.497 -0001.000 -0001.000 -0001.000 -0001.000 -0001.000 -0001.000 -0001.000 -0001.000 -0001.000 -0001.000 -0001.000 -0001.000 -0001.000 -0001.000 -0001.000 -0001.000 -0001.000
00020.466 00020.253 00020.087 00019.992 00020.134 00020.409 00020.649 00020.901 00021.181 00021.608 -0001.000 -0001.000 -0001.000 -0001.000 -0001.000 -0001.000 -0001.000 -0001.000 -0001.000 -0001.000 00021.922 00021.359 00020.952 00020.701 00020.817 00021.173 00021.440 00021.902 -0001.000 00021.793 00020.867 00020.334 00020.201 00020.276 00020.422 00020.359 00020.343 00020.436 00020.559 00020.695 00020.849 00021.042 00021.506 -0001.000 -0001.000 -0001.000 -0001.000 -0001.000 -0001.000 -0001.000 -0001.000 -0001.000 -0001.000 -0001.000 -0001.000 -0001.000 -0001.000 -0001.000 -0001.000 -0001.000
00020.255 00020.044 00019.964 00019.933 00019.998 00020.253 00020.414 00020.617 00020.969 00021.520 00021.694 -0001.000 -0001.000 -0001.000 -0001.000 -0001.000 -0001.000 00021.786 00021.515 00021.383 00021.388 00020.676 00020.311 00020.254 00020.508 00020.540 00020.766 00021.173 00021.637 00021.042 00020.703 00020.153 00020.075 00020.164 00020.182 00020.245 00020.335 00020.444 00020.569 00020.710 00020.872 00021.108 00021.559 -0001.000 -0001.000 -0001.000 -0001.000 -0001.000 -0001.000 -0001.000 -0001.000 -0001.000 -0001.000 -0001.000 -0001.000 -0001.000 -0001.000 -0001.000 -0001.000 -0001.000
00020.055 00019.945 00019.898 00019.874 00019.918 00019.977 00020.231 00020.543 00020.842 00020.993 00021.302 00021.845 -0001.000 -0001.000 -0001.000 -0001.000 00021.704 00021.240 00020.990 00020.842 00020.819 00020.272 00019.953 00019.976 00019.963 00020.063 00020.467 00020.630 00020.931 00020.297 00020.132 00019.988 00019.996 00020.024 00020.106 00020.229 00020.342 00020.467 00020.606 00020.763 00020.924 00021.180 00021.608 -0001.000 -0001.000 -0001.000 -0001.000 -0001.000 -0001.000 -0001.000 -0001.000 -0001.000 -0001.000 -0001.000 -0001.000 -0001.000 -0001.000 -0001.000 -0001.000 -0001.000
00019.949 00019.877 00019.837 00019.817 00019.824 00019.914 00020.138 00020.350 00020.445 00020.634 00020.977 00021.477 -0001.000 -0001.000 00021.904 00021.730 00021.266 00020.720 00020.493 00020.370 00020.386 00020.192 00019.874 00019.840 00019.858 00019.956 00020.005 00020.268 00020.538 00019.941 00019.927 00019.944 00019.957 00019.997 00020.108 00020.231 00020.364 00020.511 00020.671 00020.822 00020.965 00021.306 00021.749 -0001.000 -0001.000 -0001.000 -0001.000 -0001.000 -0001.000 -0001.000 -0001.000 -0001.000 -0001.000 -0001.000 -0001.000 -0001.000 -0001.000 -0001.000 -0001.000 -0001.000
00019.878 00019.810 00019.778 00019.769 00019.786 00019.805 00019.964 00019.967 00020.126 00020.476 00020.799 00021.194 00021.470 00021.433 00021.234 00021.135 00020.708 00020.198 00020.010 00019.938 00020.008 00019.856 00019.797 00019.808 00019.806 00019.805 00019.897 00020.069 00020.231 00019.876 00019.887 00019.905 00019.930 00019.995 00020.112 00020.246 00020.402 00020.565 00020.724 00020.849 00021.039 00021.483 00021.935 -0001.000 -0001.000 -0001.000 -0001.000 -0001.000 -0001.000 -0001.000 -0001.000 -0001.000 -0001.000 -0001.000 -0001.000 -0001.000 -0001.000 -0001.000 -0001.000 -0001.000
00019.807 00019.743 00019.732 00019.702 00019.675 00019.697 00019.731 00019.763 00020.047 00020.393 00020.635 00020.749 00020.997 00020.754 00020.657 00020.550 00020.121 00019.787 00019.682 00019.686 00019.739 00019.707 00019.747 00019.758 00019.754 00019.757 00019.807 00019.836 00019.990 00019.828 00019.846 00019.871 00019.908 00019.994 00020.121 00020.276 00020.441 00020.608 00020.749 00020.859 00021.022 00021.446 00021.673 00021.879 -0001.000 -0001.000 -0001.000 -0001.000 -0001.000 -0001.000 -0001.000 00021.922 00021.880 00021.840 00021.926 -0001.000 -0001.000 -0001.000 -0001.000 -0001.000
00019.736 00019.683 00019.675 00019.637 00019.627 00019.647 00019.644 00019.756 00020.054 00020.210 00020.241 00020.442 00020.418 00020.152 00020.091 00020.053 00019.715 00019.590 00019.589 00019.614 00019.648 00019.685 00019.707 00019.706 00019.708 00019.715 00019.723 00019.752 00019.779 00019.792 00019.814 00019.843 00019.897 00019.993 00020.145 00020.311 00020.483 00020.640 00020.761 00020.865 00021.048 00021.264 00021.543 00021.780 -0001.000 -0001.000 -0001.000 -0001.000 00021.898 00021.736 00021.584 00021.469 00021.474 00021.399 00021.313 -0001.000 -0001.000 -0001.000 -0001.000 -0001.000
00019.658 00019.650 00019.619 00019.586 00019.593 00019.588 00019.631 00019.821 00019.860 00019.857 00019.961 00020.061 00019.883 00019.798 00019.730 00019.752 00019.543 00019.535 00019.562 00019.595 00019.628 00019.657 00019.659 00019.657 00019.663 00019.678 00019.692 00019.712 00019.743 00019.768 00019.788 00019.818 00019.892 00020.017 00020.184 00020.364 00020.523 00020.698 00020.827 00020.891 00020.885 00021.097 00021.278 00021.635 00021.943 00021.801 00021.721 00021.687 00021.476 00021.348 00021.165 00021.144 00020.965 00020.913 00020.777 -0001.000 00021.143 -0001.000 -0001.000 -0001.000
00019.586 00019.590 00019.555 00019.538 00019.583 00019.579 00019.630 00019.573 00019.584 00019.634 00019.790 00019.709 00019.530 00019.485 00019.457 00019.516 00019.487 00019.509 00019.542 00019.577 00019.610 00019.614 00019.613 00019.618 00019.628 00019.643 00019.668 00019.694 00019.727 00019.746 00019.766 00019.795 00019.907 00020.074 00020.261 00020.433 00020.762 00020.730 00020.566 00020.533 00020.687 00020.900 00021.033 00021.427 00021.537 00021.383 00021.325 00021.254 00021.103 00020.981 00020.851 00020.745 00020.599 00020.599 00020.692 00020.851 00021.015 00021.163 00021.296 00021.445
00019.436 00019.546 00019.497 00019.523 00019.519 00019.469 00019.363 00019.362 00019.339 00019.454 00019.428 00019.391 00019.349 00019.361 00019.393 00019.429 00019.454 00019.488 00019.522 00019.555 00019.568 00019.572 00019.571 00019.580 00019.596 00019.618 00019.646 00019.676 00019.703 00019.722 00019.742 00019.799 00019.988 00020.183 00020.547 00021.045 00020.552 00020.240 00020.098 00020.194 00020.552 00020.736 00020.846 00021.184 00021.138 00021.021 00020.985 00020.892 00020.772 00020.592 00020.509 00020.505 00020.525 00020.602 00020.689 00020.814 00020.967 00021.138 00021.321 00021.486
00019.289 00019.384 00019.465 00019.498 00019.447 00019.311 00019.239 00019.207 00019.209 00019.290 00019.264 00019.277 00019.304 00019.335 00019.370 00019.398 00019.432 00019.466 00019.499 00019.524 00019.525 00019.529 00019.536 00019.547 00019.565 00019.594 00019.627 00019.660 00019.677 00019.694 00019.714 00019.866 00020.180 00020.279 00020.410 00020.452 00019.974 00019.929 00019.944 00020.070 00020.231 00020.392 00020.705 00020.826 00020.793 00020.687 00020.611 00020.502 00020.408 00020.368 00020.389 00020.460 00020.536 00020.619 00020.698 00020.802 00020.971 00021.195 00021.377 00021.563
00019.151 00019.210 00019.433 00019.473 00019.380 00019.240 00019.180 00019.165 00019.186 00019.208 00019.229 00019.252 00019.279 00019.313 00019.340 00019.375 00019.411 00019.444 00019.477 00019.475 00019.479 00019.484 00019.497 00019.515 00019.538 00019.569 00019.604 00019.633 00019.645 00019.660 00019.680 00019.788 00019.804 00019.842 00019.927 00019.923 00019.853 00019.883 00019.915 00019.946 00020.023 00020.219 00020.496 00020.547 00020.451 00020.362 00020.301 00020.291 00020.275 00020.325 00020.397 00020.470 00020.553 00020.632 00020.707 00020.845 00021.042 00021.232 00021.440 00021.635
00019.003 00019.176 00019.229 00019.365 00019.347 00019.173 00019.125 00019.143 00019.169 00019.187 00019.210 00019.232 00019.263 00019.293 00019.320 00019.353 00019.388 00019.421 00019.431 00019.432 00019.434 00019.445 00019.461 00019.480 00019.509 00019.543 00019.579 00019.594 00019.606 00019.623 00019.644 00019.670 00019.696 00019.728 00019.760 00019.793 00019.822 00019.854 00019.885 00019.919 00019.954 00020.099 00020.202 00020.294 00020.193 00020.164 00020.169 00020.208 00020.267 00020.336 00020.405 00020.484 00020.568 00020.645 00020.745 00020.907 00021.101 00021.311 00021.533 00021.755
00018.933 00018.961 00019.102 00019.194 00019.227 00019.110 00019.100 00019.126 00019.147 00019.170 00019.193 00019.222 00019.245 00019.272 00019.303 00019.334 00019.366 00019.388 00019.385 00019.387 00019.392 00019.404 00019.425 00019.449 00019.481 00019.516 00019.542 00019.554 00019.568 00019.588 00019.613 00019.637 00019.667 00019.700 00019.734 00019.762 00019.793 00019.825 00019.857 00019.892 00019.930 00019.967 00020.091 00020.062 00020.079 00020.111 00020.152 00020.209 00020.278 00020.345 00020.419 00020.499 00020.580 00020.659 00020.801 00021.000 00021.219 00021.446 00021.684 00021.908
00018.864 00018.909 00018.959 00019.082 00019.060 00019.054 00019.077 00019.101 00019.125 00019.152 00019.181 00019.206 00019.234 00019.262 00019.292 00019.318 00019.348 00019.342 00019.343 00019.344 00019.353 00019.368 00019.387 00019.418 00019.454 00019.493 00019.503 00019.515 00019.534 00019.556 00019.581 00019.609 00019.642 00019.678 00019.703 00019.733 00019.765 00019.796 00019.832 00019.867 00019.904 00019.941 00019.975 00020.007 00020.049 00020.093 00020.148 00020.215 00020.284 00020.355 00020.433 00020.511 00020.605 00020.764 00020.972 00021.186 00021.418 00021.664 00021.919 -0001.000
00018.817 00018.862 00018.915 00018.964 00019.006 00019.032 00019.057 00019.077 00019.103 00019.133 00019.163 00019.194 00019.224 00019.258 00019.280 00019.306 00019.312 00019.305 00019.303 00019.306 00019.316 00019.332 00019.357 00019.391 00019.430 00019.451 00019.465 00019.481 00019.502 00019.528 00019.553 00019.585 00019.617 00019.647 00019.676 00019.707 00019.738 00019.772 00019.807 00019.843 00019.879 00019.916 00019.951 00019.985 00020.025 00020.077 00020.143 00020.213 00020.287 00020.365 00020.444 00020.517 00020.651 00020.895 00021.138 00021.388 00021.643 00021.891 -0001.000 -0001.000
00018.787 00018.832 00018.881 00018.928 00018.972 00019.012 00019.033 00019.054 00019.082 00019.116 00019.149 00019.182 00019.217 00019.242 00019.269 00019.290 00019.282 00019.274 00019.272 00019.278 00019.290 00019.303 00019.331 00019.367 00019.398 00019.411 00019.425 00019.448 00019.473 00019.497 00019.527 00019.559 00019.593 00019.621 00019.651 00019.682 00019.714 00019.749 00019.785 00019.819 00019.855 00019.890 00019.929 00019.965 00019.999 00020.058 00020.128 00020.208 00020.289 00020.366 00020.437 00020.551 00020.747 00020.968 00021.234 00021.510 00021.794 -0001.000 -0001.000 -0001.000
00018.762 00018.808 00018.853 00018.897 00018.943 00018.980 00019.009 00019.032 00019.064 00019.098 00019.136 00019.172 00019.201 00019.229 00019.260 00019.258 00019.251 00019.247 00019.250 00019.256 00019.266 00019.283 00019.312 00019.353 00019.357 00019.370 00019.389 00019.415 00019.443 00019.471 00019.505 00019.541 00019.567 00019.597 00019.627 00019.658 00019.693 00019.728 00019.763 00019.798 00019.833 00019.868 00019.905 00019.943 00019.980 00020.032 00020.109 00020.191 00020.270 00020.341 00020.406 00020.495 00020.694 00020.913 00021.205 00021.521 00021.811 -0001.000 -0001.000 -0001.000
00018.741 00018.784 00018.827 00018.867 00018.903 00018.943 00018.979 00019.010 00019.040 00019.080 00019.122 00019.157 00019.186 00019.215 00019.232 00019.226 00019.221 00019.219 00019.227 00019.237 00019.249 00019.270 00019.303 00019.321 00019.324 00019.334 00019.353 00019.383 00019.412 00019.448 00019.480 00019.515 00019.543 00019.574 00019.605 00019.637 00019.671 00019.708 00019.743 00019.779 00019.812 00019.848 00019.885 00019.923 00019.963 00020.003 00020.077 00020.150 00020.226 00020.291 00020.346 00020.452 00020.639 00020.835 00021.069 00021.381 00021.702 -0001.000 00021.944 00021.876
00018.711 00018.753 00018.790 00018.824 00018.862 00018.901 00018.944 00018.982 00019.022 00019.063 00019.108 00019.137 00019.169 00019.204 00019.197 00019.194 00019.193 00019.198 00019.206 00019.217 00019.233 00019.261 00019.296 00019.295 00019.298 00019.305 00019.323 00019.351 00019.383 00019.422 00019.460 00019.489 00019.521 00019.552 00019.583 00019.617 00019.651 00019.688 00019.724 00019.759 00019.793 00019.829 00019.867 00019.906 00019.946 00019.983 00020.033 00020.105 00020.175 00020.237 00020.292 00020.381 00020.547 00020.728 00020.933 00021.223 00021.601 00021.609 00021.454 00021.450
00018.672 00018.705 00018.742 00018.780 00018.821 00018.865 00018.911 00018.958 00019.005 00019.052 00019.080 00019.115 00019.152 00019.162 00019.162 00019.161 00019.163 00019.174 00019.186 00019.198 00019.221 00019.255 00019.269 00019.271 00019.274 00019.284 00019.300 00019.326 00019.361 00019.399 00019.433 00019.465 00019.498 00019.530 00019.563 00019.597 00019.632 00019.668 00019.705 00019.739 00019.775 00019.811 00019.849 00019.889 00019.929 00019.963 00020.001 00020.067 00020.134 00020.196 00020.259 00020.341 00020.496 00020.657 00020.839 00021.093 00021.498 00021.070 00020.988 00021.008
00018.619 00018.658 00018.697 00018.741 00018.787 00018.835 00018.885 00018.935 00018.996 00019.022 00019.055 00019.094 00019.120 00019.120 00019.122 00019.126 00019.135 00019.148 00019.161 00019.180 00019.213 00019.243 00019.243 00019.246 00019.253 00019.263 00019.283 00019.307 00019.341 00019.378 00019.409 00019.443 00019.477 00019.510 00019.544 00019.577 00019.612 00019.648 00019.684 00019.719 00019.754 00019.791 00019.830 00019.871 00019.905 00019.943 00019.982 00020.035 00020.100 00020.167 00020.227 00020.331 00020.491 00020.662 00020.852 00020.982 00020.963 00020.759 00020.740 00020.837
00018.574 00018.616 00018.661 00018.709 00018.759 00018.809 00018.873 00018.913 00018.954 00018.997 00019.033 00019.074 00019.073 00019.076 00019.079 00019.086 00019.098 00019.114 00019.134 00019.166 00019.201 00019.211 00019.215 00019.220 00019.230 00019.244 00019.266 00019.292 00019.323 00019.360 00019.389 00019.424 00019.456 00019.489 00019.523 00019.556 00019.590 00019.626 00019.659 00019.695 00019.731 00019.769 00019.811 00019.844 00019.884 00019.924 00019.966 00020.010 00020.077 00020.127 00020.229 00020.383 00020.508 00020.652 00020.761 00020.681 00020.654 00020.603 00020.660 00020.780
00018.536 00018.583 00018.632 00018.685 00018.746 00018.789 00018.828 00018.874 00018.920 00018.969 00019.016 00019.027 00019.028 00019.031 00019.036 00019.046 00019.061 00019.080 00019.109 00019.146 00019.171 00019.176 00019.184 00019.193 00019.205 00019.225 00019.247 00019.276 00019.310 00019.339 00019.370 00019.402 00019.434 00019.466 00019.499 00019.532 00019.566 00019.599 00019.634 00019.670 00019.708 00019.751 00019.783 00019.822 00019.862 00019.905 00019.949 00019.989 00020.029 00020.079 00020.167 00020.300 00020.436 00020.508 00020.455 00020.473 00020.466 00020.501 00020.615 00020.829
00018.506 00018.561 00018.622 00018.666 00018.704 00018.747 00018.794 00018.843 00018.894 00018.947 00018.965 00018.963 00018.967 00018.975 00018.990 00019.007 00019.025 00019.050 00019.087 00019.120 00019.128 00019.135 00019.146 00019.160 00019.178 00019.200 00019.226 00019.255 00019.288 00019.316 00019.346 00019.376 00019.408 00019.440 00019.473 00019.506 00019.539 00019.572 00019.608 00019.646 00019.685 00019.722 00019.760 00019.800 00019.842 00019.887 00019.931 00019.962 00019.992 00020.035 00020.107 00020.242 00020.335 00020.272 00020.269 00020.322 00020.386 00020.458 00020.596 00020.807
