ashley_2/OUTPUT_2/raster.fli
north:    392658.625000
south:    384678.625000
east:     169279.328125
west:     157819.328125
rows:     266
cols:     382
[rows 156 to 181 of 266, columns 240 to 299 of 382]
00185.121 00070.422 00085.484 00120.515 00182.718 00179.208 00180.473 00109.623 00116.650 00114.624 -0001.000 -0001.000 -0001.000 -0001.000 -0001.000 -0001.000 -0001.000 -0001.000 -0001.000 -0001.000 -0001.000 -0001.000 00059.047 00064.303 00068.445 00053.992 -0001.000 -0001.000 -0001.000 00065.139 00093.095 00081.838 00073.401 00136.505 00157.739 00061.437 00111.581 00159.723 00138.274 00108.093 00091.965 00139.554 00119.932 -0001.000 -0001.000 -0001.000 -0001.000 -0001.000 -0001.000 -0001.000 -0001.000 -0001.000 -0001.000 -0001.000 -0001.000 -0001.000 -0001.000 -0001.000 -0001.000 -0001.000
00048.174 00062.125 00072.876 00278.765 00189.632 00198.762 00207.525 00175.668 00117.432 00099.606 -0001.000 -0001.000 -0001.000 -0001.000 -0001.000 -0001.000 -0001.000 -0001.000 -0001.000 -0001.000 00058.252 00063.030 00076.440 00105.734 00131.374 00067.997 00061.977 00052.254 -0001.000 00068.084 00073.468 00056.945 00108.329 00181.102 00212.821 00175.059 00228.698 00149.118 00123.800 00106.347 00093.792 00056.849 00102.017 -0001.000 -0001.000 -0001.000 -0001.000 -0001.000 -0001.000 -0001.000 -0001.000 -0001.000 -0001.000 -0001.000 -0001.000 -0001.000 -0001.000 -0001.000 -0001.000 -0001.000
00048.514 00061.488 00213.839 00263.470 00259.571 00214.386 00183.128 00177.241 00152.727 00103.308 00104.210 -0001.000 -0001.000 -0001.000 -0001.000 -0001.000 -0001.000 00086.665 00095.863 00093.161 00085.960 00073.524 00087.884 00141.803 00103.978 00104.572 00114.589 00058.244 00062.760 00068.172 00086.298 00065.883 00185.055 00244.953 00261.032 00242.504 00161.406 00138.955 00123.784 00106.675 00093.237 00039.920 00109.123 -0001.000 -0001.000 -0001.000 -0001.000 -0001.000 -0001.000 -0001.000 -0001.000 -0001.000 -0001.000 -0001.000 -0001.000 -0001.000 -0001.000 -0001.000 -0001.000 -0001.000
00048.665 00190.821 00234.823 00294.737 00190.544 00296.102 00200.180 00165.902 00132.535 00139.593 00093.105 00083.126 -0001.000 -0001.000 -0001.000 -0001.000 00077.649 00091.119 00107.242 00121.530 00095.484 00036.245 00163.800 00191.802 00195.107 00144.992 00129.459 00110.024 00094.213 00074.377 00101.705 00330.565 00432.892 00238.521 00153.400 00142.705 00146.404 00126.458 00110.495 00095.638 00098.114 00142.996 00119.485 -0001.000 -0001.000 -0001.000 -0001.000 -0001.000 -0001.000 -0001.000 -0001.000 -0001.000 -0001.000 -0001.000 -0001.000 -0001.000 -0001.000 -0001.000 -0001.000 -0001.000
00137.343 00200.794 00257.704 00346.241 00431.382 00229.941 00187.940 00153.909 00144.119 00157.202 00150.267 00082.442 -0001.000 -0001.000 00078.588 00073.460 00087.458 00097.079 00111.892 00123.029 00118.963 00036.520 00155.910 00330.881 00333.752 00226.668 00223.153 00167.209 00067.626 00213.753 00361.054 00405.786 00453.996 00265.109 00137.047 00138.601 00121.847 00106.179 00101.355 00101.029 00140.221 00119.393 00110.407 -0001.000 -0001.000 -0001.000 -0001.000 -0001.000 -0001.000 -0001.000 -0001.000 -0001.000 -0001.000 -0001.000 -0001.000 -0001.000 -0001.000 -0001.000 -0001.000 -0001.000
00130.656 00210.139 00292.778 00276.995 00341.359 00322.581 00275.258 00244.500 00169.381 00168.350 00177.058 00089.454 00085.778 00071.458 00083.722 00078.374 00079.398 00090.103 00153.732 00207.683 00209.287 00142.988 00259.289 00382.530 00329.133 00366.891 00298.880 00233.085 00108.538 00271.189 00366.408 00401.356 00364.921 00208.426 00138.095 00120.876 00104.879 00099.167 00107.976 00131.183 00128.516 00124.035 00145.727 -0001.000 -0001.000 -0001.000 -0001.000 -0001.000 -0001.000 -0001.000 -0001.000 -0001.000 -0001.000 -0001.000 -0001.000 -0001.000 -0001.000 -0001.000 -0001.000 -0001.000
00141.622 00237.516 00407.468 00213.442 00336.073 00349.057 00301.769 00311.913 00170.595 00167.505 00160.695 00160.347 00119.498 00090.035 00108.618 00106.377 00084.667 00140.179 00199.857 00231.360 00180.386 00389.247 00383.131 00330.430 00345.848 00379.570 00362.721 00412.443 00215.458 00395.295 00357.897 00397.354 00291.104 00183.165 00125.248 00105.591 00099.221 00102.458 00127.115 00152.562 00177.098 00146.723 00191.224 00238.808 -0001.000 -0001.000 -0001.000 -0001.000 -0001.000 -0001.000 -0001.000 00109.338 00114.875 00108.188 00114.037 -0001.000 -0001.000 -0001.000 -0001.000 -0001.000
00150.652 00351.124 00242.942 00275.657 00425.274 00449.220 00443.087 00213.066 00186.874 00171.651 00160.621 00162.539 00081.115 00109.056 00109.527 00129.629 00127.877 00280.870 00437.299 00471.109 00436.866 00386.632 00342.599 00338.284 00377.177 00416.264 00490.379 00498.081 00469.136 00507.491 00435.687 00376.254 00193.969 00158.264 00106.449 00098.935 00092.213 00114.663 00141.355 00136.640 00146.744 00208.019 00201.488 00168.439 -0001.000 -0001.000 -0001.000 -0001.000 00110.978 00134.449 00121.028 00147.570 00119.691 00137.845 00049.267 -0001.000 -0001.000 -0001.000 -0001.000 -0001.000
00182.462 00437.166 00257.579 00342.838 00456.636 00411.656 00305.112 00288.549 00249.034 00237.615 00246.305 00101.033 00148.916 00189.058 00197.348 00233.155 00238.741 00443.577 00469.956 00463.356 00467.785 00371.280 00353.767 00380.160 00425.788 00458.170 00536.426 00553.418 00412.564 00591.942 00509.162 00366.633 00160.755 00115.913 00095.149 00087.783 00104.110 00082.336 00091.187 00179.980 00237.127 00190.311 00197.270 00121.470 00158.450 00114.106 00131.468 00119.293 00128.349 00142.505 00145.289 00169.559 00107.466 00097.288 00078.623 -0001.000 00269.143 -0001.000 -0001.000 -0001.000
00378.657 00265.608 00260.645 00477.814 00424.618 00335.396 00269.024 00240.446 00198.838 00265.525 00218.435 00165.714 00159.630 00194.432 00222.411 00226.719 00368.931 00448.410 00459.762 00459.355 00465.451 00427.654 00425.911 00442.105 00473.758 00504.973 00559.506 00519.314 00592.718 00593.305 00513.434 00289.856 00121.475 00087.218 00087.779 00080.974 00084.147 00112.819 00129.901 00159.498 00202.921 00215.626 00200.344 00120.330 00126.841 00139.037 00157.014 00139.926 00160.442 00135.520 00142.404 00149.798 00145.267 00236.479 00163.088 00227.995 00368.194 00380.109 00466.187 00360.509
00228.521 00235.367 00371.348 00378.965 00159.657 00227.328 00222.852 00219.351 00288.355 00287.409 00172.077 00183.949 00283.237 00418.416 00407.660 00408.027 00439.489 00438.791 00435.389 00431.705 00383.721 00415.118 00468.996 00500.342 00482.807 00448.210 00503.182 00472.967 00610.647 00539.245 00496.403 00150.543 00071.314 00075.913 00071.579 00105.403 00093.317 00103.168 00134.413 00164.610 00185.806 00211.683 00189.275 00149.853 00162.136 00156.305 00155.344 00141.883 00169.952 00154.549 00202.749 00415.261 00274.240 00185.528 00166.634 00308.868 00366.593 00323.738 00326.905 00325.366
00193.501 00292.311 00359.212 00356.013 00100.887 00140.176 00205.068 00318.414 00561.994 00318.600 00416.971 00487.904 00449.158 00427.388 00393.602 00423.944 00427.286 00429.030 00446.710 00328.309 00373.362 00386.959 00458.320 00476.096 00459.174 00424.632 00445.585 00487.495 00541.445 00483.318 00434.343 00133.540 00127.764 00110.826 00107.926 00101.317 00146.447 00269.702 00396.708 00164.146 00159.849 00193.902 00148.591 00183.067 00178.173 00170.405 00161.058 00193.228 00193.951 00403.406 00342.153 00212.374 00205.306 00189.787 00191.822 00360.097 00288.388 00257.533 00329.380 00309.856
00218.783 00225.860 00291.679 00340.822 00084.378 00140.355 00260.772 00584.919 00624.390 00632.523 00601.220 00533.852 00456.953 00444.162 00449.837 00417.396 00415.957 00441.268 00451.669 00372.334 00368.773 00397.788 00431.954 00461.199 00422.395 00394.338 00396.234 00466.176 00443.138 00412.606 00399.263 00187.986 00184.583 00185.223 00185.849 00173.585 00394.252 00393.203 00394.147 00394.647 00174.037 00153.475 00198.162 00282.196 00175.752 00188.862 00191.382 00303.562 00383.256 00255.283 00212.323 00212.118 00188.475 00202.669 00212.965 00277.097 00282.600 00277.283 00251.575 00293.856
00243.981 00184.987 00264.628 00406.161 00141.610 00160.407 00494.575 00630.589 00651.619 00687.551 00679.322 00657.579 00529.552 00490.297 00463.690 00445.749 00436.094 00443.624 00364.262 00396.894 00400.773 00397.914 00400.754 00427.961 00401.056 00381.769 00387.728 00407.981 00416.185 00422.064 00421.827 00410.922 00407.107 00394.386 00390.146 00400.428 00394.975 00389.178 00391.429 00383.167 00381.636 00174.857 00212.754 00172.222 00265.822 00237.787 00390.268 00352.266 00247.027 00227.983 00229.187 00186.572 00192.880 00203.753 00334.141 00316.293 00262.023 00239.712 00218.557 00226.347
00234.535 00217.007 00194.380 00308.996 00371.724 00281.160 00527.541 00569.107 00573.335 00670.207 00623.713 00674.231 00684.177 00590.902 00528.576 00504.002 00445.850 00345.840 00395.658 00394.583 00412.345 00405.119 00395.791 00389.503 00390.686 00375.619 00402.699 00418.680 00425.444 00429.980 00429.579 00424.605 00407.158 00397.965 00409.088 00406.066 00397.386 00396.320 00387.207 00383.309 00369.724 00388.127 00255.608 00249.463 00335.827 00396.140 00379.502 00272.560 00256.952 00244.416 00212.473 00192.874 00223.597 00189.568 00229.443 00226.465 00207.744 00190.332 00183.571 00198.181
00257.757 00230.432 00240.497 00252.106 00435.549 00619.918 00595.102 00586.620 00538.061 00530.033 00572.140 00638.191 00639.170 00592.433 00660.457 00601.278 00483.571 00455.577 00407.020 00412.673 00431.570 00437.899 00392.210 00377.115 00378.739 00402.197 00429.365 00440.476 00445.265 00444.902 00443.255 00424.957 00409.156 00414.662 00424.319 00412.331 00407.386 00399.609 00392.265 00382.201 00374.290 00377.722 00432.819 00503.336 00365.043 00337.909 00296.558 00244.053 00244.640 00231.048 00209.416 00214.034 00236.646 00231.773 00234.781 00203.905 00185.078 00177.512 00174.978 -0001.000
00311.894 00307.731 00261.325 00273.297 00377.102 00549.331 00619.919 00558.655 00509.364 00500.477 00534.491 00569.838 00607.184 00703.336 00703.483 00624.386 00579.738 00530.471 00569.391 00640.424 00559.596 00450.041 00420.787 00382.677 00383.125 00401.753 00417.299 00438.818 00451.501 00450.810 00439.465 00426.734 00398.742 00446.311 00429.530 00424.948 00424.966 00406.174 00403.398 00394.342 00378.149 00381.999 00401.460 00456.365 00327.014 00270.400 00245.717 00245.848 00233.619 00215.656 00221.054 00247.748 00222.729 00213.001 00197.170 00184.868 00182.147 00160.722 -0001.000 -0001.000
00342.259 00312.058 00313.195 00289.961 00318.685 00465.872 00596.387 00547.868 00464.186 00467.211 00484.851 00504.331 00558.132 00657.896 00623.919 00500.277 00599.362 00680.747 00792.940 00874.641 00696.191 00619.648 00428.594 00388.968 00413.504 00392.510 00415.736 00420.245 00445.303 00445.072 00436.790 00418.267 00460.039 00448.405 00440.354 00434.333 00414.198 00418.110 00405.987 00412.559 00416.240 00397.308 00386.030 00407.478 00448.177 00241.714 00227.302 00225.938 00225.544 00216.139 00239.594 00300.028 00293.173 00271.131 00232.724 00204.856 00196.249 -0001.000 -0001.000 -0001.000
00364.474 00339.385 00345.089 00341.278 00319.916 00349.236 00487.008 00554.701 00430.858 00422.382 00443.120 00478.469 00639.502 00603.210 00638.680 00561.585 00623.978 00764.501 00912.221 00965.917 00947.139 00701.946 00493.112 00656.738 00529.823 00430.406 00389.776 00394.569 00427.074 00424.855 00431.937 00430.317 00468.148 00453.652 00449.431 00446.296 00419.256 00414.985 00418.730 00423.104 00428.514 00406.128 00381.703 00407.033 00407.296 00226.558 00194.572 00198.046 00206.647 00210.249 00217.045 00296.855 00276.887 00253.230 00183.240 00194.783 00191.321 -0001.000 -0001.000 -0001.000
00351.157 00336.469 00342.374 00340.359 00314.783 00310.977 00353.488 00449.524 00413.265 00391.605 00375.132 00528.327 00537.402 00555.798 00522.859 00608.414 00676.483 00827.990 00906.729 00939.389 00893.871 00667.395 00507.485 00798.707 00714.639 00449.344 00404.258 00378.379 00395.375 00398.350 00405.551 00459.450 00457.320 00454.400 00452.629 00432.635 00421.276 00415.481 00422.801 00428.534 00437.185 00414.452 00399.551 00402.737 00402.494 00365.218 00199.592 00185.278 00192.635 00202.379 00214.879 00320.793 00301.080 00246.724 00178.664 00166.412 00174.597 -0001.000 00111.928 00136.028
00332.214 00310.138 00306.081 00302.137 00310.745 00303.627 00313.462 00365.766 00406.672 00361.181 00430.891 00456.543 00510.354 00576.749 00540.488 00608.918 00701.718 00807.485 00874.080 00876.353 00781.303 00555.688 00889.880 00813.480 00858.544 00835.621 00455.064 00427.580 00362.672 00378.827 00413.986 00442.428 00448.334 00452.817 00452.411 00433.387 00419.832 00415.722 00426.131 00445.534 00432.005 00431.216 00404.756 00396.007 00394.752 00427.093 00237.285 00202.299 00213.260 00244.083 00253.847 00345.896 00343.748 00286.654 00241.375 00148.439 00145.639 00095.366 00114.412 00132.131
00287.512 00282.554 00291.656 00299.286 00304.204 00309.333 00318.107 00324.142 00339.832 00413.953 00413.899 00401.365 00391.666 00451.157 00500.337 00561.303 00676.685 00811.127 00747.165 00783.168 00615.235 00585.496 00794.739 00832.171 00911.739 00863.363 00661.281 00461.359 00389.473 00359.722 00432.837 00421.354 00448.251 00452.697 00444.161 00440.644 00418.232 00406.097 00413.495 00429.161 00421.426 00404.713 00400.531 00389.360 00426.697 00421.087 00403.924 00228.106 00228.297 00258.113 00279.253 00420.780 00393.149 00365.493 00294.409 00153.518 00136.232 00104.808 00153.044 00171.153
00285.987 00294.041 00302.244 00306.234 00307.273 00309.367 00305.710 00306.389 00329.715 00431.230 00400.064 00382.333 00370.182 00390.726 00412.699 00463.114 00486.527 00508.178 00634.522 00642.698 00496.527 00640.075 00714.175 00795.853 00834.680 00841.247 00683.988 00563.934 00429.429 00428.725 00453.763 00421.079 00440.905 00451.925 00443.316 00439.488 00422.941 00404.784 00428.571 00399.379 00407.304 00397.592 00385.247 00397.265 00400.098 00395.039 00399.348 00250.925 00233.966 00239.741 00277.721 00350.578 00382.210 00355.872 00303.652 00123.456 00101.334 00086.357 00124.262 00259.494
00301.217 00304.938 00307.832 00309.055 00305.029 00303.490 00306.364 00302.412 00306.932 00325.185 00391.265 00368.746 00380.963 00390.483 00399.378 00420.076 00426.915 00460.072 00449.299 00432.240 00425.709 00605.468 00595.949 00707.582 00718.565 00717.764 00672.086 00539.205 00445.416 00486.257 00458.204 00438.432 00439.344 00431.333 00427.137 00429.574 00421.318 00399.976 00396.836 00388.858 00384.437 00385.178 00390.157 00389.940 00379.169 00375.241 00379.714 00364.343 00250.439 00231.014 00350.779 00447.925 00410.939 00370.450 00221.950 00123.918 00068.193 00139.894 00250.384 00266.761
00311.490 00310.679 00306.479 00303.535 00300.432 00282.378 00297.045 00299.212 00313.911 00314.983 00353.360 00368.387 00376.385 00385.502 00406.881 00419.442 00429.055 00430.853 00414.320 00393.207 00450.063 00477.714 00479.497 00581.559 00605.335 00592.187 00571.691 00499.929 00476.053 00487.072 00449.552 00431.667 00423.180 00421.597 00419.505 00405.369 00399.629 00397.765 00390.250 00384.385 00376.257 00387.242 00388.671 00375.756 00367.189 00359.425 00356.266 00448.189 00264.913 00263.148 00403.101 00443.259 00388.751 00176.395 00217.274 00212.108 00163.157 00198.869 00285.743 00280.416
00313.750 00299.216 00285.552 00288.865 00295.978 00301.323 00303.757 00302.650 00302.714 00303.817 00193.144 00200.047 00207.347 00218.993 00234.869 00321.316 00429.555 00422.882 00393.160 00403.462 00398.263 00414.009 00439.340 00461.317 00507.635 00500.362 00463.308 00436.995 00460.486 00441.923 00443.704 00416.988 00409.193 00404.132 00401.842 00399.392 00397.064 00392.898 00387.205 00378.692 00367.803 00388.756 00378.166 00367.645 00358.651 00344.155 00384.084 00405.543 00452.596 00285.912 00463.949 00463.613 00171.136 00176.345 00226.736 00245.323 00212.977 00214.238 00272.061 00295.915
