ashley_2/OUTPUT_2/raster.toa
north:    392658.625000
south:    384678.625000
east:     169279.328125
west:     157819.328125
rows:     266
cols:     382
[rows 234 to 259 of 266, columns 180 to 239 of 382]
00012.239 00012.611 00012.613 00012.423 00012.210 00011.903 00011.594 00011.300 00011.204 00011.138 00011.077 00011.017 00010.923 00010.817 00010.705 00010.615 00010.535 00010.484 00010.447 00010.461 00010.489 00010.342 00010.196 00010.045 00009.810 00009.497 00009.024 00000.815 00000.586 00000.564 00000.660 00000.805 00000.965 00009.162 00009.571 00009.874 00010.081 00010.243 00010.480 00010.776 00011.052 00011.303 00011.575 00011.865 00012.155 00012.454 00012.756 00013.045 00013.274 00013.510 00013.742 00013.975 00014.288 00014.606 00014.920 00015.300 00015.710 00016.040 00016.178 00016.316
00011.906 00012.097 00012.199 00012.130 00011.947 00011.712 00011.496 00011.241 00011.151 00011.080 00011.010 00010.879 00010.751 00010.636 00010.525 00010.413 00010.308 00010.225 00010.169 00010.134 00010.179 00010.230 00010.079 00009.868 00009.575 00009.193 00000.905 00000.584 00000.340 00000.311 00000.418 00000.549 00000.686 00000.829 00000.991 00009.253 00009.581 00009.824 00010.112 00010.432 00010.761 00011.119 00011.415 00011.716 00012.033 00012.342 00012.652 00012.967 00013.214 00013.452 00013.692 00013.931 00014.227 00014.546 00014.866 00015.241 00015.658 00016.024 00016.161 00016.299
00011.755 00011.746 00011.754 00011.688 00011.618 00011.572 00011.342 00011.181 00011.108 00011.036 00010.925 00010.779 00010.633 00010.486 00010.340 00010.224 00010.113 00009.992 00009.859 00009.776 00009.780 00009.836 00009.867 00009.662 00009.310 00001.022 00000.671 00000.380 00000.127 00000.085 00000.195 00000.315 00000.442 00000.574 00000.713 00000.859 00001.104 00009.243 00009.655 00010.070 00010.477 00010.925 00011.260 00011.595 00011.922 00012.242 00012.566 00012.887 00013.159 00013.402 00013.645 00013.892 00014.182 00014.505 00014.825 00015.190 00015.612 00016.009 00016.146 00016.284
00011.667 00011.603 00011.520 00011.446 00011.373 00011.299 00011.225 00011.151 00011.077 00011.002 00010.852 00010.699 00010.546 00010.393 00010.237 00010.081 00009.860 00009.678 00009.460 00009.305 00009.218 00009.300 00009.349 00009.414 00001.410 00000.762 00000.462 00000.192 -0001.000 -0001.000 -0001.000 00000.104 00000.219 00000.339 00000.467 00000.600 00000.742 00000.898 00008.992 00009.650 00010.212 00010.707 00011.144 00011.483 00011.827 00012.161 00012.491 00012.818 00013.110 00013.363 00013.614 00013.863 00014.145 00014.469 00014.790 00015.144 00015.565 00015.985 00016.132 00016.269
00011.648 00011.576 00011.502 00011.429 00011.355 00011.281 00011.206 00011.131 00011.055 00010.957 00010.801 00010.645 00010.488 00010.328 00010.166 00010.000 00009.688 00009.333 00008.858 00000.952 00000.884 00000.895 00000.917 00000.937 00000.860 00000.544 00000.266 00000.020 -0001.000 -0001.000 -0001.000 -0001.000 00000.017 00000.124 00000.242 00000.363 00000.492 00000.631 00000.856 00009.201 00010.016 00010.548 00011.046 00011.400 00011.749 00012.090 00012.432 00012.769 00013.079 00013.334 00013.586 00013.836 00014.109 00014.433 00014.755 00015.100 00015.527 00015.957 00016.121 00016.258
00011.641 00011.568 00011.494 00011.420 00011.346 00011.272 00011.197 00011.122 00011.046 00010.939 00010.782 00010.623 00010.462 00010.299 00010.131 00009.924 00009.574 00009.147 00000.848 00000.644 00000.585 00000.600 00000.617 00000.635 00000.629 00000.342 00000.087 -0001.000 -0001.000 -0001.000 -0001.000 -0001.000 -0001.000 -0001.000 00000.038 00000.146 00000.265 00000.419 00000.680 00001.184 00009.825 00010.437 00010.970 00011.341 00011.699 00012.051 00012.394 00012.732 00013.051 00013.305 00013.558 00013.809 00014.079 00014.405 00014.729 00015.070 00015.517 00015.960 00016.122 00016.256
-0001.000 -0001.000 00011.494 00011.421 00011.347 00011.272 00011.197 00011.122 00011.046 00010.939 00010.782 00010.623 00010.462 00010.297 00010.128 00009.915 00009.547 00009.051 00000.746 00000.359 00000.318 00000.335 00000.352 00000.369 00000.416 00000.155 -0001.000 -0001.000 -0001.000 -0001.000 -0001.000 -0001.000 -0001.000 -0001.000 -0001.000 -0001.000 00000.059 00000.239 00000.529 00001.161 00009.846 00010.446 00010.969 00011.329 00011.678 00012.025 00012.371 00012.713 00013.040 00013.302 00013.561 00013.817 00014.089 00014.410 00014.733 00015.075 00015.529 00015.979 00016.126 00016.259
-0001.000 -0001.000 -0001.000 00011.427 00011.352 00011.278 00011.203 00011.128 00011.053 00010.953 00010.796 00010.637 00010.476 00010.311 00010.144 00009.952 00009.576 00009.085 00000.744 00000.226 00000.084 00000.099 00000.113 00000.128 00000.146 -0001.000 -0001.000 -0001.000 -0001.000 -0001.000 -0001.000 -0001.000 -0001.000 -0001.000 -0001.000 -0001.000 -0001.000 00000.347 00000.821 00009.282 00010.099 00010.602 00011.066 00011.402 00011.739 00012.074 00012.418 00012.759 00013.073 00013.333 00013.591 00013.845 00014.120 00014.437 00014.754 00015.104 00015.558 00015.998 00016.132 00016.264
-0001.000 -0001.000 -0001.000 -0001.000 -0001.000 00011.291 00011.217 00011.143 00011.069 00010.988 00010.833 00010.677 00010.518 00010.355 00010.190 00010.028 00009.700 00009.266 00001.001 00000.410 -0001.000 -0001.000 -0001.000 -0001.000 -0001.000 -0001.000 -0001.000 -0001.000 -0001.000 -0001.000 -0001.000 -0001.000 -0001.000 -0001.000 -0001.000 00000.043 00000.393 00000.803 00008.990 00009.853 00010.348 00010.805 00011.180 00011.499 00011.822 00012.149 00012.482 00012.817 00013.120 00013.381 00013.640 00013.894 00014.176 00014.482 00014.796 00015.154 00015.601 00016.014 00016.145 00016.275
-0001.000 -0001.000 -0001.000 -0001.000 -0001.000 -0001.000 00011.239 00011.165 00011.091 00011.018 00010.887 00010.735 00010.581 00010.426 00010.268 00010.108 00009.913 00009.570 00009.134 00000.967 00000.459 00000.042 -0001.000 -0001.000 -0001.000 -0001.000 -0001.000 -0001.000 -0001.000 -0001.000 -0001.000 -0001.000 -0001.000 -0001.000 00000.122 00000.486 00000.919 00009.179 00009.814 00010.238 00010.641 00011.024 00011.319 00011.617 00011.926 00012.244 00012.572 00012.899 00013.177 00013.433 00013.691 00013.941 00014.234 00014.552 00014.859 00015.244 00015.698 00016.043 00016.169 00016.294
-0001.000 -0001.000 -0001.000 -0001.000 -0001.000 -0001.000 -0001.000 -0001.000 00011.125 00011.053 00010.961 00010.812 00010.664 00010.524 00010.384 00010.245 00010.107 00009.927 00009.600 00009.193 00001.051 00000.520 00000.092 -0001.000 -0001.000 -0001.000 -0001.000 -0001.000 -0001.000 -0001.000 -0001.000 -0001.000 -0001.000 00000.212 00000.588 00001.048 00009.425 00009.986 00010.268 00010.570 00010.916 00011.216 00011.475 00011.762 00012.046 00012.358 00012.677 00012.995 00013.251 00013.506 00013.755 00013.999 00014.299 00014.608 00014.913 00015.334 00015.800 00016.073 00016.201 00016.329
-0001.000 -0001.000 -0001.000 -0001.000 -0001.000 -0001.000 -0001.000 -0001.000 -0001.000 -0001.000 00011.030 00010.926 00010.791 00010.657 00010.524 00010.392 00010.258 00010.123 00009.969 00009.641 00009.233 00001.142 00000.594 00000.147 -0001.000 -0001.000 -0001.000 -0001.000 -0001.000 -0001.000 -0001.000 00000.025 00000.308 00000.705 00001.331 00009.575 00010.075 00010.362 00010.627 00010.908 00011.147 00011.393 00011.652 00011.916 00012.196 00012.485 00012.794 00013.085 00013.335 00013.580 00013.819 00014.078 00014.380 00014.682 00014.980 00015.438 00015.905 00016.101 00016.228 00016.356
-0001.000 -0001.000 -0001.000 -0001.000 -0001.000 -0001.000 -0001.000 -0001.000 -0001.000 -0001.000 -0001.000 00011.013 00010.928 00010.800 00010.671 00010.541 00010.408 00010.273 00010.128 00009.965 00009.639 00009.264 00001.320 00000.669 00000.204 -0001.000 -0001.000 -0001.000 00000.089 00000.264 00000.462 00000.670 00000.928 00009.038 00009.753 00010.150 00010.432 00010.717 00010.969 00011.156 00011.348 00011.565 00011.829 00012.082 00012.356 00012.636 00012.927 00013.180 00013.426 00013.666 00013.904 00014.176 00014.464 00014.764 00015.096 00015.566 00016.008 00016.134 00016.260 00016.386
-0001.000 -0001.000 -0001.000 -0001.000 -0001.000 -0001.000 -0001.000 -0001.000 -0001.000 -0001.000 -0001.000 -0001.000 -0001.000 -0001.000 00010.815 00010.681 00010.542 00010.408 00010.273 00010.140 00010.006 00009.711 00009.397 00008.770 00000.724 00000.314 00000.345 00000.539 00000.749 00000.981 00001.473 00009.235 00009.548 00009.923 00010.227 00010.510 00010.776 00011.034 00011.195 00011.368 00011.545 00011.756 00011.979 00012.267 00012.528 00012.800 00013.062 00013.293 00013.524 00013.756 00013.995 00014.279 00014.569 00014.855 00015.230 00015.696 00016.042 00016.167 00016.293 00016.420
-0001.000 -0001.000 -0001.000 -0001.000 -0001.000 -0001.000 -0001.000 -0001.000 -0001.000 -0001.000 -0001.000 -0001.000 -0001.000 -0001.000 -0001.000 00010.815 00010.686 00010.557 00010.428 00010.301 00010.183 00010.054 00009.826 00009.494 00009.054 00001.051 00001.167 00008.920 00009.326 00009.587 00009.844 00010.035 00010.156 00010.328 00010.576 00010.857 00011.070 00011.242 00011.406 00011.577 00011.750 00011.943 00012.160 00012.412 00012.705 00012.963 00013.187 00013.409 00013.638 00013.865 00014.107 00014.391 00014.673 00014.957 00015.402 00015.867 00016.085 00016.205 00016.325 00016.451
-0001.000 -0001.000 -0001.000 -0001.000 -0001.000 -0001.000 -0001.000 -0001.000 -0001.000 -0001.000 -0001.000 -0001.000 -0001.000 -0001.000 -0001.000 -0001.000 00010.836 00010.713 00010.596 00010.474 00010.349 00010.223 00010.096 00009.939 00009.663 00009.542 00009.621 00009.899 00010.064 00010.165 00010.283 00010.390 00010.518 00010.686 00010.919 00011.123 00011.281 00011.449 00011.612 00011.779 00011.950 00012.137 00012.341 00012.569 00012.840 00013.106 00013.312 00013.531 00013.752 00013.978 00014.239 00014.507 00014.789 00015.113 00015.582 00016.012 00016.131 00016.251 00016.371 00016.492
-0001.000 -0001.000 -0001.000 -0001.000 -0001.000 -0001.000 -0001.000 -0001.000 -0001.000 -0001.000 -0001.000 -0001.000 -0001.000 -0001.000 -0001.000 -0001.000 -0001.000 -0001.000 -0001.000 -0001.000 00010.518 00010.399 00010.286 00010.175 00010.121 00010.122 00010.189 00010.314 00010.418 00010.519 00010.635 00010.742 00010.870 00011.023 00011.165 00011.336 00011.492 00011.654 00011.812 00011.976 00012.158 00012.330 00012.516 00012.735 00012.990 00013.219 00013.453 00013.656 00013.873 00014.107 00014.369 00014.631 00014.905 00015.310 00015.781 00016.064 00016.182 00016.301 00016.419 00016.538
-0001.000 -0001.000 -0001.000 -0001.000 -0001.000 -0001.000 -0001.000 -0001.000 -0001.000 -0001.000 -0001.000 -0001.000 -0001.000 -0001.000 -0001.000 -0001.000 -0001.000 -0001.000 -0001.000 -0001.000 -0001.000 -0001.000 -0001.000 -0001.000 -0001.000 00010.462 00010.551 00010.667 00010.761 00010.865 00010.979 00011.053 00011.132 00011.238 00011.379 00011.546 00011.701 00011.856 00012.008 00012.183 00012.368 00012.534 00012.711 00012.908 00013.121 00013.337 00013.558 00013.792 00013.994 00014.244 00014.501 00014.762 00015.043 00015.509 00015.974 00016.113 00016.232 00016.353 00016.472 00016.591
-0001.000 -0001.000 -0001.000 -0001.000 -0001.000 -0001.000 -0001.000 -0001.000 -0001.000 -0001.000 -0001.000 -0001.000 -0001.000 -0001.000 -0001.000 -0001.000 -0001.000 -0001.000 -0001.000 -0001.000 -0001.000 -0001.000 -0001.000 -0001.000 -0001.000 -0001.000 -0001.000 00011.006 00011.058 00011.123 00011.187 00011.260 00011.342 00011.450 00011.592 00011.753 00011.904 00012.060 00012.221 00012.390 00012.575 00012.745 00012.915 00013.076 00013.259 00013.459 00013.671 00013.892 00014.145 00014.382 00014.632 00014.889 00015.267 00015.729 00016.047 00016.165 00016.284 00016.403 00016.523 00016.643
-0001.000 -0001.000 -0001.000 -0001.000 -0001.000 -0001.000 -0001.000 -0001.000 -0001.000 -0001.000 -0001.000 -0001.000 -0001.000 -0001.000 -0001.000 -0001.000 -0001.000 -0001.000 -0001.000 -0001.000 -0001.000 -0001.000 -0001.000 -0001.000 -0001.000 -0001.000 -0001.000 -0001.000 -0001.000 -0001.000 -0001.000 -0001.000 00011.558 00011.661 00011.801 00011.957 00012.117 00012.278 00012.437 00012.598 00012.782 00012.962 00013.105 00013.246 00013.409 00013.597 00013.801 00014.007 00014.257 00014.579 00014.820 00015.130 00015.606 00015.993 00016.107 00016.218 00016.336 00016.456 00016.576 00016.696
-0001.000 -0001.000 -0001.000 -0001.000 -0001.000 -0001.000 -0001.000 -0001.000 -0001.000 -0001.000 -0001.000 -0001.000 -0001.000 -0001.000 -0001.000 -0001.000 -0001.000 -0001.000 -0001.000 -0001.000 -0001.000 -0001.000 -0001.000 -0001.000 -0001.000 -0001.000 -0001.000 -0001.000 -0001.000 -0001.000 -0001.000 -0001.000 -0001.000 -0001.000 -0001.000 00012.181 00012.341 00012.499 00012.656 00012.810 00012.993 00013.150 00013.283 00013.419 00013.572 00013.753 00013.946 00014.164 00014.392 00014.709 00015.217 00015.634 00016.026 00016.138 00016.215 00016.287 00016.397 00016.509 00016.627 00016.750
-0001.000 -0001.000 -0001.000 -0001.000 -0001.000 -0001.000 -0001.000 -0001.000 -0001.000 -0001.000 -0001.000 -0001.000 -0001.000 -0001.000 -0001.000 -0001.000 -0001.000 -0001.000 -0001.000 -0001.000 -0001.000 -0001.000 -0001.000 -0001.000 -0001.000 -0001.000 -0001.000 -0001.000 -0001.000 -0001.000 -0001.000 -0001.000 -0001.000 -0001.000 -0001.000 -0001.000 -0001.000 -0001.000 -0001.000 00013.045 00013.167 00013.326 00013.466 00013.602 00013.749 00013.922 00014.114 00014.374 00014.599 00014.901 00015.403 00015.976 00016.156 00016.284 00016.407 00016.425 00016.481 00016.581 00016.689 00016.804
-0001.000 -0001.000 -0001.000 -0001.000 -0001.000 -0001.000 -0001.000 -0001.000 -0001.000 -0001.000 -0001.000 -0001.000 -0001.000 -0001.000 -0001.000 -0001.000 -0001.000 -0001.000 -0001.000 -0001.000 -0001.000 -0001.000 -0001.000 -0001.000 -0001.000 -0001.000 -0001.000 -0001.000 -0001.000 -0001.000 -0001.000 -0001.000 -0001.000 -0001.000 -0001.000 -0001.000 -0001.000 -0001.000 -0001.000 -0001.000 -0001.000 -0001.000 00013.667 00013.783 00013.923 00014.096 00014.288 -0001.000 00014.873 00015.212 00015.779 00016.085 00016.230 00016.374 00016.525 00016.637 00016.648 00016.718 00016.790 00016.888
-0001.000 -0001.000 -0001.000 -0001.000 -0001.000 -0001.000 -0001.000 -0001.000 -0001.000 -0001.000 -0001.000 -0001.000 -0001.000 -0001.000 -0001.000 -0001.000 -0001.000 -0001.000 -0001.000 -0001.000 -0001.000 -0001.000 -0001.000 -0001.000 -0001.000 -0001.000 -0001.000 -0001.000 -0001.000 -0001.000 -0001.000 -0001.000 -0001.000 -0001.000 -0001.000 -0001.000 -0001.000 -0001.000 -0001.000 -0001.000 -0001.000 -0001.000 -0001.000 -0001.000 -0001.000 -0001.000 -0001.000 -0001.000 -0001.000 -0001.000 -0001.000 00016.267 00016.349 00016.482 00016.624 00016.761 00016.900 00016.944 00016.984 00017.020
-0001.000 -0001.000 -0001.000 -0001.000 -0001.000 -0001.000 -0001.000 -0001.000 -0001.000 -0001.000 -0001.000 -0001.000 -0001.000 -0001.000 -0001.000 -0001.000 -0001.000 -0001.000 -0001.000 -0001.000 -0001.000 -0001.000 -0001.000 -0001.000 -0001.000 -0001.000 -0001.000 -0001.000 -0001.000 -0001.000 -0001.000 -0001.000 -0001.000 -0001.000 -0001.000 -0001.000 -0001.000 -0001.000 -0001.000 -0001.000 -0001.000 -0001.000 -0001.000 -0001.000 -0001.000 -0001.000 -0001.000 -0001.000 -0001.000 -0001.000 -0001.000 -0001.000 -0001.000 -0001.000 00016.842 00016.890 00017.025 00017.121 00017.217 00017.298
-0001.000 -0001.000 -0001.000 -0001.000 -0001.000 -0001.000 -0001.000 -0001.000 -0001.000 -0001.000 -0001.000 -0001.000 -0001.000 -0001.000 -0001.000 -0001.000 -0001.000 -0001.000 -0001.000 -0001.000 -0001.000 -0001.000 -0001.000 -0001.000 -0001.000 -0001.000 -0001.000 -0001.000 -0001.000 -0001.000 -0001.000 -0001.000 -0001.000 -0001.000 -0001.000 -0001.000 -0001.000 -0001.000 -0001.000 -0001.000 -0001.000 -0001.000 -0001.000 -0001.000 -0001.000 -0001.000 -0001.000 -0001.000 -0001.000 -0001.000 -0001.000 -0001.000 -0001.000 -0001.000 -0001.000 -0001.000 00017.225 00017.234 00017.328 00017.420
