ashley_2/OUTPUT_2/raster.toa
north:    392658.625000
south:    384678.625000
east:     169279.328125
west:     157819.328125
rows:     266
cols:     382
[rows 156 to 181 of 266, columns 180 to 239 of 382]
-0001.000 -0001.000 -0001.000 -0001.000 -0001.000 -0001.000 -0001.000 00021.972 00021.745 00021.475 00021.173 00020.984 00020.888 00020.859 00020.885 00020.683 00020.442 00020.271 00020.149 00019.989 00019.862 00019.768 00019.701 00019.655 00019.611 00019.574 00019.548 00019.521 00019.495 00019.459 00019.432 00019.409 00019.394 00019.398 00019.404 00019.402 00019.391 00019.385 00019.381 00019.379 00019.366 00019.358 00019.360 00019.364 00019.371 00019.375 00019.382 00019.389 00019.396 00019.404 00019.415 00019.482 00019.633 00019.877 00019.997 00020.209 00020.277 00020.345 00020.432 00020.525
-0001.000 -0001.000 -0001.000 -0001.000 -0001.000 -0001.000 00021.897 00021.656 00021.429 00021.186 00020.938 00020.791 00020.746 00020.778 00020.772 00020.538 00020.292 00020.132 00020.024 00019.937 00019.811 00019.715 00019.648 00019.599 00019.554 00019.521 00019.495 00019.467 00019.437 00019.403 00019.379 00019.359 00019.353 00019.358 00019.365 00019.356 00019.348 00019.342 00019.340 00019.327 00019.316 00019.313 00019.313 00019.318 00019.324 00019.329 00019.336 00019.344 00019.351 00019.361 00019.374 00019.388 00019.456 00019.572 00019.906 00020.152 00020.251 00020.355 00020.458 00020.561
-0001.000 -0001.000 -0001.000 -0001.000 -0001.000 00021.866 00021.623 00021.377 00021.140 00020.907 00020.709 00020.607 00020.684 00020.647 00020.697 00020.399 00020.164 00020.015 00019.965 00019.892 00019.757 00019.660 00019.592 00019.541 00019.501 00019.472 00019.443 00019.414 00019.379 00019.349 00019.327 00019.313 00019.313 00019.320 00019.319 00019.309 00019.304 00019.301 00019.295 00019.278 00019.267 00019.267 00019.268 00019.274 00019.278 00019.283 00019.290 00019.298 00019.307 00019.318 00019.334 00019.346 00019.360 00019.521 00019.841 00019.968 00020.134 00020.418 00020.448 00020.399
-0001.000 -0001.000 -0001.000 -0001.000 00021.872 00021.612 00021.373 00021.128 00020.881 00020.661 00020.479 00020.474 00020.525 00020.597 00020.582 00020.281 00020.044 00019.952 00019.917 00019.848 00019.700 00019.598 00019.531 00019.483 00019.447 00019.423 00019.392 00019.363 00019.325 00019.298 00019.279 00019.268 00019.275 00019.281 00019.271 00019.263 00019.258 00019.257 00019.243 00019.232 00019.226 00019.223 00019.226 00019.229 00019.233 00019.238 00019.245 00019.254 00019.264 00019.279 00019.292 00019.304 00019.322 00019.435 00019.590 00019.765 00019.937 00020.153 00020.244 00020.211
-0001.000 -0001.000 -0001.000 00021.970 00021.681 00021.412 00021.160 00020.901 00020.647 00020.427 00020.249 00020.251 00020.426 00020.545 00020.457 00020.134 00019.955 00019.889 00019.863 00019.795 00019.636 00019.531 00019.466 00019.422 00019.392 00019.366 00019.337 00019.305 00019.272 00019.249 00019.236 00019.230 00019.235 00019.232 00019.220 00019.214 00019.212 00019.207 00019.193 00019.182 00019.181 00019.181 00019.184 00019.185 00019.189 00019.194 00019.202 00019.210 00019.222 00019.239 00019.250 00019.266 00019.284 00019.304 00019.424 00019.547 00019.754 00019.967 00020.068 00020.104
-0001.000 -0001.000 -0001.000 00021.742 00021.467 00021.212 00020.965 00020.691 00020.431 00020.206 00020.020 00020.068 00020.310 00020.582 00020.303 00019.993 00019.886 00019.825 00019.809 00019.745 00019.567 00019.461 00019.402 00019.363 00019.339 00019.311 00019.282 00019.249 00019.221 00019.203 00019.194 00019.192 00019.192 00019.179 00019.170 00019.164 00019.161 00019.150 00019.140 00019.138 00019.136 00019.139 00019.140 00019.141 00019.144 00019.150 00019.158 00019.167 00019.183 00019.197 00019.211 00019.229 00019.247 00019.268 00019.291 00019.354 00019.577 00019.777 00019.943 00019.997
-0001.000 -0001.000 00021.808 00021.522 00021.254 00021.001 00020.745 00020.484 00020.227 00020.000 00019.936 00019.973 00020.234 00020.511 00020.202 00019.925 00019.816 00019.765 00019.778 00019.705 00019.517 00019.392 00019.338 00019.304 00019.283 00019.254 00019.228 00019.195 00019.172 00019.159 00019.151 00019.147 00019.139 00019.126 00019.118 00019.114 00019.107 00019.096 00019.089 00019.088 00019.090 00019.093 00019.095 00019.097 00019.100 00019.107 00019.115 00019.126 00019.142 00019.155 00019.174 00019.191 00019.212 00019.234 00019.257 00019.282 00019.393 00019.565 00019.827 00019.940
-0001.000 00021.925 00021.619 00021.333 00021.062 00020.782 00020.522 00020.267 00020.022 00019.927 00019.873 00019.908 00020.042 00020.322 00020.135 00019.855 00019.746 00019.715 00019.754 00019.752 00019.484 00019.324 00019.275 00019.248 00019.222 00019.196 00019.168 00019.140 00019.123 00019.112 00019.104 00019.098 00019.085 00019.073 00019.068 00019.063 00019.053 00019.045 00019.044 00019.042 00019.047 00019.048 00019.050 00019.053 00019.057 00019.063 00019.072 00019.088 00019.100 00019.116 00019.136 00019.156 00019.178 00019.200 00019.224 00019.251 00019.286 00019.468 00019.809 00019.898
-0001.000 00021.744 00021.448 00021.167 00020.879 00020.584 00020.310 00020.059 00019.936 00019.856 00019.829 00019.882 00019.975 00019.919 00019.839 00019.702 00019.600 00019.607 00019.688 00019.691 00019.572 00019.257 00019.215 00019.191 00019.164 00019.138 00019.109 00019.084 00019.071 00019.061 00019.053 00019.045 00019.029 00019.020 00019.016 00019.011 00019.003 00018.996 00018.991 00018.996 00019.001 00019.003 00019.006 00019.009 00019.015 00019.022 00019.033 00019.046 00019.058 00019.078 00019.099 00019.122 00019.144 00019.167 00019.193 00019.225 00019.266 00019.438 00019.789 00019.818
00021.884 00021.575 00021.284 00021.008 00020.699 00020.402 00020.121 00019.953 00019.867 00019.786 00019.781 00019.819 00019.779 00019.703 00019.674 00019.478 00019.393 00019.431 00019.476 00019.539 00019.506 00019.191 00019.156 00019.133 00019.105 00019.081 00019.051 00019.030 00019.019 00019.009 00019.002 00018.976 00018.948 00018.937 00018.930 00018.919 00018.912 00018.909 00018.913 00018.916 00018.920 00018.928 00018.933 00018.942 00018.954 00018.970 00018.993 00019.006 00019.020 00019.040 00019.064 00019.089 00019.113 00019.138 00019.167 00019.206 00019.277 00019.473 00019.585 00019.570
00021.718 00021.417 00021.133 00020.831 00020.523 00020.227 00019.980 00019.886 00019.800 00019.718 00019.645 00019.626 00019.663 00019.501 00019.539 00019.352 00019.297 00019.309 00019.303 00019.388 00019.337 00019.127 00019.098 00019.072 00019.047 00019.022 00018.988 00018.955 00018.931 00018.908 00018.886 00018.856 00018.843 00018.838 00018.830 00018.824 00018.825 00018.829 00018.834 00018.837 00018.843 00018.850 00018.861 00018.874 00018.891 00018.913 00018.928 00018.947 00018.975 00019.004 00019.029 00019.058 00019.085 00019.112 00019.146 00019.232 00019.347 00019.432 00019.241 00019.320
00021.572 00021.274 00020.987 00020.661 00020.350 00020.058 00019.916 00019.820 00019.734 00019.652 00019.577 00019.508 00019.508 00019.386 00019.370 00019.280 00019.237 00019.206 00019.226 00019.179 00019.146 00019.065 00019.042 00019.014 00018.978 00018.922 00018.872 00018.843 00018.814 00018.797 00018.768 00018.753 00018.747 00018.742 00018.736 00018.738 00018.742 00018.749 00018.750 00018.756 00018.763 00018.777 00018.794 00018.813 00018.837 00018.852 00018.871 00018.894 00018.922 00018.955 00018.997 00019.027 00019.057 00019.090 00019.243 00019.623 00019.151 00019.169 00019.080 00019.116
00021.441 00021.147 00020.827 00020.494 00020.187 00019.959 00019.853 00019.755 00019.668 00019.586 00019.512 00019.441 00019.378 00019.318 00019.264 00019.216 00019.178 00019.141 00019.104 00019.072 00019.037 00019.006 00018.965 00018.905 00018.860 00018.798 00018.758 00018.727 00018.709 00018.686 00018.665 00018.660 00018.656 00018.653 00018.656 00018.656 00018.662 00018.663 00018.669 00018.675 00018.690 00018.708 00018.730 00018.755 00018.774 00018.794 00018.818 00018.845 00018.877 00018.911 00018.952 00018.998 00019.033 00019.142 00019.390 00019.190 00019.047 00019.036 00019.031 00019.036
00021.314 00021.022 00020.680 00020.342 00020.026 00019.897 00019.790 00019.691 00019.604 00019.522 00019.447 00019.377 00019.314 00019.254 00019.200 00019.153 00019.118 00019.081 00019.045 00019.012 00018.959 00018.903 00018.837 00018.784 00018.732 00018.678 00018.646 00018.621 00018.605 00018.584 00018.574 00018.570 00018.569 00018.575 00018.575 00018.581 00018.581 00018.586 00018.592 00018.603 00018.621 00018.645 00018.670 00018.689 00018.712 00018.739 00018.768 00018.800 00018.834 00018.872 00018.916 00018.965 00019.019 00019.161 00019.105 00019.010 00018.988 00018.972 00018.973 00018.981
00021.196 00020.882 00020.533 00020.201 00019.953 00019.837 00019.728 00019.626 00019.539 00019.458 00019.383 00019.313 00019.250 00019.191 00019.137 00019.091 00019.059 00019.020 00018.973 00018.908 00018.847 00018.795 00018.723 00018.674 00018.612 00018.568 00018.536 00018.524 00018.504 00018.490 00018.486 00018.483 00018.491 00018.491 00018.499 00018.502 00018.507 00018.515 00018.527 00018.540 00018.561 00018.584 00018.603 00018.627 00018.655 00018.688 00018.723 00018.758 00018.796 00018.839 00018.896 00018.955 00019.092 00019.099 00018.923 00018.904 00018.888 00018.883 00018.891 00018.910
00021.085 00020.743 00020.394 00020.060 00019.896 00019.777 00019.667 00019.565 00019.475 00019.394 00019.319 00019.249 00019.187 00019.128 00019.075 00019.032 00018.999 00018.911 00018.847 00018.790 00018.741 00018.679 00018.618 00018.561 00018.501 00018.463 00018.445 00018.425 00018.408 00018.403 00018.399 00018.405 00018.404 00018.414 00018.420 00018.428 00018.437 00018.450 00018.464 00018.484 00018.501 00018.519 00018.543 00018.570 00018.605 00018.641 00018.679 00018.719 00018.762 00018.806 00018.862 00019.113 00019.055 00018.830 00018.815 00018.806 00018.795 00018.803 00018.821 00018.843
00020.988 00020.612 00020.262 00019.970 00019.839 00019.716 00019.607 00019.504 00019.413 00019.330 00019.255 00019.185 00019.124 00019.065 00019.014 00018.944 00018.871 00018.786 00018.723 00018.670 00018.638 00018.569 00018.521 00018.452 00018.403 00018.373 00018.352 00018.329 00018.320 00018.316 00018.319 00018.319 00018.329 00018.337 00018.348 00018.358 00018.372 00018.386 00018.406 00018.421 00018.439 00018.462 00018.490 00018.524 00018.559 00018.597 00018.637 00018.683 00018.726 00018.767 00018.860 00018.975 00018.747 00018.727 00018.725 00018.710 00018.717 00018.734 00018.757 00018.779
00020.873 00020.498 00020.138 00019.916 00019.783 00019.658 00019.546 00019.443 00019.350 00019.266 00019.191 00019.122 00019.061 00019.003 00018.901 00018.823 00018.744 00018.663 00018.602 00018.560 00018.512 00018.462 00018.421 00018.356 00018.313 00018.287 00018.261 00018.243 00018.235 00018.234 00018.237 00018.245 00018.253 00018.265 00018.280 00018.294 00018.310 00018.329 00018.344 00018.363 00018.385 00018.414 00018.446 00018.481 00018.517 00018.556 00018.602 00018.646 00018.686 00018.699 00018.753 00018.656 00018.643 00018.644 00018.630 00018.634 00018.652 00018.680 00018.708 00018.744
00020.768 00020.390 00020.030 00019.864 00019.728 00019.601 00019.486 00019.381 00019.287 00019.203 00019.128 00019.059 00018.996 00018.878 00018.775 00018.706 00018.617 00018.543 00018.485 00018.457 00018.394 00018.356 00018.306 00018.265 00018.235 00018.202 00018.176 00018.163 00018.154 00018.158 00018.164 00018.172 00018.184 00018.200 00018.217 00018.234 00018.255 00018.272 00018.291 00018.314 00018.341 00018.372 00018.405 00018.440 00018.479 00018.522 00018.567 00018.601 00018.604 00018.587 00018.571 00018.562 00018.562 00018.555 00018.558 00018.583 00018.614 00018.644 00018.679 00018.722
00020.673 00020.293 00019.968 00019.816 00019.675 00019.545 00019.426 00019.320 00019.224 00019.140 00019.065 00018.992 00018.868 00018.751 00018.650 00018.604 00018.490 00018.423 00018.377 00018.345 00018.279 00018.258 00018.200 00018.172 00018.151 00018.117 00018.098 00018.086 00018.085 00018.086 00018.094 00018.105 00018.121 00018.137 00018.157 00018.180 00018.201 00018.222 00018.246 00018.272 00018.301 00018.330 00018.363 00018.403 00018.445 00018.484 00018.517 00018.515 00018.500 00018.491 00018.483 00018.483 00018.483 00018.490 00018.516 00018.554 00018.586 00018.619 00018.659 00018.700
00020.588 00020.206 00019.927 00019.770 00019.623 00019.491 00019.367 00019.259 00019.161 00019.077 00019.002 00018.865 00018.742 00018.625 00018.526 00018.484 00018.368 00018.307 00018.284 00018.220 00018.200 00018.134 00018.096 00018.079 00018.057 00018.042 00018.028 00018.020 00018.015 00018.021 00018.031 00018.045 00018.061 00018.080 00018.103 00018.126 00018.150 00018.175 00018.201 00018.230 00018.258 00018.290 00018.328 00018.369 00018.402 00018.432 00018.428 00018.420 00018.415 00018.411 00018.410 00018.415 00018.424 00018.452 00018.490 00018.525 00018.558 00018.595 00018.634 00018.673
00020.524 00020.129 00019.889 00019.727 00019.576 00019.438 00019.312 00019.200 00019.099 00019.014 00018.878 00018.739 00018.616 00018.501 00018.401 00018.319 00018.251 00018.188 00018.187 00018.088 00018.099 00018.021 00018.000 00017.985 00017.974 00017.969 00017.964 00017.957 00017.958 00017.965 00017.976 00017.988 00018.005 00018.028 00018.050 00018.075 00018.102 00018.129 00018.157 00018.187 00018.220 00018.257 00018.292 00018.321 00018.347 00018.343 00018.338 00018.336 00018.338 00018.338 00018.348 00018.360 00018.385 00018.419 00018.459 00018.490 00018.523 00018.560 00018.596 00018.632
00020.478 00020.082 00019.854 00019.688 00019.531 00019.386 00019.257 00019.140 00019.039 00018.906 00018.753 00018.615 00018.492 00018.377 00018.279 00018.201 00018.134 00018.072 00018.021 00017.984 00017.957 00017.935 00017.921 00017.908 00017.902 00017.901 00017.899 00017.900 00017.901 00017.911 00017.924 00017.940 00017.958 00017.977 00017.998 00018.024 00018.054 00018.083 00018.114 00018.148 00018.184 00018.217 00018.248 00018.267 00018.259 00018.256 00018.254 00018.258 00018.259 00018.278 00018.294 00018.320 00018.351 00018.386 00018.415 00018.444 00018.478 00018.512 00018.549 00018.587
00020.447 00020.046 00019.833 00019.651 00019.490 00019.339 00019.204 00019.081 00018.960 00018.785 00018.630 00018.492 00018.368 00018.254 00018.160 00018.084 00018.018 00017.966 00017.928 00017.897 00017.872 00017.856 00017.842 00017.834 00017.832 00017.832 00017.835 00017.839 00017.845 00017.856 00017.873 00017.891 00017.910 00017.931 00017.954 00017.978 00018.004 00018.037 00018.073 00018.109 00018.141 00018.177 00018.196 00018.185 00018.180 00018.173 00018.175 00018.177 00018.195 00018.218 00018.250 00018.282 00018.314 00018.339 00018.364 00018.395 00018.428 00018.467 00018.501 00018.536
00020.432 00020.029 00019.817 00019.629 00019.453 00019.295 00019.152 00019.026 00018.848 00018.666 00018.508 00018.370 00018.246 00018.133 00018.041 00017.973 00017.919 00017.874 00017.839 00017.812 00017.792 00017.778 00017.767 00017.764 00017.763 00017.766 00017.773 00017.782 00017.792 00017.807 00017.825 00017.844 00017.864 00017.887 00017.911 00017.937 00017.965 00017.995 00018.030 00018.062 00018.102 00018.121 00018.112 00018.110 00018.103 00018.102 00018.101 00018.111 00018.128 00018.158 00018.197 00018.235 00018.260 00018.284 00018.314 00018.347 00018.386 00018.416 00018.453 00018.493
00020.438 00020.028 00019.810 00019.613 00019.427 00019.257 00019.105 00018.951 00018.739 00018.552 00018.389 00018.248 00018.124 00018.013 00017.935 00017.874 00017.823 00017.784 00017.753 00017.728 00017.714 00017.701 00017.696 00017.695 00017.698 00017.704 00017.713 00017.725 00017.741 00017.760 00017.779 00017.801 00017.824 00017.846 00017.870 00017.900 00017.931 00017.958 00017.987 00018.024 00018.040 00018.032 00018.032 00018.031 00018.031 00018.033 00018.039 00018.049 00018.067 00018.098 00018.131 00018.169 00018.199 00018.230 00018.266 00018.301 00018.334 00018.371 00018.414 00018.459
