ashley_2/OUTPUT_2/raster.ros
north:    392658.625000
south:    384678.625000
east:     169279.328125
west:     157819.328125
rows:     266
cols:     382
[rows 182 to 207 of 266, columns 240 to 299 of 382]
16.63 17.11 16.94 17.39 17.59 17.66 17.59 17.32 13.52 10.91 11.38 11.87 12.63 13.59 14.57 15.71 16.86 22.94 24.34 23.13 22.94 23.64 24.39 24.97 25.29 25.32 24.13 24.96 24.35 24.10 23.98 23.72 23.56 23.53 23.43 23.37 23.14 22.79 22.32 21.66 22.80 22.35 21.76 21.23 20.35 22.36 22.97 23.39 24.32 30.17 08.01 04.51 13.83 17.37 17.35 15.21 13.78 13.10 02.65 02.55
16.72 17.36 17.68 17.82 17.61 17.05 16.55 10.43 10.94 11.30 11.82 12.61 13.76 14.68 16.56 17.19 17.43 20.58 24.19 22.47 23.39 23.97 24.62 24.86 24.62 24.03 24.16 24.33 24.16 24.09 23.88 23.65 23.61 23.50 23.46 23.26 22.92 22.48 21.75 22.82 22.52 21.89 21.30 20.43 21.21 23.14 22.85 22.36 22.50 24.76 23.78 24.29 20.76 18.92 17.87 16.00 14.11 13.57 02.36 02.17
17.76 17.83 17.65 17.07 16.01 15.37 10.17 10.94 11.29 11.79 12.57 13.84 15.55 16.90 17.41 17.40 15.90 14.42 12.11 13.03 14.49 23.05 24.69 24.86 24.29 23.87 24.51 24.24 24.22 24.03 23.78 23.70 23.59 23.50 23.36 23.04 22.62 21.87 22.81 22.67 22.02 21.43 20.49 21.32 23.27 22.92 22.48 21.97 21.60 22.17 30.40 21.95 19.91 18.68 18.32 18.65 14.84 13.76 12.29 01.91
17.41 16.43 14.88 14.57 09.73 10.04 10.81 11.28 11.76 12.52 14.17 16.78 17.40 17.46 17.18 14.09 15.65 11.15 13.12 14.04 14.77 15.56 16.41 24.42 23.91 24.68 24.42 24.29 24.20 24.00 23.81 23.69 23.59 23.47 23.18 22.77 22.00 22.85 22.80 22.10 21.60 20.62 21.47 23.44 23.06 22.73 22.09 21.65 21.22 20.34 21.91 19.46 19.08 20.93 20.80 23.04 19.28 13.67 12.96 09.73
14.09 13.68 13.26 09.42 09.89 10.56 11.25 11.72 12.43 14.82 17.17 17.44 17.47 16.12 14.59 16.38 11.32 12.93 14.22 15.03 15.71 16.23 16.77 17.14 24.60 24.56 24.39 24.25 24.14 23.94 23.78 23.68 23.58 23.29 22.90 21.96 22.89 23.02 22.17 21.66 20.72 21.55 23.53 23.21 22.87 22.20 21.73 21.33 20.16 19.07 19.87 15.56 18.81 25.81 26.38 26.19 22.86 15.21 12.62 10.86
11.78 11.72 09.30 09.78 10.50 11.17 11.66 12.38 15.37 15.74 17.61 12.56 15.29 14.99 15.89 09.97 13.02 14.38 15.31 16.14 16.55 17.33 17.08 16.13 16.48 24.43 24.33 24.14 24.12 24.02 23.81 23.70 23.42 23.03 22.10 23.92 23.16 22.28 21.77 20.76 21.04 23.29 23.37 22.98 22.36 21.85 21.24 20.19 19.08 19.56 19.60 13.16 14.34 21.01 22.30 24.22 23.16 16.35 12.28 09.73
07.98 09.00 09.63 10.33 11.12 11.73 12.27 12.87 07.91 10.76 15.33 11.14 15.74 17.54 08.75 12.59 14.57 15.63 16.52 17.15 17.22 16.64 16.43 16.73 16.78 16.78 24.24 24.06 24.05 23.97 23.83 23.56 23.14 22.24 21.66 23.39 22.35 21.87 20.85 19.32 23.73 23.54 23.11 22.58 21.96 21.36 20.55 19.07 19.69 19.55 21.81 21.28 11.73 15.10 18.80 24.75 23.13 18.60 14.96 09.37
08.40 09.44 10.03 10.93 11.65 12.30 12.98 14.03 09.40 10.40 13.81 14.76 12.23 06.13 11.81 14.88 15.98 17.04 17.67 17.14 16.43 16.74 16.85 16.85 16.90 16.96 16.94 24.07 23.98 24.00 23.69 23.21 22.38 21.95 23.44 22.68 21.94 20.92 19.32 23.90 23.68 23.30 22.76 22.18 21.40 20.55 19.07 19.82 19.34 21.88 21.38 20.71 10.84 11.19 15.47 18.45 16.78 19.83 15.74 10.24
09.11 09.82 10.67 11.53 12.25 12.93 14.17 15.22 12.10 09.84 13.70 17.04 04.63 12.64 14.94 16.73 17.73 17.74 15.68 16.70 16.96 16.96 16.97 17.03 17.08 17.04 17.03 18.10 24.03 23.89 23.36 22.52 22.13 23.60 22.82 22.11 20.95 19.34 24.01 23.78 23.45 22.95 22.34 21.53 20.40 19.27 19.41 19.81 21.84 21.49 20.80 20.45 20.01 10.83 11.59 12.87 20.31 17.93 15.73 12.11
09.53 10.27 11.36 12.20 12.90 14.25 15.54 16.13 11.84 11.63 11.54 07.28 11.30 15.72 17.55 17.56 15.77 16.49 17.03 17.13 17.10 17.08 17.19 17.19 17.11 17.14 17.14 17.09 20.20 23.59 22.71 22.37 23.74 22.91 22.25 21.00 19.21 23.19 23.92 23.59 23.06 22.47 21.71 20.43 19.21 19.53 21.68 21.82 21.59 20.89 20.54 20.11 19.62 10.74 10.70 11.08 14.01 17.56 16.52 11.06
10.12 11.85 13.36 13.70 14.38 15.83 16.38 16.81 16.31 09.83 06.13 10.71 16.76 17.69 17.26 15.31 16.67 17.20 17.23 17.28 17.27 17.24 17.25 17.25 17.25 17.23 17.18 17.21 17.26 22.67 22.52 23.95 23.05 22.14 21.04 19.24 23.95 24.03 23.73 23.22 22.57 21.89 20.47 19.26 19.62 20.66 22.52 21.72 20.95 20.62 20.19 19.69 19.25 10.77 10.66 10.59 11.94 17.30 15.66 11.34
12.89 14.36 15.65 17.63 19.32 19.96 16.97 17.33 16.90 17.12 17.82 18.15 17.78 10.81 15.28 17.16 17.36 17.34 17.44 17.44 17.42 17.34 17.36 17.35 17.29 17.34 17.35 17.39 17.41 17.31 24.21 23.22 22.28 21.05 19.61 23.63 24.14 23.84 23.37 22.73 22.07 20.48 19.44 19.69 20.81 22.60 21.72 21.06 20.70 20.25 19.74 19.27 18.69 11.96 10.68 09.16 10.22 13.14 12.96 11.63
14.03 15.36 17.78 19.23 20.15 20.70 21.22 18.11 17.28 17.53 16.86 16.99 11.80 15.69 17.51 17.42 17.53 17.54 17.52 17.54 17.50 17.47 17.45 17.45 17.49 17.52 17.56 17.27 16.85 17.05 20.28 22.42 21.02 19.52 24.03 24.28 23.97 23.51 22.87 22.24 20.48 19.59 19.76 20.91 22.66 21.83 21.26 20.82 20.32 19.76 19.27 18.68 18.24 23.14 10.08 10.12 10.32 11.09 11.44 10.93
15.08 17.97 19.62 20.42 20.91 21.23 20.84 21.12 20.09 09.78 09.15 09.16 16.06 17.65 17.52 17.64 17.70 17.69 17.67 17.67 17.64 17.57 17.62 17.65 17.70 17.42 17.41 16.98 17.24 17.36 17.33 21.03 19.36 21.99 24.33 24.12 23.69 22.98 22.10 20.46 18.71 19.83 20.99 22.77 21.94 21.35 20.89 20.38 19.77 19.32 18.66 18.60 23.14 22.93 22.51 10.54 10.70 10.97 10.86 10.55
17.52 19.96 20.62 21.10 20.64 20.83 21.08 21.50 21.72 20.79 18.21 17.82 17.49 17.62 17.66 17.82 17.83 17.85 17.86 17.76 17.73 17.80 17.84 17.58 17.59 17.05 17.29 17.47 17.50 17.33 17.03 19.29 18.13 24.28 24.29 23.87 23.15 22.01 20.66 20.68 20.10 21.10 22.85 22.09 21.43 20.97 20.43 19.76 19.28 18.81 19.01 22.96 23.09 22.74 21.96 10.86 10.96 10.88 10.76 10.46
19.96 20.87 21.22 20.76 20.96 21.32 21.62 21.83 21.96 21.97 20.11 17.85 17.75 17.72 17.75 17.88 17.94 17.94 17.92 17.99 18.02 17.55 17.07 17.11 17.27 17.61 17.51 17.41 17.01 16.82 16.77 18.99 24.15 24.42 24.05 23.35 22.19 20.60 20.66 20.10 21.15 22.62 22.23 21.53 21.04 20.48 19.80 19.23 18.70 17.81 22.35 23.24 22.91 22.16 21.33 20.76 10.99 10.89 10.71 10.49
21.16 20.77 20.86 21.08 21.36 21.63 21.91 22.04 21.98 21.59 21.66 19.89 17.91 17.83 17.82 17.92 17.94 18.03 18.20 17.83 17.07 17.61 16.38 17.76 17.64 17.50 17.25 16.93 17.15 17.08 16.69 15.75 19.54 24.23 23.55 22.39 20.57 20.62 20.15 21.27 22.39 22.36 21.62 21.11 20.54 19.83 19.26 18.64 17.70 22.88 23.41 23.05 22.38 21.45 20.78 20.26 10.94 10.93 10.65 10.49
20.79 20.97 21.23 21.51 21.69 21.88 22.05 21.84 21.76 21.84 21.76 21.66 19.26 17.93 17.86 17.89 18.11 18.17 13.30 14.39 15.48 17.26 17.89 17.60 17.29 17.06 16.70 17.36 15.70 16.15 15.35 16.47 16.92 20.24 22.58 20.49 20.65 20.20 21.35 22.35 22.44 21.82 21.19 20.57 19.84 19.31 18.60 18.51 22.61 23.60 23.28 22.75 21.62 20.86 20.28 19.51 12.04 10.81 10.61 10.48
21.09 21.40 21.64 21.81 21.94 21.99 21.65 21.87 21.93 21.97 21.90 21.74 21.73 18.14 17.99 18.05 18.15 18.23 18.29 18.22 18.04 17.89 16.84 16.97 17.36 17.67 17.12 17.60 15.91 16.68 16.99 17.19 17.28 17.30 20.27 20.14 20.40 21.43 22.34 22.57 21.89 21.25 20.62 19.90 19.27 18.57 19.30 22.14 23.58 23.26 22.72 21.79 21.01 20.34 19.52 18.79 16.23 10.79 10.67 10.54
21.47 21.77 21.95 22.04 21.58 21.75 21.91 21.98 22.04 22.01 22.02 21.79 21.81 21.80 18.14 18.16 18.25 18.31 18.33 17.24 17.75 17.88 12.38 13.54 17.53 17.00 14.68 16.48 17.02 17.26 17.41 17.33 17.24 16.88 21.54 20.53 20.20 22.34 22.69 22.02 21.25 20.62 19.88 19.26 18.36 22.12 22.22 23.72 23.34 22.85 22.07 21.11 20.47 19.52 18.76 18.30 19.40 10.86 10.66 10.52
21.82 21.85 21.94 21.65 21.92 22.01 22.03 22.09 22.18 22.04 21.95 21.93 21.92 21.92 20.54 18.27 18.31 18.35 18.34 16.30 17.49 18.05 17.13 17.01 16.48 15.57 16.92 17.26 17.48 17.59 17.09 17.04 17.40 17.15 18.17 20.35 23.45 22.79 22.13 21.33 20.65 20.02 19.20 18.26 21.40 22.37 23.10 23.51 23.00 22.28 21.15 20.54 19.56 18.75 18.62 19.42 18.51 10.71 10.61 10.48
21.97 21.58 21.68 21.79 21.98 22.14 22.22 22.19 22.21 22.14 22.09 22.08 21.98 21.96 21.95 18.43 18.38 18.39 18.25 18.09 18.18 16.38 13.84 13.53 16.27 17.23 17.55 17.67 17.66 14.21 17.35 17.23 17.20 17.24 16.81 23.45 22.90 22.25 21.42 20.70 20.03 19.19 17.86 21.25 22.41 22.74 23.67 23.19 22.46 21.26 20.61 19.56 18.73 18.90 19.30 18.60 17.78 10.68 10.56 10.43
21.69 21.83 21.93 22.00 22.11 22.32 22.26 22.30 22.31 22.18 22.19 22.09 21.99 21.91 21.91 20.16 18.41 18.22 17.79 17.68 18.17 17.93 15.28 16.51 17.66 17.86 17.83 17.60 17.34 14.88 15.78 17.29 16.93 17.39 17.30 21.24 22.38 21.47 20.74 20.00 19.16 17.51 23.14 22.45 22.76 23.88 23.37 22.66 21.29 20.72 19.56 18.76 19.14 19.36 18.57 17.79 17.24 10.59 10.45 10.34
21.84 21.97 22.06 22.17 22.28 22.34 22.32 22.41 22.36 22.16 22.14 22.10 21.92 21.77 21.91 21.88 18.08 18.26 18.03 18.18 17.94 16.01 16.94 17.92 17.94 17.88 17.36 17.03 16.81 16.94 17.11 17.52 17.42 17.41 17.38 17.35 21.55 20.80 19.95 19.17 17.30 23.30 22.60 23.81 23.98 23.57 22.57 21.36 20.62 19.66 18.80 19.37 19.43 18.50 17.74 17.18 16.45 10.48 10.34 10.23
22.02 22.11 22.29 22.30 22.39 22.46 22.40 22.43 22.37 22.15 22.03 21.92 21.70 21.59 21.48 22.18 17.64 15.87 16.66 13.26 16.30 17.89 18.00 17.83 17.26 17.03 16.99 17.26 17.40 17.60 17.49 17.54 17.53 17.45 17.38 17.27 20.81 19.93 18.50 18.00 21.31 22.76 23.66 24.05 23.76 22.76 21.68 20.68 19.70 18.82 19.57 19.52 18.41 17.70 17.04 16.32 15.81 10.67 10.56 10.50
22.20 22.21 22.40 22.42 22.59 22.59 22.51 22.39 22.19 21.98 21.79 21.61 21.29 20.60 20.67 20.79 21.54 10.82 13.55 17.13 18.06 17.91 17.41 17.01 16.81 17.49 17.60 17.83 17.67 17.67 17.67 17.61 17.47 17.35 17.25 17.12 18.10 18.19 18.49 19.11 23.03 21.53 23.79 23.96 22.97 21.79 20.78 19.62 18.86 19.72 19.60 18.22 17.70 16.93 16.18 15.84 17.75 10.72 10.59 10.49
