helipistas/1493500819_153_430/OUTPUT/raster.fli
north:    4587657.789070
south:    4565457.789070
east:     386153.824162
west:     366353.824162
rows:     222
cols:     198
[rows 104 to 129 of 222, columns 60 to 119 of 198]
-0001.000 -0001.000 -0001.000 -0001.000 -0001.000 -0001.000 -0001.000 -0001.000 -0001.000 -0001.000 -0001.000 -0001.000 -0001.000 -0001.000 -0001.000 -0001.000 -0001.000 -0001.000 00003.879 00016.121 00020.534 -0001.000 -0001.000 -0001.000 00006.811 00010.071 00008.330 00006.237 00008.146 00688.766 00708.165 00005.645 00009.300 00068.381 00858.382 00856.410 00933.086 01073.885 00093.400 -0001.000 -0001.000 -0001.000 -0001.000 -0001.000 -0001.000 -0001.000 -0001.000 -0001.000 -0001.000 -0001.000 -0001.000 -0001.000 -0001.000 -0001.000 -0001.000 -0001.000 -0001.000 -0001.000 -0001.000 -0001.000
-0001.000 -0001.000 -0001.000 -0001.000 -0001.000 -0001.000 -0001.000 -0001.000 -0001.000 -0001.000 -0001.000 -0001.000 -0001.000 -0001.000 -0001.000 -0001.000 -0001.000 00060.204 00084.452 00092.578 00008.475 00009.763 00009.765 -0001.000 00008.893 00009.567 00008.110 00977.855 00911.715 00035.706 00047.303 00007.247 00009.515 00075.203 01168.405 00769.090 -0001.000 -0001.000 -0001.000 -0001.000 -0001.000 -0001.000 -0001.000 -0001.000 -0001.000 -0001.000 -0001.000 -0001.000 -0001.000 -0001.000 -0001.000 -0001.000 -0001.000 -0001.000 -0001.000 -0001.000 -0001.000 -0001.000 -0001.000 -0001.000
02464.730 -0001.000 -0001.000 -0001.000 -0001.000 -0001.000 -0001.000 -0001.000 -0001.000 -0001.000 -0001.000 -0001.000 -0001.000 -0001.000 -0001.000 -0001.000 00002.045 00047.491 00072.927 00097.098 00012.366 00011.667 00011.789 00011.144 00024.361 00008.508 00007.663 00874.033 00854.918 00042.914 00065.469 01236.600 00906.017 -0001.000 -0001.000 -0001.000 -0001.000 -0001.000 -0001.000 -0001.000 -0001.000 -0001.000 -0001.000 -0001.000 -0001.000 -0001.000 -0001.000 -0001.000 -0001.000 -0001.000 -0001.000 -0001.000 -0001.000 -0001.000 -0001.000 -0001.000 -0001.000 -0001.000 -0001.000 -0001.000
02377.840 -0001.000 -0001.000 -0001.000 -0001.000 -0001.000 -0001.000 -0001.000 -0001.000 -0001.000 -0001.000 -0001.000 -0001.000 -0001.000 -0001.000 -0001.000 00002.313 00058.926 00066.749 00143.035 00011.629 00011.368 00008.873 00005.219 00005.706 00006.234 00010.988 01168.260 01326.571 00114.266 -0001.000 -0001.000 -0001.000 -0001.000 -0001.000 -0001.000 -0001.000 -0001.000 -0001.000 -0001.000 -0001.000 -0001.000 -0001.000 -0001.000 -0001.000 -0001.000 -0001.000 -0001.000 -0001.000 -0001.000 -0001.000 -0001.000 -0001.000 -0001.000 -0001.000 -0001.000 -0001.000 -0001.000 -0001.000 -0001.000
01156.895 00919.721 00783.146 -0001.000 -0001.000 -0001.000 -0001.000 -0001.000 -0001.000 -0001.000 -0001.000 -0001.000 -0001.000 -0001.000 -0001.000 -0001.000 00002.683 00059.845 00070.347 00021.122 00087.306 00077.626 01041.739 00890.222 01010.188 01223.418 01177.237 -0001.000 -0001.000 -0001.000 -0001.000 -0001.000 -0001.000 -0001.000 -0001.000 -0001.000 -0001.000 -0001.000 -0001.000 -0001.000 -0001.000 -0001.000 -0001.000 -0001.000 -0001.000 -0001.000 -0001.000 -0001.000 -0001.000 -0001.000 -0001.000 -0001.000 -0001.000 -0001.000 -0001.000 -0001.000 -0001.000 -0001.000 -0001.000 -0001.000
02871.239 01766.812 01377.078 -0001.000 -0001.000 00776.061 -0001.000 00007.780 -0001.000 -0001.000 -0001.000 -0001.000 -0001.000 00003.675 00003.240 00002.780 00002.463 00096.465 00096.572 00012.509 00059.651 00075.888 01178.693 01249.720 -0001.000 -0001.000 -0001.000 -0001.000 -0001.000 -0001.000 -0001.000 -0001.000 -0001.000 -0001.000 -0001.000 -0001.000 -0001.000 -0001.000 -0001.000 -0001.000 -0001.000 -0001.000 -0001.000 -0001.000 -0001.000 -0001.000 -0001.000 -0001.000 -0001.000 -0001.000 -0001.000 -0001.000 -0001.000 -0001.000 -0001.000 -0001.000 -0001.000 -0001.000 -0001.000 -0001.000
02462.678 01726.236 01420.589 00048.744 -0001.000 -0001.000 00058.945 00076.269 00065.606 00050.651 00055.435 00059.012 00084.561 00087.956 00079.277 00069.077 00079.708 00110.256 00129.784 00090.535 00069.081 -0001.000 -0001.000 -0001.000 -0001.000 -0001.000 -0001.000 -0001.000 -0001.000 -0001.000 -0001.000 -0001.000 -0001.000 -0001.000 -0001.000 -0001.000 -0001.000 -0001.000 -0001.000 -0001.000 -0001.000 -0001.000 -0001.000 -0001.000 -0001.000 -0001.000 -0001.000 -0001.000 -0001.000 -0001.000 -0001.000 -0001.000 -0001.000 -0001.000 -0001.000 -0001.000 -0001.000 -0001.000 -0001.000 01242.889
01383.359 01464.738 01246.917 00036.289 00034.896 00026.293 00050.251 00060.465 00069.724 00053.472 00055.415 00086.248 00115.058 00064.647 00057.656 00069.546 00106.213 00110.302 -0001.000 -0001.000 -0001.000 -0001.000 -0001.000 -0001.000 -0001.000 -0001.000 -0001.000 -0001.000 -0001.000 -0001.000 -0001.000 -0001.000 -0001.000 -0001.000 -0001.000 -0001.000 -0001.000 -0001.000 -0001.000 -0001.000 -0001.000 -0001.000 -0001.000 -0001.000 -0001.000 -0001.000 -0001.000 -0001.000 -0001.000 -0001.000 -0001.000 -0001.000 -0001.000 -0001.000 -0001.000 -0001.000 -0001.000 -0001.000 -0001.000 01526.586
01423.066 01713.173 01274.045 -0001.000 00006.720 00070.451 00830.905 01749.845 00115.244 00070.449 01112.965 01298.236 00114.673 00070.602 00070.808 01132.688 00958.270 00006.634 00007.340 00050.114 00083.377 -0001.000 -0001.000 -0001.000 -0001.000 -0001.000 -0001.000 -0001.000 -0001.000 -0001.000 -0001.000 -0001.000 -0001.000 -0001.000 -0001.000 -0001.000 -0001.000 -0001.000 -0001.000 -0001.000 -0001.000 -0001.000 -0001.000 -0001.000 -0001.000 -0001.000 -0001.000 -0001.000 -0001.000 -0001.000 -0001.000 -0001.000 -0001.000 -0001.000 -0001.000 -0001.000 -0001.000 -0001.000 -0001.000 01631.141
01256.853 01108.596 00786.848 -0001.000 00012.900 00067.556 00756.056 01781.925 00117.768 00074.156 01150.462 01039.361 00101.468 00069.277 00069.970 01335.601 01059.362 00005.310 00009.126 00008.299 00063.419 00073.367 01446.435 01826.879 -0001.000 -0001.000 -0001.000 -0001.000 -0001.000 -0001.000 -0001.000 -0001.000 -0001.000 -0001.000 -0001.000 -0001.000 -0001.000 -0001.000 -0001.000 -0001.000 -0001.000 -0001.000 -0001.000 -0001.000 -0001.000 -0001.000 -0001.000 -0001.000 -0001.000 -0001.000 -0001.000 -0001.000 -0001.000 -0001.000 -0001.000 -0001.000 -0001.000 -0001.000 00887.269 01006.651
01083.540 01070.628 00701.590 00866.730 00960.399 01001.538 00007.306 00015.597 00095.629 00072.541 00056.203 00055.177 00010.886 00010.017 00008.763 00069.906 00069.193 00006.899 00006.608 00010.837 00065.996 00063.578 00905.903 01211.777 01249.095 01325.312 01329.545 01149.088 -0001.000 -0001.000 -0001.000 -0001.000 -0001.000 -0001.000 -0001.000 -0001.000 -0001.000 -0001.000 -0001.000 -0001.000 -0001.000 -0001.000 -0001.000 -0001.000 -0001.000 -0001.000 -0001.000 -0001.000 -0001.000 -0001.000 -0001.000 -0001.000 -0001.000 -0001.000 -0001.000 -0001.000 -0001.000 -0001.000 01110.227 00740.446
01087.341 01119.876 00790.287 00823.218 01028.411 01087.861 00005.724 00028.555 00081.434 00071.980 00060.317 00054.563 00013.418 00039.809 00009.341 00056.232 00053.997 00682.318 01073.954 01686.311 00080.055 00060.683 00006.506 00009.991 01011.605 01024.452 00977.133 00902.095 01080.011 01216.371 01529.750 01919.021 -0001.000 -0001.000 -0001.000 -0001.000 -0001.000 -0001.000 -0001.000 -0001.000 -0001.000 -0001.000 -0001.000 -0001.000 -0001.000 -0001.000 -0001.000 -0001.000 -0001.000 -0001.000 -0001.000 -0001.000 -0001.000 -0001.000 -0001.000 -0001.000 -0001.000 -0001.000 00967.370 01244.969
01117.031 01087.742 00882.053 00933.052 01107.302 01081.366 00006.281 00011.703 00086.648 00076.620 00060.481 00045.089 00008.701 00006.959 00009.418 00058.445 00060.577 00834.140 01007.088 01185.571 00055.183 00042.246 00006.318 00010.307 01698.516 01266.331 01004.700 00907.131 01053.004 01292.648 01117.215 01080.394 01526.068 01766.412 00129.141 00187.984 -0001.000 -0001.000 -0001.000 -0001.000 -0001.000 -0001.000 -0001.000 -0001.000 -0001.000 -0001.000 -0001.000 -0001.000 -0001.000 -0001.000 -0001.000 -0001.000 -0001.000 -0001.000 -0001.000 -0001.000 -0001.000 -0001.000 00910.534 01764.947
01092.731 01125.276 00968.363 00993.411 00847.551 00764.362 01078.924 01083.276 00993.027 00889.002 00080.877 00068.558 01233.854 01056.938 01039.875 00995.925 00983.070 01058.803 01027.941 01313.768 01078.633 00906.656 00955.131 01392.103 00016.163 01580.743 01032.757 01107.343 00866.345 01065.003 01087.499 00757.633 01231.885 01491.270 01612.152 01669.803 02353.978 02691.349 00298.754 03059.515 -0001.000 -0001.000 -0001.000 -0001.000 -0001.000 -0001.000 -0001.000 -0001.000 -0001.000 -0001.000 -0001.000 -0001.000 -0001.000 -0001.000 -0001.000 -0001.000 -0001.000 01066.215 00811.492 01250.002
00907.421 00978.131 01073.677 01163.047 01100.318 01102.034 01316.635 01377.274 01419.465 01654.800 00083.310 00071.295 01086.341 00991.347 00984.775 01014.289 01169.687 01214.405 00986.612 01005.975 01086.764 00963.459 01115.229 01125.715 00015.974 01306.619 01533.502 01444.526 01038.720 00701.701 00888.076 00952.896 00902.197 01047.236 01197.642 01190.850 01182.094 01262.889 00127.706 01716.525 01542.010 01680.568 01738.623 01831.780 -0001.000 -0001.000 -0001.000 -0001.000 -0001.000 -0001.000 -0001.000 -0001.000 -0001.000 -0001.000 -0001.000 -0001.000 -0001.000 01062.014 00759.158 00893.531
00763.599 00971.498 01114.352 01226.125 01316.026 01369.422 00010.270 00013.235 00069.819 00085.163 00091.056 01060.724 01015.304 01017.077 01013.952 00964.520 01298.368 01358.118 00055.942 00054.209 00066.413 00072.643 01215.025 01184.054 00130.835 00074.321 00078.275 01447.806 00992.809 00937.958 00851.124 01323.449 00749.510 01020.782 01157.197 01066.346 01125.995 01030.866 00012.031 01258.034 01501.820 01608.421 01576.446 01486.212 01669.385 03259.040 02702.526 00979.003 -0001.000 -0001.000 -0001.000 -0001.000 -0001.000 -0001.000 -0001.000 -0001.000 -0001.000 00930.464 00743.119 00629.724
01000.484 00894.420 00881.039 01002.191 01159.601 01060.477 -0001.000 00015.082 00113.512 00089.195 00109.088 01112.881 00983.085 00843.534 00746.470 00695.249 00937.204 01019.261 00061.506 00060.508 00061.109 00051.127 00872.456 00881.298 00094.255 00061.238 00091.551 01204.337 00997.121 01102.263 00756.393 01639.246 01238.847 00995.338 01042.630 01029.550 01006.015 00933.872 00010.147 00056.469 00071.053 01353.226 01489.600 01848.270 01437.541 02143.931 01807.634 01147.710 01323.146 01502.500 01734.779 -0001.000 -0001.000 -0001.000 -0001.000 -0001.000 01080.440 00838.353 00692.685 00665.358
01090.322 01020.329 00839.566 01062.230 01122.517 00973.427 -0001.000 00013.399 00107.138 00105.942 00141.746 00072.404 00063.221 00055.643 00038.962 00036.384 00051.216 00059.170 00010.438 00010.109 00009.929 00053.951 00737.028 00751.594 00054.736 00085.308 00096.758 01207.754 00917.295 01097.852 00629.334 01325.020 01353.122 01093.954 01213.870 01141.452 01008.877 00907.486 00010.270 00065.391 00095.305 01147.877 01420.388 01581.895 01380.136 01940.507 01369.612 00792.850 00757.658 00990.215 01037.794 01101.558 01404.006 01409.534 01550.781 -0001.000 00952.824 00897.352 00758.705 00634.648
01232.198 01061.593 01026.190 01083.405 01116.415 00968.212 -0001.000 00011.810 00096.419 00096.480 00101.803 00078.928 00070.362 00067.194 00066.269 00060.398 00056.340 00058.241 00008.263 00010.706 00010.140 00008.952 00052.444 00051.295 00053.256 00066.830 00103.243 01170.586 01238.367 01325.534 00934.394 00979.516 01178.257 01033.166 01187.970 01132.464 01027.969 00874.588 00787.494 00008.206 00013.578 00066.294 00067.395 01160.567 01464.169 01707.866 01137.613 00709.576 00752.406 00845.994 00864.269 01057.982 00966.579 01131.519 01278.336 01309.497 00956.250 00899.054 00656.675 00681.134
01122.946 01166.590 01057.266 00973.640 01170.741 01005.887 -0001.000 00012.708 00085.433 00097.405 00094.448 00069.713 00068.683 00063.999 00048.674 00047.358 00053.971 00052.387 00043.992 00039.993 00033.602 00009.045 00050.239 00051.062 00079.281 00060.604 00099.644 01321.032 01654.260 01713.234 01296.257 00906.314 00768.615 00941.680 00908.470 00820.663 00642.956 00726.552 00658.983 00006.012 00012.551 00063.369 00063.321 01038.925 01350.811 01593.841 00846.898 00778.841 01051.692 00793.466 00807.037 00875.598 00808.358 00809.491 00865.487 00846.980 00889.145 00828.471 00686.862 00658.360
01075.956 01063.594 01162.631 01559.216 01215.022 01070.416 00948.316 00985.738 -0001.000 00010.795 00013.593 -0001.000 -0001.000 -0001.000 -0001.000 -0001.000 00007.764 00022.394 01190.948 01158.382 01029.582 00940.208 00028.332 00030.653 00023.858 00008.834 00012.675 01626.095 01586.545 01664.660 01490.859 01019.832 00723.498 00887.256 00888.524 00999.898 01073.242 00745.400 00043.492 00060.274 00082.300 01332.636 00986.281 01004.891 01104.491 01394.362 00905.397 00786.638 00945.700 00860.708 00947.834 00866.519 00794.368 00790.280 00824.057 00860.243 00744.559 00778.913 00709.478 00666.163
01071.578 01068.328 01290.081 01681.205 01159.601 00682.157 00983.610 01011.900 -0001.000 -0001.000 -0001.000 -0001.000 -0001.000 -0001.000 -0001.000 00006.317 00006.469 00008.852 01049.818 00991.898 00876.818 00816.207 00014.797 00005.946 -0001.000 00025.469 00011.485 01035.460 00980.293 00880.079 00908.901 01192.332 01151.252 00906.865 00613.592 01032.919 01247.637 00910.510 00065.953 00047.562 00069.943 01147.898 01069.387 01081.720 01115.469 01287.788 00998.970 00725.977 00937.677 00958.112 01016.401 00963.089 01022.909 01055.023 01008.671 01007.006 00892.838 00852.097 00781.243 00722.968
-0001.000 01104.339 01178.416 01475.223 01126.088 01134.048 01076.462 00938.894 00848.216 01512.863 01823.623 01085.955 00961.797 01005.400 01435.643 01369.011 01615.936 01450.663 01052.194 00973.806 00883.370 00799.681 00728.622 00735.100 -0001.000 00034.315 00010.786 00925.509 00986.317 00974.024 00843.781 01010.791 00009.687 00008.607 00048.709 00047.587 00055.157 00043.899 00050.669 00796.638 00995.790 01044.258 01043.072 00989.406 00917.105 01049.693 00947.865 00749.625 01077.763 01228.225 01188.588 01099.180 01084.207 01007.370 00929.538 00933.148 00832.099 00787.232 00730.769 00701.999
-0001.000 01480.785 02378.411 02058.640 01063.468 01854.711 01426.221 00940.343 01050.631 01313.811 01308.624 00952.903 00790.825 00878.550 01289.541 01249.074 01627.816 01591.587 01146.874 01065.655 01150.128 01050.784 00941.865 00789.067 -0001.000 00020.624 00009.710 01091.900 01196.394 01042.678 00973.258 00921.615 00005.902 00011.763 00067.872 00051.247 00050.929 00066.028 00057.774 00936.632 01017.954 01026.308 01130.072 01171.227 00898.328 00927.513 00857.910 01081.101 01285.034 01237.638 01218.093 01218.194 01161.373 01003.075 00941.634 00892.373 00818.653 00780.708 00730.275 00718.851
-0001.000 01383.507 03082.322 02197.769 -0001.000 -0001.000 -0001.000 -0001.000 01338.272 00924.151 -0001.000 -0001.000 -0001.000 00932.893 01018.604 01046.774 01236.065 01251.725 01115.608 00976.365 01085.739 01049.571 00008.370 00010.088 00074.103 00051.074 00011.341 00898.306 00880.799 00897.959 00859.216 00780.347 00006.254 00032.235 00060.242 00039.790 00043.522 00048.074 00062.547 00928.475 00868.633 00897.021 01076.814 01057.028 00948.771 00865.481 00827.829 01173.754 01317.382 00855.818 00963.387 01258.765 01194.694 01021.808 00937.280 00930.352 00905.878 00900.788 00804.897 00769.385
-0001.000 -0001.000 -0001.000 01549.455 -0001.000 -0001.000 -0001.000 -0001.000 -0001.000 -0001.000 -0001.000 -0001.000 -0001.000 01162.545 01161.596 01162.856 01262.812 01427.385 01160.168 01110.654 01085.052 01017.828 -0001.000 00011.812 00097.440 00057.204 00059.772 00007.046 00008.164 00869.938 00007.656 00007.299 00046.373 00072.746 01168.176 01054.649 00733.468 00657.497 01064.481 01009.514 01005.205 00907.354 00925.892 00898.285 00865.053 00822.984 00803.321 00977.456 01056.977 00848.106 00960.729 01335.397 01220.797 01114.215 00927.433 00008.256 00009.344 00010.368 00009.218 00008.764
