helipistas/1493500819_153_430/OUTPUT/raster.ros
north:    4587657.789070
south:    4565457.789070
east:     386153.824162
west:     366353.824162
rows:     222
cols:     198
[rows 112 to 139 of 222, columns 63 to 125 of 198]
-0001.000 00.16 00.86 01.77 03.72 01.21 00.75 02.43 02.83 01.25 00.78 00.76 02.42 01.99 00.16 00.18 00.46 00.71 -0001.000 -0001.000 -0001.000 -0001.000 -0001.000 -0001.000 -0001.000 -0001.000 -0001.000 -0001.000 -0001.000 -0001.000 -0001.000 -0001.000 -0001.000 -0001.000 -0001.000 -0001.000 -0001.000 -0001.000 -0001.000 -0001.000 -0001.000 -0001.000 -0001.000 -0001.000 -0001.000 -0001.000 -0001.000 -0001.000 -0001.000 -0001.000 -0001.000 -0001.000 -0001.000 -0001.000 -0001.000 -0001.000 03.03 02.63 01.54 01.35 01.40 01.41 01.37
-0001.000 00.25 00.82 01.61 03.81 01.24 00.79 02.49 02.26 01.09 00.76 00.76 02.86 02.27 00.13 00.22 00.21 00.68 00.74 02.63 03.22 -0001.000 -0001.000 -0001.000 -0001.000 -0001.000 -0001.000 -0001.000 -0001.000 -0001.000 -0001.000 -0001.000 -0001.000 -0001.000 -0001.000 -0001.000 -0001.000 -0001.000 -0001.000 -0001.000 -0001.000 -0001.000 -0001.000 -0001.000 -0001.000 -0001.000 -0001.000 -0001.000 -0001.000 -0001.000 -0001.000 -0001.000 -0001.000 -0001.000 -0001.000 85.02 01.96 02.15 01.51 01.35 01.41 01.44 01.40
01.77 01.93 02.07 00.17 00.36 01.01 00.77 00.71 00.70 00.26 00.24 00.22 00.76 00.75 00.17 00.16 00.27 00.72 00.68 01.80 02.34 02.36 02.46 02.41 02.04 -0001.000 -0001.000 -0001.000 -0001.000 -0001.000 -0001.000 -0001.000 -0001.000 -0001.000 -0001.000 -0001.000 -0001.000 -0001.000 -0001.000 -0001.000 -0001.000 -0001.000 -0001.000 -0001.000 -0001.000 -0001.000 -0001.000 -0001.000 -0001.000 -0001.000 -0001.000 -0001.000 -0001.000 -0001.000 -0001.000 02.00 01.48 02.11 01.69 01.51 01.43 01.49 01.27
01.68 02.06 02.21 00.13 00.45 00.87 00.76 00.76 00.69 00.25 00.49 00.22 00.62 00.59 01.53 02.41 03.79 00.88 00.65 00.16 00.24 02.04 02.04 01.93 01.78 02.08 02.27 02.76 03.36 -0001.000 -0001.000 -0001.000 -0001.000 -0001.000 -0001.000 -0001.000 -0001.000 -0001.000 -0001.000 -0001.000 -0001.000 -0001.000 -0001.000 -0001.000 -0001.000 -0001.000 -0001.000 -0001.000 -0001.000 -0001.000 -0001.000 -0001.000 -0001.000 -0001.000 -0001.000 01.81 02.50 03.18 01.47 01.45 01.51 01.63 01.34
01.92 02.24 02.17 00.15 00.27 00.87 00.79 00.76 00.57 00.20 00.16 00.22 00.63 00.66 01.87 02.27 02.66 00.61 00.47 00.15 00.25 03.55 02.64 02.10 01.89 02.15 02.59 02.19 02.08 02.85 03.23 01.05 01.40 -0001.000 -0001.000 -0001.000 -0001.000 -0001.000 -0001.000 -0001.000 -0001.000 -0001.000 -0001.000 -0001.000 -0001.000 -0001.000 -0001.000 -0001.000 -0001.000 -0001.000 -0001.000 -0001.000 -0001.000 -0001.000 -0001.000 01.75 03.59 03.93 01.45 01.42 01.70 01.60 01.35
02.05 01.72 01.55 02.22 02.26 02.09 01.88 00.86 00.72 02.63 02.26 02.25 02.19 02.19 02.37 02.31 02.93 02.38 01.98 02.06 02.99 00.40 03.33 02.18 02.34 01.82 02.20 02.23 01.56 02.46 02.93 03.20 03.28 04.43 04.85 02.96 184.98 -0001.000 -0001.000 -0001.000 -0001.000 -0001.000 -0001.000 -0001.000 -0001.000 -0001.000 -0001.000 -0001.000 -0001.000 -0001.000 -0001.000 -0001.000 -0001.000 -0001.000 01.89 01.61 02.60 02.81 01.71 02.13 01.94 01.43 01.37
02.38 02.23 02.22 02.73 02.89 03.05 03.56 00.89 00.75 02.32 02.13 02.14 02.24 02.60 02.72 02.22 02.25 02.40 02.10 02.42 02.43 00.40 02.77 03.26 03.07 02.20 01.48 01.87 02.03 01.89 02.16 02.46 02.40 02.34 02.43 01.44 03.16 02.84 03.02 03.08 03.17 -0001.000 -0001.000 -0001.000 -0001.000 -0001.000 -0001.000 -0001.000 -0001.000 -0001.000 -0001.000 -0001.000 -0001.000 -0001.000 01.95 01.53 01.88 01.99 01.70 01.93 01.74 01.33 01.42
02.50 02.67 02.78 00.24 00.31 00.87 01.08 00.96 02.25 02.17 02.19 02.21 02.13 02.88 02.98 00.72 00.70 00.73 00.79 02.65 02.57 01.42 00.94 01.00 03.09 02.11 02.00 01.81 02.80 01.61 02.18 02.47 02.25 02.33 02.11 00.29 02.49 02.95 03.11 03.01 02.79 03.06 05.76 04.74 177.20 -0001.000 -0001.000 -0001.000 -0001.000 -0001.000 -0001.000 -0001.000 -0001.000 -0001.000 01.78 01.53 01.33 01.84 01.61 01.46 01.31 01.46 01.68
02.06 02.38 02.19 -0001.000 00.35 01.40 01.13 01.15 02.36 02.09 01.82 01.63 01.55 02.07 02.26 00.78 00.78 00.67 00.56 01.92 01.93 01.03 00.78 01.17 02.58 02.14 02.36 01.61 03.48 02.67 02.14 02.24 02.21 02.15 01.99 00.26 00.72 00.90 02.77 03.01 03.66 02.74 04.00 03.38 02.19 02.46 02.72 03.06 -0001.000 -0001.000 -0001.000 -0001.000 -0001.000 01.89 01.65 01.45 01.41 01.81 01.57 00.45 00.45 00.50 00.55
02.20 02.34 02.03 -0001.000 00.31 01.10 01.13 01.50 00.76 00.67 00.59 00.41 00.39 00.55 00.64 00.25 00.24 00.23 00.59 01.64 01.67 00.60 01.09 01.24 02.60 01.98 02.37 01.35 02.82 02.94 02.37 02.63 02.46 02.17 01.95 00.26 00.84 01.21 02.43 02.98 03.22 02.73 03.78 02.70 01.62 01.53 01.95 02.00 02.09 02.59 02.55 02.73 -0001.000 01.74 01.80 01.60 01.35 01.37 01.39 00.40 00.45 00.55 00.58
02.26 02.34 02.03 -0001.000 00.28 00.96 01.02 01.09 00.82 00.73 00.70 00.67 00.64 00.59 00.61 00.17 00.25 00.24 00.21 00.58 00.56 00.57 00.85 01.32 02.54 02.70 02.87 02.01 02.10 02.52 02.22 02.54 02.42 02.19 01.87 01.72 00.20 00.33 00.70 00.71 02.43 02.98 03.45 02.35 01.49 01.58 01.76 01.78 02.14 01.93 02.22 02.45 02.46 01.85 01.84 01.39 01.45 01.39 01.32 00.42 00.42 00.49 01.57
02.06 02.47 02.12 -0001.000 00.30 00.88 00.98 00.97 00.71 00.69 00.65 00.50 00.47 00.55 00.54 00.60 00.55 00.45 00.21 00.54 00.54 00.84 00.77 01.27 02.88 03.61 03.72 02.80 01.96 01.66 02.04 01.96 01.77 01.38 01.57 01.46 00.14 00.30 00.68 00.67 02.19 02.82 03.31 01.78 01.65 02.23 01.68 01.70 01.84 01.70 01.68 01.77 01.72 01.82 01.74 01.46 01.41 01.41 01.43 00.45 00.47 00.46 01.96
03.30 02.57 02.27 02.01 02.08 -0001.000 00.25 00.32 -0001.000 -0001.000 -0001.000 -0001.000 -0001.000 00.18 00.35 02.51 02.48 02.20 02.00 00.37 00.35 00.30 00.21 00.31 03.51 03.45 03.63 03.24 02.22 01.58 01.94 01.93 02.17 02.33 01.63 00.56 00.65 00.89 02.85 02.10 02.13 02.33 02.94 01.92 01.67 02.02 01.83 02.01 01.84 01.68 01.67 01.74 01.81 01.57 01.65 01.51 01.43 01.29 01.45 00.46 00.46 00.32 01.51
03.56 02.46 01.45 02.09 02.14 -0001.000 -0001.000 -0001.000 -0001.000 -0001.000 -0001.000 -0001.000 00.15 00.15 00.21 02.19 02.10 01.87 01.75 00.26 00.14 -0001.000 00.34 00.27 02.25 02.13 01.92 01.98 02.58 02.50 01.98 01.34 02.26 02.74 01.99 00.84 00.52 00.76 02.47 02.29 02.30 02.36 02.72 02.12 01.55 02.01 02.05 02.17 02.06 02.18 02.24 02.14 02.14 01.90 01.82 01.67 01.56 01.50 01.42 01.48 01.42 00.47 00.51
03.13 02.39 02.41 02.29 02.00 01.81 03.21 03.86 02.29 02.02 02.10 02.98 02.81 03.29 02.95 02.15 02.01 01.84 01.67 01.49 01.48 -0001.000 00.43 00.25 02.00 02.13 02.10 01.83 02.18 00.23 00.20 00.62 00.61 00.71 00.56 00.55 01.74 02.16 02.25 02.24 02.11 01.95 02.23 02.02 01.61 02.34 02.65 02.56 02.36 02.33 02.16 01.99 01.99 01.78 01.69 01.58 01.53 01.47 01.45 01.51 01.48 00.51 00.49
04.38 02.27 03.95 03.04 02.00 02.24 02.79 02.77 02.01 01.66 01.83 02.69 02.59 03.36 03.25 02.31 02.13 02.32 02.13 01.89 01.60 -0001.000 00.32 00.23 02.33 02.56 02.24 02.14 01.98 00.14 00.28 00.85 00.64 00.65 00.69 00.63 02.05 02.22 02.23 02.44 02.52 01.93 01.99 01.84 02.33 02.79 02.68 02.64 02.64 02.51 02.16 02.03 01.92 01.77 01.69 01.59 01.57 01.51 01.46 00.18 00.20 01.62 01.51
04.68 -0001.000 -0001.000 -0001.000 -0001.000 02.82 01.94 -0001.000 -0001.000 -0001.000 01.94 02.11 02.15 02.54 02.58 02.28 01.97 02.18 02.13 00.19 00.24 00.74 00.61 00.27 01.92 01.88 01.92 01.84 01.67 00.14 00.45 00.75 00.50 00.55 00.51 00.68 02.03 01.89 01.96 02.34 02.29 02.05 01.87 01.79 02.55 02.87 01.87 02.10 02.75 02.60 02.22 02.04 02.02 01.98 01.96 01.75 01.67 01.62 01.49 00.24 00.33 01.63 01.50
03.31 -0001.000 -0001.000 -0001.000 -0001.000 -0001.000 -0001.000 -0001.000 -0001.000 -0001.000 02.41 02.41 02.41 02.61 02.96 02.39 02.26 02.20 02.09 -0001.000 00.27 00.95 00.60 00.63 00.16 00.19 01.84 00.18 00.17 00.49 00.76 02.44 02.22 01.57 01.44 02.28 02.19 02.19 01.98 02.02 01.96 01.89 01.80 01.75 02.14 02.32 01.86 02.09 02.90 02.65 02.42 02.03 00.19 00.22 00.24 00.22 00.20 00.19 00.17 00.21 00.31 00.55 00.77
-0001.000 -0001.000 -0001.000 -0001.000 -0001.000 -0001.000 -0001.000 -0001.000 -0001.000 -0001.000 01.77 02.07 02.05 02.27 02.48 02.40 02.02 01.64 01.82 -0001.000 00.26 01.18 00.85 00.68 00.22 00.20 01.69 00.30 00.35 00.61 00.75 02.45 02.26 01.59 01.60 02.30 02.32 02.87 02.65 02.34 02.22 01.70 01.63 01.71 01.74 01.85 01.75 02.15 02.86 02.49 02.20 01.72 00.25 00.50 00.36 00.16 00.21 00.21 00.19 -0001.000 00.28 00.81 01.06
-0001.000 -0001.000 -0001.000 -0001.000 -0001.000 -0001.000 -0001.000 -0001.000 -0001.000 01.59 00.53 00.67 02.01 02.12 02.20 02.32 02.03 00.59 00.54 -0001.000 00.80 01.11 01.04 00.98 00.93 00.64 00.57 00.46 00.78 02.40 02.32 02.34 02.07 01.88 01.51 02.17 02.22 03.04 02.63 02.67 02.58 01.75 01.60 01.76 01.59 01.50 01.62 02.67 02.73 02.30 00.22 00.18 00.24 00.26 -0001.000 -0001.000 -0001.000 -0001.000 -0001.000 -0001.000 00.55 -0001.000 01.04
-0001.000 -0001.000 -0001.000 -0001.000 -0001.000 -0001.000 -0001.000 -0001.000 -0001.000 -0001.000 -0001.000 00.70 01.60 02.22 02.19 02.43 02.12 00.47 -0001.000 -0001.000 00.76 00.84 00.80 01.12 01.04 00.80 00.74 00.68 00.87 02.51 02.39 02.38 01.91 01.99 01.54 02.12 01.96 02.35 02.44 02.60 02.66 02.09 02.09 01.88 01.90 01.96 02.21 03.18 02.65 02.03 00.14 00.20 00.25 -0001.000 -0001.000 -0001.000 -0001.000 -0001.000 -0001.000 -0001.000 -0001.000 -0001.000 01.00
-0001.000 -0001.000 -0001.000 -0001.000 -0001.000 -0001.000 -0001.000 -0001.000 -0001.000 -0001.000 -0001.000 -0001.000 01.73 01.82 02.48 00.78 00.74 -0001.000 -0001.000 -0001.000 00.73 00.81 00.88 00.89 03.12 02.57 02.56 02.53 03.01 02.86 02.39 02.36 01.70 02.28 01.57 02.22 02.08 02.70 02.59 02.38 02.32 01.56 02.15 01.90 01.41 01.59 02.01 02.18 02.01 01.92 00.19 00.30 00.20 -0001.000 -0001.000 -0001.000 -0001.000 -0001.000 -0001.000 -0001.000 -0001.000 -0001.000 00.61
-0001.000 -0001.000 -0001.000 -0001.000 -0001.000 -0001.000 -0001.000 -0001.000 -0001.000 -0001.000 -0001.000 -0001.000 -0001.000 02.08 02.12 -0001.000 -0001.000 -0001.000 -0001.000 -0001.000 -0001.000 00.87 00.94 00.93 03.05 02.82 02.87 02.58 03.34 03.09 02.40 02.45 01.82 02.52 01.68 02.29 02.29 03.10 02.84 02.52 02.38 01.67 02.11 01.96 01.63 01.93 01.99 01.78 -0001.000 00.08 01.64 01.42 00.51 00.52 01.03 -0001.000 -0001.000 -0001.000 -0001.000 -0001.000 -0001.000 -0001.000 -0001.000
-0001.000 -0001.000 -0001.000 -0001.000 -0001.000 -0001.000 -0001.000 -0001.000 -0001.000 -0001.000 -0001.000 -0001.000 -0001.000 -0001.000 -0001.000 -0001.000 -0001.000 -0001.000 -0001.000 -0001.000 -0001.000 -0001.000 -0001.000 00.26 00.97 01.03 03.90 02.71 03.03 03.24 02.44 02.40 01.87 02.64 02.01 02.38 02.34 02.84 03.15 02.86 03.18 02.96 05.03 04.95 04.00 04.53 04.43 03.00 -0001.000 00.08 01.71 01.51 00.52 00.55 00.80 -0001.000 -0001.000 -0001.000 -0001.000 -0001.000 -0001.000 -0001.000 -0001.000
-0001.000 -0001.000 -0001.000 -0001.000 -0001.000 -0001.000 -0001.000 -0001.000 -0001.000 -0001.000 -0001.000 -0001.000 -0001.000 -0001.000 -0001.000 -0001.000 -0001.000 -0001.000 -0001.000 -0001.000 -0001.000 -0001.000 -0001.000 -0001.000 00.76 00.91 04.22 02.93 03.58 03.32 02.42 02.38 01.76 02.81 02.03 02.41 02.36 02.84 02.69 02.80 02.84 03.82 03.85 05.57 05.36 05.74 04.33 03.57 00.19 00.41 00.68 00.59 -0001.000 00.93 00.95 -0001.000 -0001.000 -0001.000 -0001.000 -0001.000 -0001.000 -0001.000 -0001.000
-0001.000 -0001.000 -0001.000 -0001.000 -0001.000 -0001.000 -0001.000 -0001.000 -0001.000 -0001.000 -0001.000 -0001.000 -0001.000 -0001.000 -0001.000 -0001.000 -0001.000 -0001.000 -0001.000 -0001.000 -0001.000 -0001.000 -0001.000 -0001.000 00.66 00.93 04.24 03.05 03.13 03.04 02.29 02.35 01.76 03.07 01.93 02.38 02.40 02.82 03.22 03.26 03.14 03.41 02.78 02.32 02.59 02.52 02.05 02.65 00.22 00.38 00.74 00.60 -0001.000 01.12 01.13 -0001.000 -0001.000 -0001.000 -0001.000 -0001.000 -0001.000 -0001.000 -0001.000
-0001.000 -0001.000 -0001.000 -0001.000 -0001.000 -0001.000 -0001.000 -0001.000 -0001.000 -0001.000 -0001.000 -0001.000 -0001.000 -0001.000 -0001.000 -0001.000 -0001.000 -0001.000 -0001.000 -0001.000 -0001.000 -0001.000 -0001.000 00.23 01.87 03.00 03.95 02.64 02.50 02.57 02.03 02.08 01.89 03.25 01.90 02.33 02.37 02.60 00.95 01.04 01.16 01.16 01.07 00.84 00.97 00.11 00.21 00.21 00.63 00.61 01.02 00.77 01.09 -0001.000 -0001.000 -0001.000 -0001.000 -0001.000 -0001.000 -0001.000 -0001.000 -0001.000 -0001.000
-0001.000 -0001.000 -0001.000 -0001.000 -0001.000 -0001.000 -0001.000 -0001.000 -0001.000 -0001.000 -0001.000 -0001.000 -0001.000 -0001.000 -0001.000 -0001.000 -0001.000 -0001.000 -0001.000 -0001.000 -0001.000 00.41 00.36 -0001.000 02.58 03.08 02.93 02.37 02.29 02.47 02.23 02.27 02.12 03.00 01.53 01.94 01.66 01.67 00.65 00.72 00.58 00.62 00.80 00.98 00.85 00.17 00.32 00.29 00.63 00.56 01.00 00.90 -0001.000 -0001.000 -0001.000 -0001.000 -0001.000 -0001.000 -0001.000 -0001.000 -0001.000 -0001.000 -0001.000
