helipistas/1493500819_153_430/OUTPUT/raster.toa
north:    4587657.789070
south:    4565457.789070
east:     386153.824162
west:     366353.824162
rows:     222
cols:     198
[rows 104 to 129 of 222, columns 60 to 119 of 198]
-0001.000 -0001.000 -0001.000 -0001.000 -0001.000 -0001.000 -0001.000 -0001.000 -0001.000 -0001.000 -0001.000 -0001.000 -0001.000 -0001.000 -0001.000 -0001.000 -0001.000 -0001.000 00018.209 00012.066 00016.481 -0001.000 -0001.000 -0001.000 00021.829 00014.815 00008.772 00007.495 00006.994 00003.570 00004.234 00010.806 00006.582 00002.209 00001.112 00000.906 00000.591 00000.283 00000.042 -0001.000 -0001.000 -0001.000 -0001.000 -0001.000 -0001.000 -0001.000 -0001.000 -0001.000 -0001.000 -0001.000 -0001.000 -0001.000 -0001.000 -0001.000 -0001.000 -0001.000 -0001.000 -0001.000 -0001.000 -0001.000
-0001.000 -0001.000 -0001.000 -0001.000 -0001.000 -0001.000 -0001.000 -0001.000 -0001.000 -0001.000 -0001.000 -0001.000 -0001.000 -0001.000 -0001.000 -0001.000 -0001.000 00011.374 00009.606 00009.198 00013.892 00017.198 00017.773 -0001.000 00019.557 00013.310 00005.956 00002.133 00002.008 00003.922 00002.604 00003.933 00002.070 00001.301 00000.266 00000.023 -0001.000 -0001.000 -0001.000 -0001.000 -0001.000 -0001.000 -0001.000 -0001.000 -0001.000 -0001.000 -0001.000 -0001.000 -0001.000 -0001.000 -0001.000 -0001.000 -0001.000 -0001.000 -0001.000 -0001.000 -0001.000 -0001.000 -0001.000 -0001.000
00021.900 -0001.000 -0001.000 -0001.000 -0001.000 -0001.000 -0001.000 -0001.000 -0001.000 -0001.000 -0001.000 -0001.000 -0001.000 -0001.000 -0001.000 -0001.000 00021.774 00009.826 00008.404 00007.545 00012.670 00011.026 00011.697 00017.157 00016.176 00013.449 00005.131 00001.292 00001.066 00002.250 00001.256 00000.257 00000.018 -0001.000 -0001.000 -0001.000 -0001.000 -0001.000 -0001.000 -0001.000 -0001.000 -0001.000 -0001.000 -0001.000 -0001.000 -0001.000 -0001.000 -0001.000 -0001.000 -0001.000 -0001.000 -0001.000 -0001.000 -0001.000 -0001.000 -0001.000 -0001.000 -0001.000 -0001.000 -0001.000
00021.607 -0001.000 -0001.000 -0001.000 -0001.000 -0001.000 -0001.000 -0001.000 -0001.000 -0001.000 -0001.000 -0001.000 -0001.000 -0001.000 -0001.000 -0001.000 00019.224 00007.210 00006.629 00006.227 00006.938 00005.089 00004.963 00006.663 00005.625 00004.598 00002.614 00000.497 00000.245 00000.056 -0001.000 -0001.000 -0001.000 -0001.000 -0001.000 -0001.000 -0001.000 -0001.000 -0001.000 -0001.000 -0001.000 -0001.000 -0001.000 -0001.000 -0001.000 -0001.000 -0001.000 -0001.000 -0001.000 -0001.000 -0001.000 -0001.000 -0001.000 -0001.000 -0001.000 -0001.000 -0001.000 -0001.000 -0001.000 -0001.000
00021.113 00021.394 00021.722 -0001.000 -0001.000 -0001.000 -0001.000 -0001.000 -0001.000 -0001.000 -0001.000 -0001.000 -0001.000 -0001.000 -0001.000 -0001.000 00016.808 00005.025 00004.390 00006.130 00003.779 00002.037 00001.035 00000.856 00000.560 00000.268 00000.029 -0001.000 -0001.000 -0001.000 -0001.000 -0001.000 -0001.000 -0001.000 -0001.000 -0001.000 -0001.000 -0001.000 -0001.000 -0001.000 -0001.000 -0001.000 -0001.000 -0001.000 -0001.000 -0001.000 -0001.000 -0001.000 -0001.000 -0001.000 -0001.000 -0001.000 -0001.000 -0001.000 -0001.000 -0001.000 -0001.000 -0001.000 -0001.000 -0001.000
00020.647 00020.783 00020.967 -0001.000 -0001.000 00021.831 -0001.000 00021.495 -0001.000 -0001.000 -0001.000 -0001.000 -0001.000 00016.475 00014.554 00014.596 00014.254 00003.162 00002.424 00004.353 00003.316 00001.320 00000.276 00000.035 -0001.000 -0001.000 -0001.000 -0001.000 -0001.000 -0001.000 -0001.000 -0001.000 -0001.000 -0001.000 -0001.000 -0001.000 -0001.000 -0001.000 -0001.000 -0001.000 -0001.000 -0001.000 -0001.000 -0001.000 -0001.000 -0001.000 -0001.000 -0001.000 -0001.000 -0001.000 -0001.000 -0001.000 -0001.000 -0001.000 -0001.000 -0001.000 -0001.000 -0001.000 -0001.000 -0001.000
00020.395 00020.322 00020.419 00021.871 -0001.000 -0001.000 00017.909 00016.245 00015.144 00014.381 00012.222 00010.396 00009.030 00007.484 00005.734 00003.968 00002.650 00001.695 00001.002 00000.684 00000.159 -0001.000 -0001.000 -0001.000 -0001.000 -0001.000 -0001.000 -0001.000 -0001.000 -0001.000 -0001.000 -0001.000 -0001.000 -0001.000 -0001.000 -0001.000 -0001.000 -0001.000 -0001.000 -0001.000 -0001.000 -0001.000 -0001.000 -0001.000 -0001.000 -0001.000 -0001.000 -0001.000 -0001.000 -0001.000 -0001.000 -0001.000 -0001.000 -0001.000 -0001.000 -0001.000 -0001.000 -0001.000 -0001.000 00000.103
00020.080 00019.812 00019.821 00021.635 00019.395 00017.426 00015.552 00014.414 00013.046 00011.410 00010.475 00009.006 00007.523 00006.186 00004.331 00003.243 00001.182 00000.097 -0001.000 -0001.000 -0001.000 -0001.000 -0001.000 -0001.000 -0001.000 -0001.000 -0001.000 -0001.000 -0001.000 -0001.000 -0001.000 -0001.000 -0001.000 -0001.000 -0001.000 -0001.000 -0001.000 -0001.000 -0001.000 -0001.000 -0001.000 -0001.000 -0001.000 -0001.000 -0001.000 -0001.000 -0001.000 -0001.000 -0001.000 -0001.000 -0001.000 -0001.000 -0001.000 -0001.000 -0001.000 -0001.000 -0001.000 -0001.000 -0001.000 00000.251
00019.747 00019.354 00019.184 -0001.000 00019.917 00015.229 00013.689 00013.041 00012.090 00010.263 00008.904 00008.321 00007.386 00005.678 00003.492 00002.184 00001.634 00004.234 00002.507 00000.884 00000.061 -0001.000 -0001.000 -0001.000 -0001.000 -0001.000 -0001.000 -0001.000 -0001.000 -0001.000 -0001.000 -0001.000 -0001.000 -0001.000 -0001.000 -0001.000 -0001.000 -0001.000 -0001.000 -0001.000 -0001.000 -0001.000 -0001.000 -0001.000 -0001.000 -0001.000 -0001.000 -0001.000 -0001.000 -0001.000 -0001.000 -0001.000 -0001.000 -0001.000 -0001.000 -0001.000 -0001.000 -0001.000 -0001.000 00000.441
00019.528 00018.909 00018.350 -0001.000 00018.226 00015.342 00013.717 00013.061 00012.175 00010.408 00009.190 00008.717 00007.887 00006.056 00003.873 00002.653 00002.503 00009.188 00011.248 00006.414 00002.509 00001.348 00000.304 00000.124 -0001.000 -0001.000 -0001.000 -0001.000 -0001.000 -0001.000 -0001.000 -0001.000 -0001.000 -0001.000 -0001.000 -0001.000 -0001.000 -0001.000 -0001.000 -0001.000 -0001.000 -0001.000 -0001.000 -0001.000 -0001.000 -0001.000 -0001.000 -0001.000 -0001.000 -0001.000 -0001.000 -0001.000 -0001.000 -0001.000 -0001.000 -0001.000 -0001.000 -0001.000 00000.028 00000.878
00019.610 00018.871 00017.922 00016.883 00015.972 00015.143 00017.787 00015.687 00012.631 00011.192 00010.458 00010.166 00011.279 00009.776 00007.796 00003.938 00003.892 00009.374 00012.076 00008.093 00004.394 00002.176 00001.029 00000.724 00000.577 00000.444 00000.310 00000.167 -0001.000 -0001.000 -0001.000 -0001.000 -0001.000 -0001.000 -0001.000 -0001.000 -0001.000 -0001.000 -0001.000 -0001.000 -0001.000 -0001.000 -0001.000 -0001.000 -0001.000 -0001.000 -0001.000 -0001.000 -0001.000 -0001.000 -0001.000 -0001.000 -0001.000 -0001.000 -0001.000 -0001.000 -0001.000 -0001.000 00000.261 00001.210
00019.606 00018.908 00018.041 00017.104 00016.268 00015.695 00020.246 00016.575 00014.030 00013.208 00012.634 00012.558 00017.140 00016.230 00010.222 00006.423 00006.385 00006.325 00006.790 00006.231 00005.146 00003.644 00006.257 00004.613 00001.333 00001.190 00001.068 00001.030 00000.782 00000.483 00000.250 00000.085 -0001.000 -0001.000 -0001.000 -0001.000 -0001.000 -0001.000 -0001.000 -0001.000 -0001.000 -0001.000 -0001.000 -0001.000 -0001.000 -0001.000 -0001.000 -0001.000 -0001.000 -0001.000 -0001.000 -0001.000 -0001.000 -0001.000 -0001.000 -0001.000 -0001.000 -0001.000 00000.526 00001.290
00019.790 00019.114 00018.286 00017.429 00016.760 00016.378 00020.341 00018.406 00015.837 00015.236 00014.762 00013.292 00014.935 00014.586 00012.690 00009.052 00008.107 00007.077 00006.353 00005.916 00006.348 00006.005 00008.985 00004.975 00001.972 00001.924 00001.919 00001.902 00001.508 00001.120 00000.898 00000.703 00000.476 00000.332 00000.594 00000.165 -0001.000 -0001.000 -0001.000 -0001.000 -0001.000 -0001.000 -0001.000 -0001.000 -0001.000 -0001.000 -0001.000 -0001.000 -0001.000 -0001.000 -0001.000 -0001.000 -0001.000 -0001.000 -0001.000 -0001.000 -0001.000 -0001.000 00000.794 00001.470
00019.965 00019.282 00018.576 00017.869 00017.259 00016.468 00015.670 00015.118 00014.635 00014.386 00014.086 00011.967 00010.594 00009.904 00009.172 00008.426 00007.666 00006.935 00006.221 00005.586 00004.951 00004.181 00003.367 00002.695 00004.218 00002.492 00002.699 00002.569 00002.243 00001.771 00001.632 00001.527 00001.089 00000.874 00001.024 00000.845 00000.519 00000.247 00000.200 00000.022 -0001.000 -0001.000 -0001.000 -0001.000 -0001.000 -0001.000 -0001.000 -0001.000 -0001.000 -0001.000 -0001.000 -0001.000 -0001.000 -0001.000 -0001.000 -0001.000 -0001.000 00000.185 00001.113 00001.884
00019.817 00019.006 00018.249 00017.541 00016.819 00016.070 00015.400 00014.810 00014.254 00013.770 00013.176 00011.966 00010.592 00009.848 00009.075 00008.314 00007.627 00007.028 00006.413 00005.688 00004.987 00004.232 00003.544 00003.197 00004.749 00003.035 00003.381 00003.230 00002.867 00002.699 00002.446 00002.143 00001.794 00001.534 00001.459 00001.221 00000.960 00000.687 00000.829 00000.354 00000.335 00000.259 00000.170 00000.036 -0001.000 -0001.000 -0001.000 -0001.000 -0001.000 -0001.000 -0001.000 -0001.000 -0001.000 -0001.000 -0001.000 -0001.000 -0001.000 00000.416 00001.359 00002.354
00019.792 00018.866 00018.101 00017.409 00016.753 00016.244 00017.646 00017.380 00015.216 00014.240 00012.581 00011.391 00010.652 00009.906 00009.193 00008.459 00007.784 00007.376 00007.553 00006.809 00006.034 00005.258 00004.001 00003.867 00004.233 00004.087 00004.381 00003.710 00003.577 00003.614 00003.354 00002.698 00002.670 00002.308 00002.123 00001.901 00001.569 00001.412 00003.037 00000.961 00000.894 00000.828 00000.703 00000.579 00000.396 00000.146 00000.100 00000.022 -0001.000 -0001.000 -0001.000 -0001.000 -0001.000 -0001.000 -0001.000 -0001.000 -0001.000 00000.679 00001.655 00002.786
00019.753 00019.003 00018.335 00017.665 00017.126 00016.935 -0001.000 00017.831 00015.374 00014.032 00012.571 00011.575 00010.949 00010.301 00009.638 00008.898 00008.241 00008.022 00009.592 00008.958 00008.185 00006.138 00004.648 00004.588 00005.605 00006.057 00004.948 00004.311 00004.362 00004.351 00003.837 00003.155 00003.297 00003.074 00002.829 00002.597 00002.280 00002.230 00005.295 00002.361 00002.045 00001.392 00001.253 00001.108 00000.683 00000.503 00000.512 00000.701 00000.485 00000.299 00000.135 -0001.000 -0001.000 -0001.000 -0001.000 -0001.000 00000.095 00001.023 00002.005 00003.106
00020.124 00019.546 00018.860 00018.139 00017.742 00017.723 -0001.000 00018.393 00015.367 00013.855 00012.842 00012.771 00012.400 00012.013 00012.045 00011.376 00009.921 00009.625 00013.612 00013.374 00011.936 00006.945 00005.573 00005.492 00007.032 00006.783 00005.441 00004.948 00005.164 00005.034 00004.334 00003.619 00003.682 00003.790 00003.537 00003.223 00003.062 00003.074 00006.802 00004.276 00002.661 00001.981 00001.795 00001.487 00001.078 00000.921 00001.057 00001.560 00001.343 00001.021 00000.800 00000.664 00000.444 00000.298 00000.131 -0001.000 00000.366 00001.282 00002.229 00003.333
00020.532 00019.945 00019.230 00018.701 00018.443 00018.530 -0001.000 00019.336 00015.933 00014.737 00014.149 00014.855 00014.772 00014.640 00015.365 00013.729 00012.750 00012.247 00017.316 00018.572 00014.183 00011.398 00007.416 00007.437 00008.429 00007.621 00006.066 00005.589 00005.893 00005.293 00004.694 00004.281 00004.250 00004.473 00004.159 00003.921 00003.858 00003.961 00004.403 00008.555 00005.679 00003.500 00003.101 00001.969 00001.485 00001.369 00001.699 00002.277 00002.309 00001.912 00001.685 00001.358 00001.196 00000.974 00000.759 00000.593 00000.818 00001.609 00002.607 00003.693
00020.852 00020.239 00019.744 00019.386 00019.157 00019.334 -0001.000 00020.480 00017.158 00015.941 00015.715 00017.025 00017.098 00017.025 00017.795 00016.511 00015.574 00015.249 00016.298 00016.199 00016.172 00014.211 00010.468 00010.446 00010.151 00008.324 00006.630 00006.189 00006.007 00005.602 00005.248 00005.091 00005.078 00005.185 00004.895 00004.749 00004.849 00004.941 00005.276 00011.404 00008.321 00005.369 00003.813 00002.425 00001.969 00001.841 00002.391 00002.918 00003.048 00002.848 00002.564 00002.197 00002.076 00001.791 00001.554 00001.421 00001.541 00002.157 00003.019 00004.111
00021.214 00020.758 00020.257 00019.870 00019.855 00020.102 00019.905 00019.343 -0001.000 00020.081 00019.029 -0001.000 -0001.000 -0001.000 -0001.000 -0001.000 00021.052 00016.877 00014.749 00014.128 00013.502 00013.039 00015.914 00016.180 00015.669 00012.541 00009.341 00006.655 00006.263 00005.983 00005.765 00005.871 00006.127 00006.028 00005.761 00005.631 00005.748 00005.982 00007.307 00007.601 00005.371 00004.210 00003.527 00002.918 00002.456 00002.334 00002.834 00003.582 00003.799 00003.767 00003.298 00003.108 00003.036 00002.768 00002.504 00002.428 00002.467 00002.907 00003.630 00004.592
00021.769 00021.195 00020.598 00020.358 00020.528 00020.974 00020.444 00020.176 -0001.000 -0001.000 -0001.000 -0001.000 -0001.000 -0001.000 -0001.000 00021.888 00020.212 00017.811 00015.155 00014.622 00014.167 00013.952 00017.541 00020.864 -0001.000 00016.527 00010.076 00007.107 00006.777 00006.531 00006.435 00006.587 00006.984 00006.843 00006.791 00006.404 00006.397 00006.793 00008.276 00007.977 00005.775 00004.595 00004.007 00003.466 00002.973 00002.877 00003.304 00004.144 00004.630 00004.445 00004.038 00003.969 00003.888 00003.577 00003.366 00003.287 00003.382 00003.723 00004.341 00005.148
-0001.000 00021.511 00021.006 00020.852 00021.204 00021.495 00021.097 00021.015 00021.447 00020.855 00020.393 00019.837 00019.087 00018.300 00017.653 00017.073 00016.531 00016.116 00015.739 00015.339 00015.019 00014.939 00015.493 00016.530 -0001.000 00016.757 00011.250 00007.828 00007.516 00007.302 00007.318 00007.267 00010.608 00011.280 00008.554 00008.084 00007.805 00008.569 00008.286 00006.391 00005.594 00005.041 00004.503 00004.020 00003.640 00003.519 00003.877 00004.573 00005.409 00004.974 00004.724 00004.726 00004.563 00004.284 00004.173 00004.090 00004.238 00004.560 00005.105 00005.816
-0001.000 00021.718 00021.320 00021.276 00021.763 00021.890 00021.748 00021.865 00021.612 00021.015 00020.502 00020.013 00019.314 00018.470 00017.817 00017.288 00016.872 00016.612 00016.386 00016.097 00015.830 00015.824 00016.176 00016.962 -0001.000 00017.562 00012.317 00008.501 00008.217 00008.074 00008.087 00008.041 00014.052 00013.904 00010.740 00010.729 00010.323 00010.838 00008.349 00006.704 00006.087 00005.548 00005.050 00004.676 00004.358 00004.281 00004.605 00005.049 00005.615 00005.500 00005.367 00005.371 00005.196 00005.039 00004.994 00004.939 00005.138 00005.469 00005.963 00006.614
-0001.000 00021.875 00021.544 00021.591 -0001.000 -0001.000 -0001.000 -0001.000 00021.857 00021.560 -0001.000 -0001.000 -0001.000 00018.877 00018.298 00017.769 00017.365 00017.186 00017.056 00016.806 00016.551 00016.579 00019.568 00021.133 00016.793 00015.854 00011.771 00009.211 00008.960 00008.872 00008.879 00008.930 00015.092 00015.617 00012.821 00012.993 00011.796 00010.910 00008.673 00007.212 00006.700 00006.104 00005.587 00005.349 00005.132 00005.117 00005.418 00005.644 00005.964 00006.203 00006.063 00006.002 00005.830 00005.803 00005.811 00005.786 00005.998 00006.313 00006.808 00007.403
-0001.000 -0001.000 -0001.000 00021.952 -0001.000 -0001.000 -0001.000 -0001.000 -0001.000 -0001.000 -0001.000 -0001.000 -0001.000 00019.339 00018.801 00018.298 00017.931 00017.797 00017.770 00017.502 00017.316 00017.346 -0001.000 00019.486 00016.007 00013.930 00011.691 00014.635 00013.566 00009.754 00013.626 00014.155 00013.577 00013.349 00012.030 00011.309 00010.389 00009.254 00008.343 00007.860 00007.208 00006.672 00006.278 00006.131 00005.950 00005.993 00006.263 00006.357 00006.501 00007.004 00006.861 00006.562 00006.472 00006.530 00006.630 00010.064 00009.955 00010.041 00011.094 00011.959
