helipistas/1493500820_153_478/INPUT/LCP/Slope.asc
ncols        198
nrows        222
xllcorner    366353.824162221397
yllcorner    4565457.789070339873
cellsize     100.000000000000
NODATA_value  -9999
[rows 54 to 71 of 222, columns 40 to 79 of 198]
13.516172409057617188 10.778409957885742188 12.58759307861328125 12.151377677917480469 8.4633579254150390625 8.8652639389038085938 4.7355813980102539062 2.5606389045715332031 3.0891180038452148438 7.4285497665405273438 10.772508621215820312 12.979350090026855469 15.107411384582519531 15.090399742126464844 12.529779434204101562 9.5181245803833007812 12.550871849060058594 11.325415611267089844 10.961855888366699219 6.1151156425476074219 15.418553352355957031 13.777326583862304688 10.45122528076171875 6.4673185348510742188 8.1383199691772460938 11.187394142150878906 13.46253204345703125 6.6282114982604980469 7.1059498786926269531 7.7410125732421875 10.491039276123046875 14.455280303955078125 15.428503990173339844 19.640628814697265625 14.628281593322753906 11.421232223510742188 12.489399909973144531 12.5631256103515625 16.054315567016601562 18.690202713012695312
11.088023185729980469 11.98358917236328125 14.095416069030761719 15.084827423095703125 12.914623260498046875 12.525555610656738281 8.968288421630859375 8.9060688018798828125 6.7546663284301757812 4.2221512794494628906 3.8164508342742919922 5.0872011184692382812 9.0640497207641601562 6.8014588356018066406 5.1595110893249511719 3.5115344524383544922 6.5208907127380371094 8.7524328231811523438 13.8065643310546875 6.9137296676635742188 10.112964630126953125 16.863874435424804688 21.092508316040039062 18.900247573852539062 10.920338630676269531 9.6480455398559570312 12.680383682250976562 3.1480960845947265625 2.8624053001403808594 2.8624053001403808594 6.5601963996887207031 6.5601963996887207031 3.4336304664611816406 14.305551528930664062 11.034209251403808594 8.2503871917724609375 8.2503871917724609375 2.5765719413757324219 2.5765719413757324219 8.2503871917724609375
8.3620624542236328125 11.874876022338867188 12.803919792175292969 13.900669097900390625 13.156842231750488281 13.239704132080078125 9.0212564468383789062 10.515780448913574219 8.849559783935546875 6.85453033447265625 6.6152753829956054688 6.5108323097229003906 10.514848709106445312 6.8014588356018066406 4.7878804206848144531 2.9347128868103027344 1.3773674964904785156 6.0453100204467773438 16.547544479370117188 16.89629364013671875 8.8624620437622070312 15.020567893981933594 19.74881744384765625 25.305906295776367188 22.990482330322265625 17.826656341552734375 20.231296539306640625 19.33577728271484375 19.594944000244140625 18.0836639404296875 17.137010574340820312 15.775866508483886719 15.480245590209960938 21.099781036376953125 18.373043060302734375 15.915683746337890625 14.749712944030761719 12.066808700561523438 11.527973175048828125 11.754734992980957031
3.3917441368103027344 10.553936004638671875 9.9979391098022460938 10.125118255615234375 6.5363335609436035156 9.1646938323974609375 2.8192124366760253906 8.8107328414916992188 8.8107328414916992188 7.9696102142333984375 7.9696102142333984375 6.5601963996887207031 10.203973770141601562 3.7189939022064208984 0.85937225818634033203 0.85937225818634033203 1.4320962429046630859 1.4320962429046630859 16.699243545532226562 21.554019927978515625 5.4268126487731933594 0.85937225818634033203 0.85937225818634033203 15.165081977844238281 18.341936111450195312 17.446109771728515625 19.030027389526367188 19.229078292846679688 19.933872222900390625 18.459207534790039062 16.72249603271484375 15.315880775451660156 16.045406341552734375 21.352138519287109375 17.696880340576171875 15.345950126647949219 14.123556137084960938 11.976725578308105469 11.433147430419921875 10.417371749877929688
6.4680981636047363281 12.446165084838867188 11.793016433715820312 11.899311065673828125 3.0374066829681396484 9.1625299453735351562 7.0112423896789550781 11.312084197998046875 12.044759750366210938 11.005863189697265625 10.615041732788085938 9.2459735870361328125 11.015172958374023438 5.5276517868041992188 4.8584628105163574219 6.5601963996887207031 7.2736043930053710938 6.5916194915771484375 12.409358978271484375 18.464273452758789062 16.165323257446289062 13.355578422546386719 6.1677546501159667969 7.2320704460144042969 13.850458145141601562 18.58031463623046875 18.630237579345703125 14.668356895446777344 15.341398239135742188 17.990451812744140625 18.67784881591796875 18.041234970092773438 18.137323379516601562 19.588247299194335938 13.572021484375 9.81488037109375 7.2126026153564453125 4.4384489059448242188 3.8905436992645263672 4.1894578933715820312
10.275482177734375 13.224551200866699219 12.680383682250976562 12.680383682250976562 1.1457628011703491211 11.395654678344726562 11.034209251403808594 12.358013153076171875 13.025360107421875 10.629797935485839844 10.223223686218261719 8.8781423568725585938 9.746288299560546875 5.0158514976501464844 5.1506524085998535156 6.7777333259582519531 7.4776654243469238281 6.816982269287109375 3.4940493106842041016 10.376303672790527344 15.757952690124511719 16.703897476196289062 12.02387237548828125 4.2569823265075683594 12.632183074951171875 18.207983016967773438 19.414617538452148438 15.117299079895019531 14.741124153137207031 17.50019073486328125 18.587251663208007812 17.946491241455078125 17.836996078491210938 17.546855926513671875 12.483618736267089844 9.0667848587036132812 6.1349101066589355469 4.3269677162170410156 4.4384489059448242188 5.0802121162414550781
13.132122039794921875 10.665211677551269531 14.7852783203125 15.737955093383789062 10.568784713745117188 19.023530960083007812 17.42041778564453125 15.382605552673339844 13.527082443237304688 7.6936559677124023438 5.2520904541015625 3.9075405597686767578 8.1487417221069335938 6.7777333259582519531 5.7105932235717773438 4.465877532958984375 0.93372428417205810547 6.7725315093994140625 10.561826705932617188 12.343968391418457031 13.250514984130859375 14.882566452026367188 11.7183837890625 7.14754486083984375 7.214691162109375 3.4882013797760009766 10.146954536437988281 11.889543533325195312 12.683412551879882812 13.7690582275390625 14.058131217956542969 13.386949539184570312 12.051178932189941406 9.4545373916625976562 4.7666044235229492188 3.5404822826385498047 3.6817748546600341797 3.5791869163513183594 3.9062356948852539062 3.9735095500946044922
9.3762493133544921875 5.2064981460571289062 18.707052230834960938 19.428844451904296875 12.489399909973144531 20.830858230590820312 16.584043502807617188 13.895555496215820312 11.766687393188476562 6.0544986724853515625 2.1807045936584472656 2.5304930210113525391 6.5394177436828613281 7.5834932327270507812 6.8662657737731933594 5.8782501220703125 5.9949359893798828125 8.961090087890625 10.633943557739257812 12.525172233581542969 13.250514984130859375 10.891666412353515625 5.5450367927551269531 6.5847349166870117188 6.6577887535095214844 1.6483550071716308594 6.7554116249084472656 11.312084197998046875 12.755871772766113281 13.83504486083984375 13.997422218322753906 13.106983184814453125 11.120963096618652344 7.5337681770324707031 4.3609495162963867188 3.5231423377990722656 3.6651105880737304688 3.5791869163513183594 3.2690854072570800781 2.7006347179412841797
15.272933006286621094 13.934706687927246094 21.866102218627929688 20.517484664916992188 11.693941116333007812 17.261587142944335938 7.5676183700561523438 3.8905436992645263672 6.8014588356018066406 8.533100128173828125 9.3588151931762695312 8.399532318115234375 5.9543213844299316406 6.1767554283142089844 5.9270853996276855469 5.923671722412109375 8.2697134017944335938 8.4226398468017578125 3.3371107578277587891 3.1691219806671142578 2.7918756008148193359 3.8003835678100585938 3.5332677364349365234 6.7628607749938964844 7.65450286865234375 7.8405699729919433594 9.2956552505493164062 5.9577164649963378906 3.5332677364349365234 2.0045340061187744141 0.57293868064880371094 0.22648027539253234863 0.9607893824577331543 1.0954376459121704102 0.85937225818634033203 0.28647652268409729004 0.28647652268409729004 0.28647652268409729004 0.85937225818634033203 1.1457628011703491211
15.248501777648925781 13.907484054565429688 19.344633102416992188 17.732484817504882812 11.807797431945800781 14.886656761169433594 4.9986133575439453125 1.4320962429046630859 5.7740507125854492188 8.7268323898315429688 9.5347280502319335938 8.24857330322265625 10.054895401000976562 8.140773773193359375 5.7854318618774414062 5.7819323539733886719 7.14754486083984375 7.325176239013671875 4.3551096916198730469 2.5626361370086669922 3.3932490348815917969 3.9062356948852539062 3.6469705104827880859 5.6571536064147949219 6.8699288368225097656 8.8658246994018554688 10.236676216125488281 9.6321649551391601562 6.8662657737731933594 4.2891530990600585938 2.5304930210113525391 1.6852419376373291016 3.6019246578216552734 5.3020653724670410156 6.1505336761474609375 6.6342897415161132812 6.7755045890808105469 6.8486542701721191406 6.4329156875610351562 5.6140260696411132812
14.584532737731933594 15.651730537414550781 17.425611495971679688 13.772159576416015625 8.0102672576904296875 10.181787490844726562 6.8523273468017578125 8.1481294631958007812 8.6604681015014648438 6.2555480003356933594 2.2202544212341308594 2.5765719413757324219 11.585125923156738281 9.0902767181396484375 5.7105932235717773438 5.7105932235717773438 6.5601963996887207031 6.5601963996887207031 4.57392120361328125 1.7183580398559570312 2.8624053001403808594 1.7183580398559570312 1.7183580398559570312 3.4336304664611816406 1.6358740329742431641 2.8802096843719482422 5.3940234184265136719 7.37705230712890625 5.9772019386291503906 5.0551710128784179688 3.3447525501251220703 5.5092906951904296875 4.6663737297058105469 5.3020653724670410156 6.1505336761474609375 6.6312513351440429688 6.7725315093994140625 6.8486542701721191406 6.4329156875610351562 5.5705556869506835938
14.584532737731933594 15.651730537414550781 14.538364410400390625 9.6342153549194335938 3.8550002574920654297 4.8016581535339355469 6.5548157691955566406 8.3989391326904296875 8.8960256576538085938 7.5656313896179199219 5.5896167755126953125 4.65000152587890625 10.881791114807128906 10.130946159362792969 10.98810577392578125 10.095435142517089844 9.8464803695678710938 8.828762054443359375 6.0578360557556152344 5.3363833427429199219 5.93646240234375 5.1781620979309082031 4.4154591560363769531 4.9537129402160644531 4.1943178176879882812 0.81653523445129394531 6.1603803634643554688 6.1603803634643554688 4.2521953582763671875 4.1503720283508300781 3.283115386962890625 7.2126026153564453125 4.0041728019714355469 1.5456823110580444336 2.229457855224609375 2.5142667293548583984 2.9416713714599609375 3.4336304664611816406 4.1059498786926269531 4.5303444862365722656
1.1457628011703491211 1.1457628011703491211 2.8624053001403808594 2.8624053001403808594 0.57293868064880371094 0.85937225818634033203 0.28647652268409729004 4.2891530990600585938 4.2891530990600585938 2.6315732002258300781 3.8642470836639404297 5.8791103363037109375 8.3333940505981445312 7.8768491744995117188 11.648634910583496094 10.816005706787109375 11.146800994873046875 10.598414421081542969 4.4521846771240234375 4.43386077880859375 5.8124799728393554688 5.5850844383239746094 4.8876523971557617188 4.3410615921020507812 5.7854318618774414062 3.2581310272216796875 6.1603803634643554688 6.1603803634643554688 3.8444049358367919922 3.7313168048858642578 3.4232072830200195312 6.790348052978515625 3.4336304664611816406 2.8137664794921875 3.2392652034759521484 2.5864796638488769531 3.0035684108734130859 3.4808773994445800781 4.0810589790344238281 4.5168499946594238281
4.4384489059448242188 4.4384489059448242188 1.017800450325012207 6.2393860816955566406 10.700040817260742188 13.530247688293457031 15.980849266052246094 18.779920578002929688 21.211450576782226562 20.722564697265625 18.202089309692382812 17.156881332397460938 15.628006935119628906 11.242567062377929688 12.755871772766113281 11.066002845764160156 10.997431755065917969 13.003298759460449219 3.4808773994445800781 1.9210387468338012695 5.8541073799133300781 8.91832733154296875 8.91832733154296875 8.4202728271484375 8.2938051223754882812 5.4677476882934570312 5.4193358421325683594 5.1427645683288574219 3.3932490348815917969 3.5519948005676269531 3.7299497127532958984 6.7030286788940429688 4.4521846771240234375 4.9166655540466308594 5.8782501220703125 5.7150235176086425781 5.5751004219055175781 5.3780231475830078125 4.6631040573120117188 3.3690888881683349609
4.4384489059448242188 4.4384489059448242188 7.6577734947204589844 9.7806491851806640625 10.997431755065917969 14.240107536315917969 16.09476470947265625 19.694601058959960938 21.993160247802734375 21.211450576782226562 17.676494598388671875 14.203597068786621094 14.601278305053710938 11.6236114501953125 14.844752311706542969 13.456163406372070312 11.378994941711425781 15.251252174377441406 4.9904804229736328125 5.0991597175598144531 7.6754107475280761719 8.91832733154296875 8.91832733154296875 8.4486293792724609375 7.2646265029907226562 4.1687397956848144531 3.8377680778503417969 3.4336304664611816406 2.9899249076843261719 3.1691219806671142578 3.2628302574157714844 5.93646240234375 4.265346527099609375 4.3551096916198730469 5.4193358421325683594 5.7397670745849609375 5.6004786491394042969 5.4380078315734863281 5.1476955413818359375 3.5749073028564453125
5.7176795005798339844 2.8766577243804931641 11.30347442626953125 11.267232894897460938 3.0508360862731933594 7.576221466064453125 4.7355813980102539062 8.391815185546875 8.9959173202514648438 7.2341532707214355469 13.514060020446777344 10.954279899597167969 10.095435142517089844 9.2908601760864257812 13.269590377807617188 11.801230430603027344 10.484960556030273438 15.842604637145996094 5.7150235176086425781 5.7176795005798339844 6.8014588356018066406 6.5394177436828613281 7.1707005500793457031 6.9362478256225585938 6.1151156425476074219 4.5168499946594238281 4.465877532958984375 3.6188831329345703125 3.1610517501831054688 3.4573352336883544922 2.0349590778350830078 4.3609495162963867188 2.7991917133331298828 1.1457628011703491211 1.1457628011703491211 1.1457628011703491211 1.1457628011703491211 1.4320962429046630859 3.1480960845947265625 1.7183580398559570312
6.5108323097229003906 4.2509975433349609375 11.713830947875976562 11.30347442626953125 2.8137664794921875 9.0360937118530273438 8.4013118743896484375 5.2867398262023925781 6.2158746719360351562 5.6571536064147949219 13.941502571105957031 10.011227607727050781 9.8364610671997070312 11.455237388610839844 10.037257194519042969 7.9224257469177246094 9.9302158355712890625 16.239475250244140625 6.6947584152221679688 2.3084168434143066406 4.3644495010375976562 6.2393860816955566406 6.8991618156433105469 6.9362478256225585938 6.5023083686828613281 4.6631040573120117188 5.8782501220703125 5.2675189971923828125 4.2986383438110351562 4.5202274322509765625 1.2968668937683105469 2.83548736572265625 3.2768871784210205078 2.4814939498901367188 2.1356322765350341797 2.3084168434143066406 4.0143413543701171875 5.435211181640625 6.7277765274047851562 6.3157749176025390625
7.683887481689453125 7.1566762924194335938 12.195790290832519531 13.228882789611816406 5.2867398262023925781 9.4309663772583007812 11.164716720581054688 9.28446197509765625 9.28446197509765625 9.3466434478759765625 14.873124122619628906 11.3550262451171875 10.854358673095703125 9.4754362106323242188 4.8301453590393066406 5.4268126487731933594 9.6480455398559570312 16.436059951782226562 7.1250162124633789062 0.57293868064880371094 0.57293868064880371094 2.0045340061187744141 2.0045340061187744141 1.1457628011703491211 3.1480960845947265625 2.0045340061187744141 5.9940929412841796875 5.9940929412841796875 4.8584628105163574219 4.8584628105163574219 0.57293868064880371094 1.2809591293334960938 2.4293971061706542969 2.7401123046875 2.4315025806427001953 2.7006347179412841797 4.2509975433349609375 5.3562984466552734375 6.5548157691955566406 6.5170235633850097656
