helipistas/1493500820_153_478/INPUT/LCP/Slope.asc
ncols        198
nrows        222
xllcorner    366353.824162221397
yllcorner    4565457.789070339873
cellsize     100.000000000000
NODATA_value  -9999
[rows 72 to 89 of 222, columns 120 to 159 of 198]
6.5601963996887207031 6.5601963996887207031 7.4069123268127441406 7.4069123268127441406 7.1250162124633789062 6.5601963996887207031 0.57293868064880371094 2.5765719413757324219 2.5765719413757324219 0.85937225818634033203 7.4776654243469238281 6.0753278732299804688 7.5702667236328125 7.8609585762023925781 7.6518850326538085938 8.4839334487915039062 7.65450286865234375 9.2566823959350585938 8.019618988037109375 6.6645951271057128906 7.0946259498596191406 6.9166398048400878906 5.9270853996276855469 6.138202667236328125 15.78672027587890625 14.88288116455078125 11.277169227600097656 7.1559743881225585938 4.0647969245910644531 2.5924062728881835938 5.1437511444091796875 8.8965845108032226562 5.0672063827514648438 3.0357236862182617188 2.190074920654296875 2.5606389045715332031 3.6188831329345703125 4.0105314254760742188 5.1210093498229980469 6.5548157691955566406
6.0985698699951171875 7.5523724555969238281 10.598414421081542969 8.95166778564453125 6.6342897415161132812 7.8335480690002441406 2.5040714740753173828 5.8411316871643066406 7.1707005500793457031 6.4556117057800292969 9.7467947006225585938 7.4130043983459472656 5.6401228904724121094 5.6937260627746582031 5.2723307609558105469 5.2142872810363769531 2.4628665447235107422 6.0319194793701171875 3.9490633010864257812 9.7498321533203125 9.8464803695678710938 1.8914834260940551758 2.4315025806427001953 7.6236858367919921875 16.841136932373046875 11.407598495483398438 6.7030286788940429688 5.2867398262023925781 4.5527443885803222656 3.2139372825622558594 5.0026750564575195312 9.0946407318115234375 4.2076525688171386719 0.40513560175895690918 0.90585035085678100586 1.8669528961181640625 2.7232637405395507812 3.6019246578216552734 6.0844697952270507812 7.1250162124633789062
4.1454601287841796875 6.0985698699951171875 14.976609230041503906 11.997705459594726562 4.9547381401062011719 9.5848684310913085938 7.65450286865234375 6.8552641868591308594 8.0127620697021484375 7.184696197509765625 12.882307052612304688 8.9433450698852539062 4.93007659912109375 4.9914979934692382812 5.9746642112731933594 5.923671722412109375 4.5202274322509765625 6.4117102622985839844 2.5626361370086669922 10.299834251403808594 10.390956878662109375 4.4578952789306640625 4.7108292579650878906 4.4761190414428710938 11.965816497802734375 9.8604898452758789062 6.8809065818786621094 5.5120487213134765625 3.4232072830200195312 1.1322598457336425781 5.2867398262023925781 9.6521387100219726562 4.4886045455932617188 0.90585035085678100586 1.2152447700500488281 1.9942889213562011719 2.8119487762451171875 3.6019246578216552734 7.0655226707458496094 7.4769949913024902344
6.34844970703125 4.3516020774841308594 16.806140899658203125 13.924164772033691406 3.2139372825622558594 9.3736095428466796875 9.5740375518798828125 6.5548157691955566406 6.3197689056396484375 2.8137664794921875 12.959416389465332031 11.11394500732421875 4.9874272346496582031 3.2139372825622558594 5.8229155540466308594 6.1472482681274414062 6.1579203605651855469 7.7519974708557128906 3.2392652034759521484 10.130460739135742188 9.7498321533203125 4.6368613243103027344 6.828784942626953125 8.7887067794799804688 14.556787490844726562 18.308076858520507812 19.379100799560546875 19.88492584228515625 17.575139999389648438 11.8760986328125 7.1419196128845214844 8.545345306396484375 4.5482735633850097656 1.7420461177825927734 1.4320962429046630859 1.1457628011703491211 1.1457628011703491211 0.85937225818634033203 5.9940929412841796875 5.1427645683288574219
7.7539343833923339844 6.2393860816955566406 16.806140899658203125 14.592586517333984375 2.5385670661926269531 7.6936559677124023438 7.9394464492797851562 7.2126026153564453125 7.0004773139953613281 0.86531865596771240234 9.8514862060546875 11.234332084655761719 3.933544158935546875 0.93372428417205810547 4.7140650749206542969 5.1110897064208984375 6.2845315933227539062 11.077459335327148438 5.9780478477478027344 8.5540800094604492188 8.0940217971801757812 2.3545162677764892578 5.5532526969909667969 9.0448741912841796875 13.363072395324707031 17.786481857299804688 19.335550308227539062 19.842840194702148438 19.594944000244140625 14.882566452026367188 6.3029766082763671875 5.2723307609558105469 4.7366547584533691406 2.3696827888488769531 1.7302427291870117188 2.7157418727874755859 4.5202274322509765625 6.5847349166870117188 8.2097673416137695312 4.6587405204772949219
4.4749822616577148438 5.0872011184692382812 16.451684951782226562 17.483392715454101562 13.446249961853027344 14.45267486572265625 14.333539009094238281 12.147006034851074219 9.1625299453735351562 6.5394177436828613281 10.700498580932617188 18.694000244140625 21.815294265747070312 22.795446395874023438 17.987209320068359375 6.4953260421752929688 5.7105932235717773438 12.680383682250976562 7.1250162124633789062 7.1250162124633789062 7.1250162124633789062 0.85937225818634033203 0.85937225818634033203 4.0041728019714355469 3.4336304664611816406 0.57293868064880371094 1.1457628011703491211 1.1457628011703491211 12.952764511108398438 12.952764511108398438 2.5765719413757324219 2.8624053001403808594 5.1506524085998535156 2.2636361122131347656 1.9942889213562011719 5.4936347007751464844 6.5663399696350097656 7.5834932327270507812 7.2320704460144042969 3.6651105880737304688
2.3084168434143066406 3.3493292331695556641 12.845793724060058594 15.14044189453125 13.378046035766601562 14.391287803649902344 14.271551132202148438 11.1034088134765625 7.683887481689453125 6.7307696342468261719 11.317676544189453125 17.888334274291992188 21.802953720092773438 22.783855438232421875 23.586381912231445312 20.926542282104492188 16.823785781860351562 14.870604515075683594 7.5071072578430175781 7.054843902587890625 6.6585454940795898438 1.4177087545394897461 1.632738947868347168 2.0846774578094482422 4.2462034225463867188 2.1139454841613769531 2.1139454841613769531 6.2158746719360351562 15.39560699462890625 14.902688026428222656 7.1559743881225585938 7.6577734947204589844 6.3197689056396484375 5.2181773185729980469 8.0798168182373046875 10.857960700988769531 8.8118610382080078125 4.5493917465209960938 1.6852419376373291016 7.099582672119140625
3.7189939022064208984 3.7189939022064208984 7.9696102142333984375 7.6884479522705078125 0.28647652268409729004 6.5601963996887207031 6.5601963996887207031 0 0 3.4336304664611816406 9.0902767181396484375 5.7105932235717773438 0.85937225818634033203 0.85937225818634033203 8.4862813949584960938 14.851062774658203125 16.4106292724609375 12.041951179504394531 5.93390655517578125 5.9065737724304199219 5.4240097999572753906 1.632738947868347168 1.8225256204605102539 2.0846774578094482422 3.6914608478546142578 4.5426783561706542969 5.5995745658874511719 8.0717763900756835938 16.32842254638671875 15.870311737060546875 6.9968852996826171875 7.3940334320068359375 5.0961728096008300781 11.518276214599609375 13.004770278930664062 10.326977729797363281 7.4352979660034179688 3.5877306461334228516 5.8722238540649414062 8.898258209228515625
12.654980659484863281 10.307938575744628906 3.4455034732818603516 9.3020448684692382812 15.600969314575195312 15.382605552673339844 12.4759063720703125 9.9262456893920898438 9.9262456893920898438 9.9559793472290039062 10.123174667358398438 5.6616268157958984375 3.2955358028411865234 4.4761190414428710938 6.3317356109619140625 8.8084764480590820312 10.103716850280761719 9.9312076568603515625 9.6914453506469726562 8.8675050735473632812 7.4990897178649902344 4.5828080177307128906 2.3084168434143066406 4.609363555908203125 2.0248682498931884766 6.9013490676879882812 10.402286529541015625 9.2459735870361328125 14.141277313232421875 14.698089599609375 2.9503464698791503906 2.9416713714599609375 4.43386077880859375 15.635128974914550781 15.472738265991210938 6.5324764251708984375 8.8428201675415039062 13.584630012512207031 13.121927261352539062 9.280727386474609375
13.884637832641601562 11.816000938415527344 8.5540800094604492188 13.737654685974121094 15.718220710754394531 14.725839614868164062 11.627368927001953125 9.9262456893920898438 9.9262456893920898438 9.7397050857543945312 7.9274730682373046875 3.9799175262451171875 4.0459508895874023438 5.0521574020385742188 6.2158746719360351562 8.7268323898315429688 10.125118255615234375 10.041669845581054688 9.9426107406616210938 8.3327960968017578125 6.8523273468017578125 4.9904804229736328125 3.0424497127532958984 5.7388854026794433594 4.7312860488891601562 5.6104168891906738281 13.37091827392578125 12.518641471862792969 12.110372543334960938 13.377333641052246094 2.9503464698791503906 3.5634696483612060547 4.8037738800048828125 16.137943267822265625 15.981716156005859375 5.5995745658874511719 10.745680809020996094 14.892946243286132812 11.850383758544921875 7.2956547737121582031
13.726592063903808594 12.78029632568359375 12.569247245788574219 12.544739723205566406 5.4193358421325683594 8.9959173202514648438 13.564660072326660156 13.674945831298828125 9.3651580810546875 7.2098169326782226562 10.319842338562011719 15.97853851318359375 17.094524383544921875 13.249434471130371094 11.468808174133300781 14.456256866455078125 14.831173896789550781 9.5144891738891601562 3.9735095500946044922 2.6490082740783691406 3.6427712440490722656 5.1781620979309082031 6.3197689056396484375 7.6812801361083984375 7.4696149826049804688 4.7366547584533691406 14.238450050354003906 14.1466217041015625 10.561826705932617188 13.188755035400390625 6.85453033447265625 6.9166398048400878906 7.2984066009521484375 16.681711196899414062 17.1642913818359375 9.9959688186645507812 10.813292503356933594 7.2320704460144042969 1.1457628011703491211 1.1457628011703491211
13.020951271057128906 12.010997772216796875 8.4674777984619140625 5.0026750564575195312 5.1742415428161621094 11.242567062377929688 15.086066246032714844 15.020256996154785156 11.309932708740234375 7.1341776847839355469 12.599042892456054688 17.710369110107421875 18.799966812133789062 15.485048294067382812 11.690207481384277344 14.626996994018554688 15.678071975708007812 12.759256362915039062 4.2891530990600585938 5.0722126960754394531 5.6508851051330566406 4.71837615966796875 7.1538677215576171875 7.797698974609375 6.5671076774597167969 5.4127850532531738281 13.846349716186523438 13.751468658447265625 8.1976003646850585938 11.889543533325195312 7.2646265029907226562 7.1144304275512695312 7.4857072830200195312 15.736777305603027344 16.253917694091796875 10.173574447631835938 9.8289384841918945312 5.6338348388671875 4.1491446495056152344 7.1559743881225585938
5.6972813606262207031 11.092861175537109375 15.780267715454101562 20.34697723388671875 22.722135543823242188 25.91278839111328125 28.014068603515625 29.392778396606445312 31.670331954956054688 31.968776702880859375 28.578474044799804688 21.607450485229492188 20.501529693603515625 22.001543045043945312 19.543294906616210938 16.385152816772460938 16.274843215942382812 19.462665557861328125 10.854358673095703125 6.2772984504699707031 6.2772984504699707031 0.85937225818634033203 5.7105932235717773438 6.5601963996887207031 3.7189939022064208984 3.7189939022064208984 13.224551200866699219 13.224551200866699219 5.7105932235717773438 9.369384765625 3.7189939022064208984 3.7189939022064208984 3.7189939022064208984 13.495733261108398438 13.495733261108398438 2.8624053001403808594 2.2202544212341308594 2.4897277355194091797 10.0661468505859375 11.583449363708496094
5.2181773185729980469 10.863361358642578125 16.327297210693359375 21.179340362548828125 22.74249267578125 26.929941177368164062 28.912454605102539062 28.940748214721679688 31.277173995971679688 31.991472244262695312 28.308607101440429688 20.673839569091796875 19.62972259521484375 21.213855743408203125 19.367544174194335938 16.527873992919921875 15.767940521240234375 23.343778610229492188 27.043994903564453125 25.932008743286132812 22.6698455810546875 16.742977142333984375 6.2158746719360351562 5.0511527061462402344 8.4839334487915039062 11.748135566711425781 15.323177337646484375 12.594082832336425781 6.8904051780700683594 11.317676544189453125 11.274146080017089844 9.764495849609375 6.3611540794372558594 13.659998893737792969 14.271551132202148438 7.7481222152709960938 5.7994084358215332031 3.1039683818817138672 11.865085601806640625 12.878958702087402344
4.8206686973571777344 5.7105932235717773438 6.8427734375 9.0902767181396484375 2.2906100749969482422 15.109575271606445312 15.109575271606445312 2.8624053001403808594 2.8624053001403808594 2.2906100749969482422 8.2503871917724609375 5.9940929412841796875 8.2503871917724609375 8.2503871917724609375 0.28647652268409729004 5.1427645683288574219 4.8584628105163574219 7.7764925956726074219 20.757303237915039062 27.146617889404296875 24.144311904907226562 19.699920654296875 15.345950126647949219 4.3222594261169433594 8.3704042434692382812 11.668610572814941406 12.594082832336425781 8.94112396240234375 5.6004786491394042969 9.3408155441284179688 11.04172515869140625 9.71382904052734375 6.2813177108764648438 12.279755592346191406 12.966434478759765625 7.65450286865234375 5.8722238540649414062 4.9341955184936523438 9.0733480453491210938 10.393319129943847656
7.8533191680908203125 11.648634910583496094 13.9781341552734375 19.265415191650390625 20.436693191528320312 23.715536117553710938 21.222072601318359375 16.694042205810546875 17.200494766235351562 14.371303558349609375 15.512629508972167969 19.770891189575195312 23.513885498046875 25.568691253662109375 24.914506912231445312 23.125978469848632812 20.575288772583007812 17.441959381103515625 13.480203628540039062 17.859920501708984375 21.082605361938476562 24.543104171752929688 28.335382461547851562 19.208927154541015625 14.858945846557617188 10.589627265930175781 7.9977807998657226562 9.4288682937622070312 11.318536758422851562 10.552542686462402344 5.0842070579528808594 1.9942889213562011719 7.3004693984985351562 14.575506210327148438 18.48909759521484375 17.15926361083984375 13.955760955810546875 11.440374374389648438 11.807797431945800781 12.615434646606445312
10.825043678283691406 13.949652671813964844 15.100918769836425781 22.864091873168945312 21.442256927490234375 22.230131149291992188 19.460638046264648438 16.67321014404296875 17.849092483520507812 15.891272544860839844 14.649137496948242188 19.5065155029296875 23.007640838623046875 25.124149322509765625 25.118043899536132812 24.288677215576171875 20.938793182373046875 17.504062652587890625 13.564660072326660156 15.39560699462890625 19.152681350708007812 23.7032318115234375 29.4628448486328125 20.73601531982421875 17.158205032348632812 13.751468658447265625 7.5151162147521972656 9.0273046493530273438 12.189456939697265625 11.486170768737792969 10.608117103576660156 5.0672063827514648438 8.6351537704467773438 12.678868293762207031 17.1144561767578125 17.552774429321289062 16.5101165771484375 11.962581634521484375 11.301751136779785156 12.147006034851074219
14.566473007202148438 11.132795333862304688 10.882689476013183594 17.25711822509765625 10.83226776123046875 10.281217575073242188 9.8008012771606445312 4.6489081382751464844 4.1638498306274414062 10.620577812194824219 10.496646881103515625 9.2956552505493164062 8.0717763900756835938 5.5995745658874511719 5.3789658546447753906 12.065607070922851562 6.9882559776306152344 6.1151156425476074219 6.4524860382080078125 10.679433822631835938 14.946592330932617188 17.093194961547851562 21.442256927490234375 10.419255256652832031 11.531343460083007812 13.189841270446777344 9.4073324203491210938 9.4073324203491210938 7.1419196128845214844 10.716495513916015625 14.934376716613769531 5.6113190650939941406 5.1476955413818359375 5.990718841552734375 6.8221487998962402344 8.1878528594970703125 10.395207405090332031 5.9772019386291503906 7.9620804786682128906 10.236676216125488281
