helipistas/1493500820_153_478/INPUT/LCP/Slope.asc
ncols        198
nrows        222
xllcorner    366353.824162221397
yllcorner    4565457.789070339873
cellsize     100.000000000000
NODATA_value  -9999
[rows 108 to 125 of 222, columns 0 to 39 of 198]
-9999 -9999 4.7452311515808105469 10.825494766235351562 10.485428810119628906 2.6393363475799560547 4.71837615966796875 6.5694093704223632812 1.2152447700500488281 1.2152447700500488281 5.1555757522583007812 8.36563873291015625 5.3836760520935058594 2.4461894035339355469 1.5189278125762939453 3.7639784812927246094 3.8761029243469238281 5.4127850532531738281 9.1392364501953125 9.7199239730834960938 10.496179580688476562 10.496179580688476562 10.411717414855957031 9.60906219482421875 5.9712786674499511719 7.4776654243469238281 9.1965436935424804688 5.4193358421325683594 9.9222736358642578125 13.504547119140625 13.386949539184570312 13.441999435424804688 11.627368927001953125 2.0475022792816162109 4.0760622024536132812 5.0601892471313476562 7.099582672119140625 9.2137689590454101562 9.8769731521606445312 15.407990455627441406
-9999 -9999 4.7452311515808105469 10.239075660705566406 7.7066607475280761719 4.0371255874633789062 6.8904051780700683594 4.4521846771240234375 2.7157418727874755859 2.7157418727874755859 0.95543771982192993164 6.4929966926574707031 6.9013490676879882812 3.5404822826385498047 2.7251410484313964844 3.8550002574920654297 3.9645206928253173828 1.017800450325012207 5.0732135772705078125 9.4414501190185546875 10.496179580688476562 10.496179580688476562 10.228991508483886719 9.4094362258911132812 7.3967466354370117188 12.612386703491210938 8.3823060989379882812 2.4293971061706542969 8.6971492767333984375 13.438100814819335938 13.319828033447265625 12.521715164184570312 7.6734528541564941406 3.6146512031555175781 5.8341989517211914062 6.5548157691955566406 8.898258209228515625 10.642690658569335938 9.216457366943359375 14.107819557189941406
-9999 -9999 0.45295345783233642578 5.778430938720703125 8.6034002304077148438 10.235235214233398438 4.3795833587646484375 1.1810154914855957031 0.41760376095771789551 6.3579802513122558594 6.2166867256164550781 6.4751110076904296875 8.0649671554565429688 4.5123429298400878906 2.229457855224609375 3.7189939022064208984 5.8851294517517089844 7.396068572998046875 7.9224257469177246094 7.3641190528869628906 6.7030286788940429688 5.8541073799133300781 4.0760622024536132812 1.3624013662338256836 8.0476045608520507812 12.580717086791992188 9.3084306716918945312 12.731770515441894531 13.227438926696777344 12.302900314331054688 10.112964630126953125 7.1559743881225585938 2.9207456111907958984 5.6616268157958984375 7.8914384841918945312 8.5889253616333007812 7.92494964599609375 7.1566762924194335938 2.5765719413757324219 11.585125923156738281
-9999 -9999 0.45295345783233642578 2.672077178955078125 6.9144573211669921875 5.9746642112731933594 3.8905436992645263672 3.3493292331695556641 5.7854318618774414062 8.5546617507934570312 9.147369384765625 13.925866127014160156 9.0492610931396484375 4.3795833587646484375 1.94488525390625 3.5390405654907226562 5.7740507125854492188 7.5676183700561523438 7.97023773193359375 7.3395485877990722656 6.7389941215515136719 5.8954324722290039062 4.8553247451782226562 2.9762187004089355469 8.7478876113891601562 7.1657953262329101562 8.399532318115234375 12.970495223999023438 13.456163406372070312 11.482361793518066406 9.0749874114990234375 5.93646240234375 5.6508851051330566406 6.0852999687194824219 10.389067649841308594 10.918549537658691406 6.8904051780700683594 6.31337738037109375 6.7576475143432617188 15.649952888488769531
-9999 -9999 7.4319248199462890625 7.7539343833923339844 2.580539703369140625 2.6797225475311279297 1.7683150768280029297 7.2403974533081054688 10.853908538818359375 8.4013118743896484375 10.613195419311523438 16.09906005859375 10.026951789855957031 11.535134315490722656 11.664035797119140625 10.112964630126953125 8.1701555252075195312 5.4612560272216796875 2.0871322154998779297 0 1.1457628011703491211 1.1457628011703491211 4.0041728019714355469 4.0041728019714355469 9.0902767181396484375 4.0041728019714355469 5.1427645683288574219 6.2772984504699707031 6.2772984504699707031 1.4320962429046630859 1.4320962429046630859 0.57293868064880371094 6.8427734375 6.2772984504699707031 11.585125923156738281 11.585125923156738281 5.6140260696411132812 5.9636540412902832031 9.9979391098022460938 18.370615005493164062
-9999 -9999 7.4319248199462890625 7.683887481689453125 6.6471867561340332031 4.6104669570922851562 4.8301453590393066406 8.4985980987548828125 8.9959173202514648438 5.7424120903015136719 11.421232223510742188 12.481691360473632812 8.4202728271484375 11.583868980407714844 11.712175369262695312 10.112964630126953125 8.1701555252075195312 6.5740108489990234375 5.1051282882690429688 3.8642470836639404297 3.5848848819732666016 2.6393363475799560547 5.7924246788024902344 6.9774541854858398438 8.8742246627807617188 0.81653523445129394531 8.7268323898315429688 9.3551120758056640625 9.2507944107055664062 5.4982438087463378906 2.7918756008148193359 1.4213193655014038086 7.1376976966857910156 6.2101855278015136719 10.694092750549316406 11.095938682556152344 8.3208189010620117188 12.185496330261230469 15.441760063171386719 20.283390045166015625
-9999 -9999 0 3.7189939022064208984 9.0902767181396484375 5.4268126487731933594 7.9696102142333984375 7.9696102142333984375 1.4320962429046630859 1.4320962429046630859 11.585125923156738281 9.9262456893920898438 1.7183580398559570312 4.2891530990600585938 4.2891530990600585938 2.0045340061187744141 2.0045340061187744141 1.5189278125762939453 3.4232072830200195312 3.8852987289428710938 4.2509975433349609375 3.4925882816314697266 9.3063020706176757812 10.070546150207519531 6.6736588478088378906 5.6437125205993652344 11.80902862548828125 9.2636356353759765625 9.1582012176513671875 6.0952553749084472656 3.8444049358367919922 1.9658385515213012695 7.7001614570617675781 6.0686707496643066406 8.7632188796997070312 9.2566823959350585938 11.399495124816894531 21.53871917724609375 16.766153335571289062 19.5307464599609375
-9999 -9999 2.4897277355194091797 4.265346527099609375 7.1306552886962890625 5.0672063827514648438 9.5889911651611328125 9.81488037109375 4.8918080329895019531 3.1996014118194580078 11.095938682556152344 10.743859291076660156 3.5919947624206542969 3.5519948005676269531 3.283115386962890625 1.1322598457336425781 1.7683150768280029297 2.5765719413757324219 2.229457855224609375 1.7683150768280029297 5.9772019386291503906 8.1112794876098632812 11.693941116333007812 10.455449104309082031 1.2194558382034301758 13.959492683410644531 15.084827423095703125 8.6311197280883789062 6.0553331375122070312 4.71837615966796875 5.2520904541015625 2.5864796638488769531 8.1100482940673828125 6.6766772270202636719 8.0649671554565429688 8.1609859466552734375 15.804886817932128906 30.132318496704101562 21.6043243408203125 16.271169662475585938
-9999 -9999 2.4897277355194091797 3.6469705104827880859 3.1610517501831054688 3.3675730228424072266 9.9465742111206054688 10.163903236389160156 4.9904804229736328125 3.3493292331695556641 9.2566823959350585938 10.617348670959472656 3.6651105880737304688 1.8476477861404418945 1.2526339292526245117 1.3773674964904785156 1.9343231916427612305 2.5765719413757324219 4.0760622024536132812 3.8444049358367919922 8.7359437942504882812 10.290291786193847656 9.6362657546997070312 8.0575304031372070312 7.712505340576171875 18.700647354125976562 13.900669097900390625 7.5523724555969238281 4.3516020774841308594 4.4886045455932617188 6.85453033447265625 3.5634696483612060547 8.3906269073486328125 7.9375567436218261719 8.4774732589721679688 8.5686168670654296875 20.299365997314453125 35.243190765380859375 23.110368728637695312 12.099199295043945312
-9999 -9999 1.584965825080871582 3.3675730228424072266 7.0176930427551269531 10.446061134338378906 11.146800994873046875 7.9746260643005371094 3.0957269668579101562 2.6393363475799560547 7.2784337997436523438 9.4978475570678710938 2.4649434089660644531 1.1810154914855957031 1.7420461177825927734 1.4320962429046630859 1.8337335586547851562 2.8766577243804931641 6.8611340522766113281 7.4534864425659179688 8.1481294631958007812 7.4930706024169921875 7.396068572998046875 15.715863227844238281 21.343395233154296875 18.974948883056640625 7.5834932327270507812 2.3890402317047119141 4.5839176177978515625 8.01213836669921875 12.268754959106445312 11.071732521057128906 11.380704879760742188 9.2636356353759765625 12.288784027099609375 14.661633491516113281 25.064573287963867188 35.502758026123046875 16.086742401123046875 10.8880767822265625
-9999 -9999 1.584965825080871582 3.7788531780242919922 9.0667848587036132812 11.020488739013671875 9.3015127182006835938 4.9904804229736328125 4.0947680473327636719 3.7626233100891113281 6.4329156875610351562 9.0820894241333007812 2.8570420742034912109 1.4320962429046630859 1.9210387468338012695 1.4320962429046630859 1.8337335586547851562 2.9882152080535888672 8.1805353164672851562 8.1878528594970703125 4.465877532958984375 3.0824947357177734375 8.9227800369262695312 18.293437957763671875 20.3929595947265625 13.108442306518554688 4.3269677162170410156 5.93390655517578125 7.0946259498596191406 9.2395420074462890625 13.977117538452148438 11.234332084655761719 9.8709821701049804688 7.2901487350463867188 15.628006935119628906 17.4864959716796875 25.476465225219726562 31.373882293701171875 9.9663639068603515625 20.358858108520507812
-9999 -9999 6.9860973358154296875 9.1619892120361328125 9.3381662368774414062 4.8511376380920410156 1.584965825080871582 2.44828033447265625 4.71837615966796875 4.2844028472900390625 4.7921237945556640625 7.4622273445129394531 6.138202667236328125 5.7924246788024902344 4.2329916954040527344 4.0760622024536132812 3.7435986995697021484 2.8064885139465332031 7.6525397300720214844 10.983217239379882812 13.165555000305175781 11.789729118347167969 6.4828939437866210938 14.842226982116699219 5.9940929412841796875 2.2906100749969482422 2.2906100749969482422 7.6884479522705078125 7.6884479522705078125 7.4069123268127441406 12.133880615234375 4.8584628105163574219 2.5765719413757324219 2.5765719413757324219 16.172159194946289062 16.172159194946289062 23.025491714477539062 27.923589706420898438 5.9940929412841796875 24.465534210205078125
-9999 -9999 6.9860973358154296875 9.0749874114990234375 7.3695673942565917969 3.3690888881683349609 3.9645206928253173828 4.3795833587646484375 4.0497269630432128906 3.5332677364349365234 2.3718414306640625 4.1466889381408691406 5.8028969764709472656 5.9065737724304199219 4.3888702392578125 4.3516020774841308594 4.1565041542053222656 2.6949474811553955078 5.3789658546447753906 9.9979391098022460938 13.4026031494140625 16.101636886596679688 14.409605026245117188 13.144124984741210938 3.4882013797760009766 5.6678829193115234375 8.779087066650390625 14.25170135498046875 16.512058258056640625 18.745187759399414062 22.842626571655273438 20.488920211791992188 18.415706634521484375 15.538656234741210938 20.6862945556640625 20.44281005859375 21.296415328979492188 23.330308914184570312 8.7268323898315429688 24.559156417846679688
-9999 -9999 3.1675095558166503906 3.3917441368103027344 1.0127503871917724609 1.4320962429046630859 5.1427645683288574219 5.1427645683288574219 2.5765719413757324219 2.8766577243804931641 1.2809591293334960938 0.64055961370468139648 0.28647652268409729004 2.0045340061187744141 2.0045340061187744141 3.1480960845947265625 3.4336304664611816406 0.28647652268409729004 2.0045340061187744141 2.0045340061187744141 3.7189939022064208984 4.1687397956848144531 10.440423965454101562 8.2322254180908203125 2.1452000141143798828 9.02895355224609375 11.20610809326171875 16.181552886962890625 18.158041000366210938 20.128290176391601562 24.05893707275390625 20.387670516967773438 18.500652313232421875 15.6434326171875 20.402265548706054688 20.154108047485351562 14.964423179626464844 13.161199569702148438 7.65450286865234375 22.737405776977539062
-9999 -9999 3.1675095558166503906 3.2266263961791992188 2.5385670661926269531 2.5040714740753173828 4.8803715705871582031 4.6718182563781738281 2.1356322765350341797 3.2155261039733886719 6.8021988868713378906 9.0229063034057617188 9.7300729751586914062 9.382579803466796875 7.4265241622924804688 6.6007871627807617188 7.6111903190612792969 9.3211870193481445312 10.228991508483886719 9.9559793472290039062 8.2968111038208007812 5.2142872810363769531 1.2809591293334960938 7.1369938850402832031 9.3572282791137695312 13.759404182434082031 14.293679237365722656 17.797357559204101562 18.781808853149414062 22.0397796630859375 27.571987152099609375 23.927989959716796875 23.33870697021484375 21.781524658203125 18.588926315307617188 11.690207481384277344 6.6577887535095214844 20.304473876953125 27.491769790649414062 28.545869827270507812
-9999 -9999 0.20257033407688140869 0.79101544618606567383 4.2233572006225585938 3.8003835678100585938 3.9438970088958740234 3.6817748546600341797 1.1853482723236083984 4.5493917465209960938 8.4397783279418945312 9.344524383544921875 9.7604532241821289062 10.256339073181152344 8.5173292160034179688 6.4242849349975585938 7.2660083770751953125 9.6198511123657226562 10.182752609252929688 9.9083585739135742188 8.12911224365234375 4.9383111000061035156 4.7140650749206542969 12.353333473205566406 10.517179489135742188 14.388340950012207031 14.896403312683105469 19.051120758056640625 19.956544876098632812 25.559705734252929688 30.7039031982421875 23.946186065673828125 23.689548492431640625 22.168445587158203125 15.775572776794433594 5.5705556869506835938 13.941502571105957031 24.609640121459960938 27.582490921020507812 25.495594024658203125
-9999 -9999 3.3140785694122314453 5.1624603271484375 6.4054131507873535156 5.4538278579711914062 2.9416713714599609375 1.94488525390625 2.3890402317047119141 6.3365159034729003906 5.5896167755126953125 1.4320962429046630859 1.0328024625778198242 5.4380078315734863281 6.2158746719360351562 4.8301453590393066406 2.44828033447265625 2.0649342536926269531 4.2891530990600585938 7.1250162124633789062 9.1619892120361328125 9.4262447357177734375 10.086171150207519531 14.4894256591796875 8.61727142333984375 12.40470123291015625 12.443456649780273438 16.908969879150390625 16.857110977172851562 22.234447479248046875 23.214376449584960938 11.140237808227539062 15.020256996154785156 14.068555831909179688 14.511163711547851562 16.56304168701171875 23.558803558349609375 26.56333160400390625 17.66016387939453125 17.541193008422851562
-9999 -9999 3.3630213737487792969 5.4380078315734863281 5.6580486297607421875 4.8175058364868164062 2.2749142646789550781 0.54542309045791625977 3.2392652034759521484 6.3365159034729003906 3.9901485443115234375 1.1810154914855957031 0.64055961370468139648 3.5332677364349365234 4.6489081382751464844 4.9011445045471191406 4.8301453590393066406 2.0649342536926269531 5.1506524085998535156 7.6675772666931152344 9.2566823959350585938 9.5181245803833007812 9.3020448684692382812 12.077216148376464844 7.5257802009582519531 12.535919189453125 12.57421875 16.652072906494140625 16.59922027587890625 19.999177932739257812 15.600969314575195312 12.212002754211425781 14.574215888977050781 13.585680007934570312 15.668606758117675781 17.559976577758789062 22.835947036743164062 27.13098907470703125 18.2207489013671875 17.396240234375
