helipistas/1493500820_153_478/INPUT/LCP/Slope.asc
ncols        198
nrows        222
xllcorner    366353.824162221397
yllcorner    4565457.789070339873
cellsize     100.000000000000
NODATA_value  -9999
[rows 198 to 215 of 222, columns 120 to 159 of 198]
1.2968668937683105469 2.5061137676239013672 1.3164808750152587891 1.9263634681701660156 2.580539703369140625 2.7232637405395507812 3.0086684226989746094 3.0973770618438720703 2.7918756008148193359 2.4711627960205078125 2.4711627960205078125 2.7531449794769287109 3.2139372825622558594 3.6259255409240722656 3.6019246578216552734 3.6651105880737304688 3.8444049358367919922 3.7909791469573974609 3.3630213737487792969 2.9347128868103027344 2.5061137676239013672 2.10666656494140625 1.584965825080871582 1.0127503871917724609 0.85937225818634033203 0.85937225818634033203 0.90585035085678100586 0.90585035085678100586 0.7373294830322265625 0.67941254377365112305 0.28647652268409729004 1.5189278125762939453 1.6358740329742431641 2.1807045936584472656 2.1807045936584472656 2.0846774578094482422 2.5142667293548583984 1.0573325157165527344 1.3586339950561523438 1.632738947868347168
1.4320962429046630859 2.2906100749969482422 0.85937225818634033203 0.7373294830322265625 1.9658385515213012695 2.7232637405395507812 3.0086684226989746094 3.1171090602874755859 2.8137664794921875 2.4378077983856201172 2.4378077983856201172 2.7232637405395507812 3.1171090602874755859 3.5404822826385498047 3.6469705104827880859 3.6259255409240722656 3.7963559627532958984 3.8070867061614990234 3.3811907768249511719 2.9555392265319824219 2.5304930210113525391 2.0772957801818847656 1.5189278125762939453 1.0127503871917724609 0.85937225818634033203 0.85937225818634033203 0.90585035085678100586 0.90585035085678100586 0.64851647615432739258 0.30385389924049377441 0.28647652268409729004 1.0954376459121704102 1.2526339292526245117 2.1807045936584472656 2.1807045936584472656 2.6393363475799560547 3.5115344524383544922 1.3164808750152587891 1.2968668937683105469 1.5817295312881469727
1.8253340721130371094 2.7401123046875 2.918994903564453125 3.0841519832611083984 2.9416713714599609375 2.6490082740783691406 2.2202544212341308594 2.1356322765350341797 2.1736502647399902344 1.8669528961181640625 1.6483550071716308594 1.5053720474243164062 1.4604451656341552734 1.4604451656341552734 1.7302427291870117188 1.9210387468338012695 1.5817295312881469727 1.5053720474243164062 1.3773674964904785156 1.2809591293334960938 1.2809591293334960938 1.0907473564147949219 1.017800450325012207 0.81653523445129394531 0.85937225818634033203 0.85937225818634033203 0.90585035085678100586 0.90585035085678100586 1.0765538215637207031 1.1546770334243774414 0.64851647615432739258 0.95543771982192993164 0.93372428417205810547 2.0772957801818847656 2.0871322154998779297 2.7232637405395507812 3.6651105880737304688 1.3164808750152587891 1.2968668937683105469 1.5817295312881469727
1.571980595588684082 2.2202544212341308594 2.8624053001403808594 3.0775177478790283203 2.9347128868103027344 2.672077178955078125 2.2477512359619140625 2.10666656494140625 2.2202544212341308594 1.9103443622589111328 1.6607419252395629883 1.5189278125762939453 1.4604451656341552734 1.4604451656341552734 1.632738947868347168 1.9210387468338012695 1.632738947868347168 1.571980595588684082 1.4498792886734008789 1.2809591293334960938 1.2809591293334960938 1.2320023775100708008 1.1140010356903076172 0.79101544618606567383 0.85937225818634033203 0.85937225818634033203 0.90585035085678100586 0.90585035085678100586 1.1322598457336425781 1.2236523628234863281 1.017800450325012207 1.0954376459121704102 1.0765538215637207031 2.2202544212341308594 2.8996677398681640625 2.7531449794769287109 2.3718414306640625 1.0573325157165527344 1.3586339950561523438 1.632738947868347168
1.0573325157165527344 1.1546770334243774414 1.4068214893341064453 1.3624013662338256836 1.2194558382034301758 1.2809591293334960938 1.2809591293334960938 1.1322598457336425781 1.3510677814483642578 1.5456823110580444336 1.7420461177825927734 1.7420461177825927734 1.6852419376373291016 1.5456823110580444336 1.3164808750152587891 1.3510677814483642578 0.7373294830322265625 0.83516317605972290039 1.0127503871917724609 1.0573325157165527344 1.1853482723236083984 1.474414825439453125 1.6699715852737426758 1.2968668937683105469 0.95543771982192993164 0.51644319295883178711 0.3651854395866394043 0.20257033407688140869 0.64055961370468139648 0.73034119606018066406 1.1457628011703491211 1.1457628011703491211 1.1457628011703491211 2.2906100749969482422 4.0446910858154296875 2.5606389045715332031 1.0328024625778198242 0.28647652268409729004 0.57293868064880371094 0.57293868064880371094
0.99744653701782226562 1.1546770334243774414 1.4498792886734008789 1.3773674964904785156 1.2361563444137573242 1.2809591293334960938 1.2809591293334960938 1.1853482723236083984 1.2236523628234863281 1.5053720474243164062 1.7420461177825927734 1.7420461177825927734 1.7213368415832519531 1.584965825080871582 1.5323635339736938477 1.8614575862884521484 0.86531865596771240234 0.60769075155258178711 0.83516317605972290039 0.99744653701782226562 1.1322598457336425781 1.3586339950561523438 1.6699715852737426758 1.3586339950561523438 1.1322598457336425781 0.93372428417205810547 0.5905704498291015625 1.0127503871917724609 0.90585035085678100586 1.1322598457336425781 1.2194558382034301758 1.2194558382034301758 1.2361563444137573242 2.4711627960205078125 4.6891970634460449219 2.3106329441070556641 0.22648027539253234863 0.50641471147537231445 1.1322598457336425781 1.2526339292526245117
1.4068214893341064453 1.0765538215637207031 0.83516317605972290039 0.67941254377365112305 0.81653523445129394531 1.0127503871917724609 0.83516317605972290039 0.67941254377365112305 0.3651854395866394043 0.28647652268409729004 0.28647652268409729004 0.28647652268409729004 0.57293868064880371094 0.57293868064880371094 1.1457628011703491211 2.0045340061187744141 0.85937225818634033203 0.28647652268409729004 0.28647652268409729004 0.28647652268409729004 0.3651854395866394043 0.32028982043266296387 0.79101544618606567383 0.57293868064880371094 0.85937225818634033203 0.93372428417205810547 0.70896291732788085938 0.90585035085678100586 0.64055961370468139648 1.3773674964904785156 1.3624013662338256836 1.3624013662338256836 1.3773674964904785156 2.7531449794769287109 4.8301453590393066406 2.1736502647399902344 0.81653523445129394531 0.93372428417205810547 1.2194558382034301758 1.3319638967514038086
1.4498792886734008789 1.1322598457336425781 0.73034119606018066406 0.64851647615432739258 0.79101544618606567383 1.2320023775100708008 1.0907473564147949219 0.70896291732788085938 0.86531865596771240234 0.73034119606018066406 0.64055961370468139648 0.64055961370468139648 0.83516317605972290039 0.85937225818634033203 1.0127503871917724609 1.7420461177825927734 1.0328024625778198242 0.64055961370468139648 0.64055961370468139648 0.64055961370468139648 0.70896291732788085938 0.51644319295883178711 0.81023067235946655273 0.93372428417205810547 1.2526339292526245117 1.6358740329742431641 1.5423634052276611328 0.60769075155258178711 1.2320023775100708008 2.0349590778350830078 2.2271604537963867188 2.1356322765350341797 2.0273957252502441406 2.5385670661926269531 4.1565041542053222656 2.1642086505889892578 1.8337335586547851562 1.8337335586547851562 1.3773674964904785156 1.017800450325012207
0.57293868064880371094 0.57293868064880371094 0 0 0 1.1457628011703491211 1.1457628011703491211 0.28647652268409729004 0.73034119606018066406 0.73034119606018066406 0.64055961370468139648 0.64055961370468139648 1.0907473564147949219 1.4320962429046630859 0.73034119606018066406 1.1810154914855957031 1.0328024625778198242 0.64055961370468139648 0.64055961370468139648 0.64055961370468139648 0.81023067235946655273 0.64055961370468139648 0.7373294830322265625 0.86531865596771240234 1.0954376459121704102 1.5189278125762939453 1.4320962429046630859 1.9103443622589111328 1.9942889213562011719 2.2636361122131347656 2.4378077983856201172 2.0475022792816162109 1.9343231916427612305 1.6483550071716308594 2.7345077991485595703 1.8253340721130371094 1.8337335586547851562 1.8337335586547851562 1.2361563444137573242 0.81653523445129394531
0.45295345783233642578 0.60769075155258178711 0.57293868064880371094 0.50641471147537231445 0.3651854395866394043 1.0573325157165527344 1.3319638967514038086 0.64851647615432739258 0.30385389924049377441 0.45295345783233642578 0.40513560175895690918 0.40513560175895690918 1.0127503871917724609 1.5189278125762939453 0.70896291732788085938 1.0328024625778198242 1.0328024625778198242 0.64055961370468139648 0.64055961370468139648 0.64055961370468139648 0.90585035085678100586 1.4320962429046630859 1.6852419376373291016 1.5456823110580444336 1.2968668937683105469 1.0127503871917724609 0.86531865596771240234 2.8943738937377929688 2.5061137676239013672 2.190074920654296875 2.2636361122131347656 1.2320023775100708008 1.0907473564147949219 0.45295345783233642578 2.3084168434143066406 3.1675095558166503906 2.7251410484313964844 1.7683150768280029297 1.2968668937683105469 3.0086684226989746094
0.20257033407688140869 0.45295345783233642578 0.57293868064880371094 0.54542309045791625977 0.41760376095771789551 0.70896291732788085938 1.2194558382034301758 0.7373294830322265625 0.67941254377365112305 0.73034119606018066406 0.40513560175895690918 0.40513560175895690918 0.73034119606018066406 1.0954376459121704102 0.61607241630554199219 1.0328024625778198242 1.0328024625778198242 0.64055961370468139648 0.64055961370468139648 0.64055961370468139648 0.90585035085678100586 1.5423634052276611328 1.7213368415832519531 1.584965825080871582 1.3586339950561523438 1.0907473564147949219 0.93372428417205810547 3.4602868556976318359 2.9347128868103027344 2.4711627960205078125 2.5365509986877441406 1.0127503871917724609 0.83516317605972290039 1.3586339950561523438 2.0846774578094482422 3.0891180038452148438 2.672077178955078125 1.6852419376373291016 3.8642470836639404297 4.71837615966796875
0.85937225818634033203 0.93372428417205810547 1.0765538215637207031 1.1810154914855957031 1.1810154914855957031 1.1322598457336425781 1.320368647575378418 0.91149336099624633789 1.017800450325012207 1.1140010356903076172 0.90585035085678100586 0.90585035085678100586 1.0573325157165527344 1.3319638967514038086 1.1810154914855957031 1.474414825439453125 1.7302427291870117188 1.7420461177825927734 1.7420461177825927734 1.7420461177825927734 1.2194558382034301758 0.41760376095771789551 0.93372428417205810547 1.2194558382034301758 1.3773674964904785156 1.5053720474243164062 1.7302427291870117188 4.0947680473327636719 3.3917441368103027344 2.4649434089660644531 2.2477512359619140625 0.57293868064880371094 0.57293868064880371094 2.0045340061187744141 1.4320962429046630859 0.57293868064880371094 0.85937225818634033203 0.85937225818634033203 5.1427645683288574219 5.1427645683288574219
0.85937225818634033203 0.95543771982192993164 1.0954376459121704102 1.1810154914855957031 1.1810154914855957031 1.1853482723236083984 1.5489940643310546875 1.017800450325012207 0.91149336099624633789 1.017800450325012207 0.90585035085678100586 0.90585035085678100586 0.99744653701782226562 1.2526339292526245117 1.1810154914855957031 1.3586339950561523438 1.632738947868347168 1.7420461177825927734 1.7420461177825927734 1.7420461177825927734 1.5323635339736938477 0.67941254377365112305 1.3164808750152587891 1.5323635339736938477 1.4498792886734008789 1.571980595588684082 1.8669528961181640625 4.0947680473327636719 3.1415979862213134766 1.2526339292526245117 1.4213193655014038086 2.0871322154998779297 2.7991917133331298828 3.4351167678833007812 2.9762187004089355469 2.7531449794769287109 2.6624896526336669922 1.7302427291870117188 5.0722126960754394531 5.0762143135070800781
0.73034119606018066406 0.64055961370468139648 0.64055961370468139648 0.73034119606018066406 1.0127503871917724609 1.0907473564147949219 1.1853482723236083984 0.64851647615432739258 0.61607241630554199219 0.70896291732788085938 0.64055961370468139648 0.60769075155258178711 0.45295345783233642578 0.57293868064880371094 0.28647652268409729004 0.28647652268409729004 0.28647652268409729004 0.28647652268409729004 0.28647652268409729004 0.28647652268409729004 1.4320962429046630859 1.1457628011703491211 1.4320962429046630859 1.4320962429046630859 0.85937225818634033203 0.85937225818634033203 1.1457628011703491211 3.7189939022064208984 2.5765719413757324219 0.45295345783233642578 1.2968668937683105469 2.1356322765350341797 2.83548736572265625 3.232952117919921875 2.9137365818023681641 2.7232637405395507812 3.6914608478546142578 3.0891180038452148438 4.93007659912109375 4.9341955184936523438
0.83516317605972290039 0.64055961370468139648 0.64055961370468139648 1.5817295312881469727 1.7302427291870117188 1.0127503871917724609 0.61607241630554199219 0.22648027539253234863 0.50641471147537231445 0.61607241630554199219 0.64055961370468139648 0.81023067235946655273 0.86531865596771240234 1.320368647575378418 1.6607419252395629883 1.584965825080871582 1.1853482723236083984 0.90585035085678100586 0.90585035085678100586 0.81653523445129394531 1.8614575862884521484 1.5053720474243164062 1.7683150768280029297 1.8476477861404418945 1.5323635339736938477 1.6483550071716308594 1.2320023775100708008 2.6393363475799560547 3.06253814697265625 3.1171090602874755859 2.9762187004089355469 3.1675095558166503906 3.4395720958709716797 3.0891180038452148438 1.5053720474243164062 0.67941254377365112305 3.9023187160491943359 3.9387240409851074219 4.9052882194519042969 4.8762063980102539062
0.57293868064880371094 0.28647652268409729004 0.28647652268409729004 2.0045340061187744141 2.0045340061187744141 0 0 0 0.28647652268409729004 0.28647652268409729004 0.28647652268409729004 0.45295345783233642578 0.67941254377365112305 1.320368647575378418 1.6483550071716308594 1.7683150768280029297 1.4213193655014038086 0.90585035085678100586 0.90585035085678100586 1.1322598457336425781 2.7195055484771728516 1.9022841453552246094 1.8914834260940551758 1.9658385515213012695 1.6232969760894775391 1.733201146125793457 1.0127503871917724609 0.64055961370468139648 2.4711627960205078125 3.0973770618438720703 2.9555392265319824219 3.2690854072570800781 3.5332677364349365234 3.0086684226989746094 2.5626361370086669922 1.94488525390625 4.0409102439880371094 4.0760622024536132812 4.7666044235229492188 4.7366547584533691406
1.5456823110580444336 1.4320962429046630859 0.85937225818634033203 2.0374739170074462891 2.0871322154998779297 0.79101544618606567383 0.71615993976593017578 0.79101544618606567383 1.0127503871917724609 1.2968668937683105469 1.5189278125762939453 1.6607419252395629883 1.2194558382034301758 0.10128547996282577515 0.73034119606018066406 1.2320023775100708008 1.0907473564147949219 0.40513560175895690918 0.40513560175895690918 0.93372428417205810547 2.7251410484313964844 2.2363352775573730469 2.4378077983856201172 2.6624896526336669922 2.5304930210113525391 2.4061155319213867188 2.0846774578094482422 2.4649434089660644531 2.6949474811553955078 3.0357236862182617188 3.3186979293823242188 2.8996677398681640625 1.6973590850830078125 1.6607419252395629883 4.5404381752014160156 3.6539580821990966797 4.4624581336975097656 4.2521953582763671875 4.0760622024536132812 3.9387240409851074219
1.5053720474243164062 1.5423634052276611328 1.0328024625778198242 1.9022841453552246094 1.9553900957107543945 0.81653523445129394531 0.71615993976593017578 0.81653523445129394531 1.0127503871917724609 1.2968668937683105469 1.5053720474243164062 1.6483550071716308594 1.5323635339736938477 1.3624013662338256836 0.83516317605972290039 1.0127503871917724609 0.83516317605972290039 0.40513560175895690918 0.40513560175895690918 0.50641471147537231445 1.7683150768280029297 1.8337335586547851562 2.2636361122131347656 2.5040714740753173828 2.6022534370422363281 2.4814939498901367188 2.0846774578094482422 2.6797225475311279297 2.8064885139465332031 3.0891180038452148438 3.3675730228424072266 2.83548736572265625 1.584965825080871582 3.7963559627532958984 6.0960841178894042969 3.3932490348815917969 4.1059498786926269531 3.8761029243469238281 2.8570420742034912109 3.2392652034759521484
