helipistas/1494275846_152_420/INPUT/LCP/Aspect.asc
ncols        160
nrows        207
xllcorner    365696.508271717466
yllcorner    4565265.056038195267
cellsize     100.000000000000
NODATA_value  -9999
[rows 180 to 199 of 207, columns 0 to 44 of 160]
-9999 90 90 90 90 270 270 270 270 270 270 270 270 270 90 270 270 90 90 90 90 90 90 90 90 90 90 90 90 -9999 -9999 90 90 90 90 90 -9999 -9999 270 198.4349517822265625 116.5650482177734375 135 -9999 270 319.763641357421875
-9999 90 90 90 90 270 270 270 270 270 270 270 270 270 90 270 270 90 90 90 90 90 90 90 90 90 90 90 90 -9999 -9999 90 117.89727020263671875 116.5650482177734375 104.4207763671875 90 -9999 -9999 270 90 90 -9999 -9999 270 270
0 73.1785888671875 70.76932525634765625 35.537677764892578125 45 282.99462890625 265.10089111328125 241.3895416259765625 217.8749847412109375 212.47119140625 206.995849609375 223.7269744873046875 252.2161102294921875 270 90 270 270 90 90 90 90 90 90 90 90 90 90 90 90 -9999 -9999 90 104.4207763671875 116.5650482177734375 117.89727020263671875 90 -9999 -9999 270 90 90 -9999 -9999 270 270
0 72.4075775146484375 69.9047698974609375 45 54.462322235107421875 285.255126953125 263.1572265625 229.398712158203125 209.054595947265625 204.4439544677734375 197.7838897705078125 218.990997314453125 220.0302581787109375 200.5560455322265625 180.830322265625 220.38934326171875 215.134185791015625 168.6900634765625 170.1120147705078125 169.0771942138671875 122.47119140625 112.85482025146484375 103.60973358154296875 93.012786865234375 84.805572509765625 90 92.29061126708984375 70.3461761474609375 20.22486114501953125 344.054595947265625 349.695159912109375 12.652557373046875 46.273029327392578125 39.143985748291015625 0 0 357.82525634765625 357.9786376953125 337.135498046875 354.588134765625 10.98065185546875 3.09405517578125 3.468231201171875 347.00537109375 348.0706787109375
-9999 90 90 90 90 270 270 270 270 270 270 239.620880126953125 208.8865814208984375 203.025482177734375 195.395538330078125 212.691986083984375 207.9622344970703125 160.844390869140625 163.15618896484375 171.027374267578125 132.0185394287109375 121.5689697265625 106.630950927734375 93.7152862548828125 84.805572509765625 90 93.012786865234375 50.194427490234375 14.743560791015625 319.398712158203125 331.3895263671875 19.13364410400390625 48.6522216796875 37.50414276123046875 342.89727783203125 346.759490966796875 353.50067138671875 353.955902099609375 343.2374267578125 335.64697265625 352.349365234375 9.211029052734375 10.30484771728515625 342.095550537109375 343.52313232421875
180 127.8749847412109375 119.05460357666015625 135 142.765167236328125 232.1250152587890625 260.134185791015625 261.027374267578125 208.300750732421875 192.724365234375 188.8418121337890625 187.253204345703125 192.094757080078125 215.96051025390625 205.253173828125 203.6293792724609375 199.2900390625 159.362457275390625 149.858612060546875 162.699462890625 127.7630767822265625 124.79602813720703125 115.42687225341796875 103.81502532958984375 99.2461090087890625 85.42607879638671875 16.92751312255859375 11.30992889404296875 12.9946136474609375 306.573028564453125 304.114471435546875 42.13759613037109375 61.557071685791015625 41.308612823486328125 327.52880859375 322.125 333.4349365234375 333.4349365234375 320.194427490234375 296.5650634765625 319.08563232421875 18.4349517822265625 16.1134185791015625 329.931427001953125 336.25048828125
180 135 125.5376739501953125 127.234832763671875 135 242.878692626953125 262.14666748046875 259.99200439453125 139.763641357421875 160.463348388671875 176.1859283447265625 183.5035400390625 204.4439544677734375 216.25384521484375 199.7222747802734375 190.619659423828125 188.53076171875 174.805572509765625 155.6954498291015625 157.71441650390625 136.0609130859375 129.9203948974609375 121.67546844482421875 107.7004241943359375 99.68878936767578125 82.40535736083984375 334.440032958984375 18.4349517822265625 21.03751373291015625 308.418060302734375 305.90972900390625 38.990993499755859375 56.976131439208984375 34.87532806396484375 335.5560302734375 330.945404052734375 333.4349365234375 333.4349365234375 320.194427490234375 290.5560302734375 308.2901611328125 10.17551422119140625 8.8418121337890625 318.1798095703125 325.7843017578125
0 45 87.51044464111328125 127.40535736083984375 138.1798248291015625 221.2686004638671875 242.850311279296875 258.6900634765625 81.86989593505859375 113.1985931396484375 153.4349517822265625 204.4439544677734375 246.8014068603515625 231.3401947021484375 208.300750732421875 178.2642974853515625 178.66778564453125 183.5035400390625 155.92449951171875 149.0362396240234375 128.2901611328125 115.3461761474609375 106.69924163818359375 106.69924163818359375 100.0079803466796875 86.987213134765625 258.6900634765625 101.3099365234375 21.03751373291015625 303.111328125 282.2647705078125 37.8749847412109375 51.340190887451171875 40.42607879638671875 341.5650634765625 315 270 270 270 270 270 90 90 270 270
0 62.92791748046875 88.72696685791015625 119.47589111328125 128.480194091796875 223.3153228759765625 251.5650482177734375 264.52264404296875 84.805572509765625 105.25511932373046875 140.194427490234375 209.744873046875 236.3099365234375 204.4439544677734375 201.037506103515625 161.5650482177734375 165.650665283203125 181.16912841796875 162.2995758056640625 158.1985931396484375 139.0856170654296875 124.69515228271484375 106.69924163818359375 106.69924163818359375 105.25511932373046875 86.63353729248046875 239.0362396240234375 263.6597900390625 325.304840087890625 319.08563232421875 291.037506103515625 309.2894287109375 36.86989593505859375 47.04541015625 348.6900634765625 351.869903564453125 341.5650634765625 344.744873046875 340.7099609375 309.17364501953125 315 347.82855224609375 352.26641845703125 330.708648681640625 319.57391357421875
180 83.6598052978515625 59.036243438720703125 49.467159271240234375 75.9637603759765625 204.775146484375 234.96380615234375 221.00909423828125 156.501434326171875 149.534454345703125 158.962493896484375 192.9946136474609375 206.5650482177734375 188.130096435546875 188.6156463623046875 170.21759033203125 167.7352294921875 181.46881103515625 175.9143829345703125 161.5650482177734375 90 90 90 90 90 90 -9999 270 270 270 270 270 90 90 296.5650634765625 326.3099365234375 330.945404052734375 335.5560302734375 331.189208984375 309.17364501953125 321.3402099609375 321.20343017578125 333.1527099609375 347.619232177734375 341.5650634765625
180 77.7352294921875 40.42607879638671875 60.195247650146484375 85.81508636474609375 153.4349517822265625 219.4724578857421875 211.3286895751953125 170.134185791015625 166.759490966796875 167.0053863525390625 184.398712158203125 194.0362548828125 191.3099365234375 191.97613525390625 181.974945068359375 182.48956298828125 184.398712158203125 195.52410888671875 191.97613525390625 149.0362396240234375 145.304840087890625 115.82099151611328125 84.4724578857421875 18.4349517822265625 23.6293792724609375 14.534454345703125 323.130096435546875 303.6900634765625 302.47119140625 319.763641357421875 308.2901611328125 16.69924163818359375 37.146686553955078125 318.1798095703125 315 312.337005615234375 322.66680908203125 322.721832275390625 301.865966796875 321.7098388671875 304.0888671875 292.4964599609375 71.5650482177734375 159.9047698974609375
180 189.651824951171875 207.030853271484375 90 90 90 270 270 90 90 90 -9999 270 270 270 270 270 270 206.5650482177734375 180 154.9831085205078125 151.699249267578125 139.0856170654296875 77.0053863525390625 332.354034423828125 17.35402679443359375 37.8749847412109375 345.9637451171875 333.4349365234375 292.380126953125 307.40533447265625 311.42364501953125 343.300750732421875 18.4349517822265625 321.7098388671875 318.57635498046875 303.055816650390625 313.12213134765625 323.82037353515625 300.52972412109375 318.1798095703125 312.54595947265625 299.32049560546875 85.3141021728515625 123.906280517578125
180 208.10626220703125 214.65130615234375 133.865570068359375 114.1209869384765625 136.7899169921875 234.4623260498046875 231.009002685546875 192.9946136474609375 225 5.194427490234375 7.1250152587890625 11.30992889404296875 230.7105865478515625 210.068572998046875 188.130096435546875 186.3401947021484375 188.972625732421875 183.8140716552734375 168.6900634765625 145.304840087890625 127.8749847412109375 -9999 0 300.9637451171875 3.012786865234375 32.47119140625 6.3401947021484375 8.13010406494140625 321.3402099609375 306.869903564453125 297.89727783203125 312.273681640625 352.694244384765625 331.8583984375 325.124664306640625 289.916412353515625 285.39556884765625 292.69378662109375 286.8214111328125 304.04595947265625 310.135498046875 296.1138916015625 59.57421875 27.78392791748046875
-9999 251.16156005859375 224.33380126953125 145.124664306640625 123.6900634765625 147.52880859375 231.7098388671875 228.1798248291015625 225 257.00537109375 310.236358642578125 20.5560455322265625 75.256439208984375 186.3401947021484375 183.012786865234375 171.869903564453125 173.6598052978515625 194.743560791015625 205.0168914794921875 191.3099365234375 167.0053863525390625 156.8014068603515625 270 315 300.9637451171875 325.619659423828125 11.97613525390625 18.4349517822265625 23.1985931396484375 338.1986083984375 326.3099365234375 295.34619140625 295.463348388671875 329.47027587890625 343.1785888671875 338.498565673828125 291.644439697265625 286.78265380859375 288.4349365234375 284.858612060546875 302.660919189453125 322.495849609375 307.14666748046875 29.577838897705078125 347.275634765625
180 216.17962646484375 211.171356201171875 156.3706207275390625 91.97493743896484375 1.08092498779296875 333.799896240234375 329.6763916015625 327.094757080078125 285.255126953125 220.9143829345703125 154.2900390625 139.0856170654296875 170.21759033203125 170.837646484375 164.744873046875 165.5792236328125 198.4349517822265625 210.9637451171875 195.255126953125 195.642242431640625 212.47119140625 270 296.5650634765625 300.068603515625 300.9637451171875 347.00537109375 30.963756561279296875 34.69515228271484375 0 0 294.4439697265625 284.534454345703125 296.5650634765625 324.865814208984375 338.805938720703125 315 314.1448974609375 314.11859130859375 274.635467529296875 221.0548095703125 193.73626708984375 213.310638427734375 225 270
180 207.58203125 203.369110107421875 197.354034423828125 268.83087158203125 331.3138427734375 341.5650634765625 338.385223388671875 10.0079803466796875 45 176.1859283447265625 139.57391357421875 143.74615478515625 166.4295654296875 167.275634765625 161.5650482177734375 162.5528106689453125 198.4349517822265625 213.310638427734375 198.4349517822265625 220.0302581787109375 242.3540191650390625 270 288.4349365234375 302.905242919921875 293.1986083984375 325.304840087890625 36.25383758544921875 40.236358642578125 21.8014068603515625 3.012786865234375 312.70941162109375 292.380126953125 296.5650634765625 303.366363525390625 320.07958984375 315.987762451171875 308.1572265625 324.293304443359375 293.1986083984375 181.8476104736328125 191.3099365234375 215.073760986328125 228.9724884033203125 244.885162353515625
0 315 315 303.4078369140625 291.8013916015625 310.710845947265625 350.537689208984375 270 124.2156982421875 137.202606201171875 160.6410064697265625 145.7131195068359375 158.4286956787109375 171.027374267578125 169.9920196533203125 162.758544921875 158.6293792724609375 214.380340576171875 245.854461669921875 255.9637603759765625 273.8140869140625 281.3099365234375 281.3099365234375 267.70941162109375 259.99200439453125 268.602813720703125 270 90 90 90 307.875 296.5650634765625 280.175506591796875 270 270 270 270 270 270 90 90 270 239.0362396240234375 248.8242645263671875 249.4439544677734375
0 315 315 300.3236083984375 290.955780029296875 312.0643310546875 39.805572509765625 90 115.9065093994140625 127.64762115478515625 148.1340179443359375 142.305755615234375 165.650665283203125 176.987213134765625 176.633544921875 174.0938568115234375 172.5685882568359375 218.2901611328125 251.5650482177734375 260.53765869140625 273.366455078125 280.00799560546875 284.743560791015625 279.46234130859375 290.224853515625 277.305755615234375 276.8427734375 74.74488067626953125 65.5560455322265625 78.6900634765625 213.6900634765625 234.4623260498046875 240.0684814453125 242.7446746826171875 225 205.9065093994140625 201.7054443359375 212.125 196.3895416259765625 182.202606201171875 184.763641357421875 273.012786865234375 320.440338134765625 290.224853515625 201.2505035400390625
180 231.581939697265625 234.09027099609375 247.833648681640625 259.99200439453125 265.236358642578125 93.012786865234375 110.22486114501953125 113.1985931396484375 98.13010406494140625 90 90 90 -9999 -9999 -9999 -9999 270 270 270 270 270 270 279.162353515625 296.5650634765625 280.619659423828125 276.3402099609375 71.5650482177734375 60.94539642333984375 83.6598052978515625 146.3099365234375 234.4623260498046875 241.504364013671875 244.0934906005859375 176.633544921875 178.363433837890625 186.095855712890625 204.577667236328125 199.440032958984375 209.98162841796875 231.3401947021484375 271.397186279296875 299.2913818359375 8.13010406494140625 128.0470428466796875
180 233.426971435546875 235.885528564453125 246.2505035400390625 261.027374267578125 266.42364501953125 92.29061126708984375 105.642242431640625 125.5376739501953125 135 145.954071044921875 132.95458984375 165.9637451171875 215.537689208984375 300.9637451171875 338.962493896484375 341.5650634765625 336.037506103515625 307.875 303.6900634765625 288.4349365234375 288.4349365234375 300.9637451171875 248.962493896484375 213.6900634765625 196.8214111328125 190.097503662109375 180.8069305419921875 181.54815673828125 117.03086090087890625 144.03948974609375 187.765167236328125 199.0934906005859375 199.0934906005859375 165.9637451171875 167.660919189453125 188.408905029296875 223.3864593505859375 225 243.1890411376953125 248.3048858642578125 231.7098388671875 213.231719970703125 159.24920654296875 140.0882568359375
