helipistas/1494275846_152_420/INPUT/LCP/Aspect.asc
ncols        160
nrows        207
xllcorner    365696.508271717466
yllcorner    4565265.056038195267
cellsize     100.000000000000
NODATA_value  -9999
[rows 80 to 99 of 207, columns 90 to 134 of 160]
270 270 90 90.62960052490234375 93.4566192626953125 112.067901611328125 131.7295074462890625 150.7086334228515625 149.4702911376953125 231.7098388671875 248.5232086181640625 243.0834503173828125 232.1250152587890625 276.3402099609375 10.17551422119140625 5.194427490234375 47.489551544189453125 43.726970672607421875 356.308624267578125 16.3895416259765625 18.4349517822265625 12.4499969482421875 67.61986541748046875 249.5196380615234375 262.496917724609375 265.3140869140625 262.7939453125 249.227752685546875 157.98870849609375 168.91741943359375 173.1182861328125 179.693603515625 191.47552490234375 218.0189361572265625 219.053131103515625 236.689361572265625 270.545654296875 53.972625732421875 92.8783721923828125 120.335540771484375 164.228057861328125 167.6508026123046875 175.8461456298828125 156.967254638671875 161.16156005859375
205.9065093994140625 197.3740386962890625 152.4747772216796875 98.426971435546875 75.01837158203125 66.09233856201171875 71.2113800048828125 77.57405853271484375 106.073577880859375 250.1593017578125 253.582763671875 226.8626251220703125 206.91656494140625 212.905242919921875 212.59259033203125 259.824493408203125 68.5323486328125 50.44033050537109375 340.34619140625 30.963756561279296875 23.1985931396484375 24.95475006103515625 22.94893646240234375 326.56011962890625 291.4384765625 289.56378173828125 257.47119140625 202.2490234375 145.036895751953125 146.9620513916015625 176.3477783203125 205.7407073974609375 220.0302581787109375 243.6669158935546875 254.7448883056640625 254.427459716796875 225 158.070404052734375 126.96429443359375 125.81116485595703125 149.620880126953125 154.0934906005859375 178.4925537109375 157.5795745849609375 164.8459320068359375
176.1859283447265625 177.54095458984375 190.3758544921875 108.4349517822265625 72.69947052001953125 68.1063232421875 72.859649658203125 81.68972015380859375 100.813873291015625 248.962493896484375 248.5522613525390625 212.905242919921875 215.8698272705078125 222.662689208984375 236.7385711669921875 265.695526123046875 59.322719573974609375 43.976970672607421875 355.91436767578125 11.30992889404296875 8.13010406494140625 20.11963653564453125 18.4349517822265625 334.746826171875 296.718658447265625 293.4774169921875 100.30484771728515625 153.4349517822265625 142.2445068359375 144.235565185546875 182.030914306640625 221.1859283447265625 231.115509033203125 247.9540863037109375 257.42108154296875 248.4286956787109375 184.763641357421875 149.69732666015625 134.2257843017578125 129.559661865234375 141.581939697265625 146.689361572265625 178.4925537109375 164.001708984375 189.5366363525390625
166.2183990478515625 166.7014312744140625 198.0604705810546875 170.4905242919921875 152.012542724609375 147.1714630126953125 126.86989593505859375 105.80251312255859375 107.7838897705078125 235.9540557861328125 240.871185302734375 216.51104736328125 230.0796051025390625 223.8542327880859375 225 223.090850830078125 177.397430419921875 315 351.0982666015625 2.3859405517578125 2.60256195068359375 16.8762664794921875 15.25511932373046875 341.5650634765625 298.6104736328125 246.8014068603515625 124.143585205078125 124.43898773193359375 100.581634521484375 88.36342620849609375 296.5650634765625 271.46881103515625 270 270 270 270 90 90 90 90 90 90 90 90 181.974945068359375
164.197479248046875 164.744873046875 188.6525421142578125 172.195892333984375 162.5528106689453125 172.647613525390625 165.068572998046875 105.25511932373046875 107.1759033203125 222.6140594482421875 237.1368255615234375 221.0275115966796875 223.567901611328125 217.405364990234375 222.95458984375 221.0548095703125 220.8150787353515625 274.1849365234375 330.4786376953125 7.1250152587890625 7.765167236328125 10.81388092041015625 9.74364471435546875 350.537689208984375 350.537689208984375 161.5650482177734375 122.391387939453125 137.7702178955078125 132.8524169921875 128.480194091796875 259.2156982421875 281.3099365234375 284.0362548828125 270.5672607421875 238.86968994140625 198.4349517822265625 162.4075775146484375 151.2940521240234375 141.546295166015625 131.633544921875 125.96051788330078125 124.4608154296875 163.072479248046875 157.78240966796875 169.9920196533203125
159.775146484375 157.619873046875 183.366455078125 165.256439208984375 163.300750732421875 186.546295166015625 186.3401947021484375 139.4412384033203125 129.0256805419921875 203.6293792724609375 245.99285888671875 258.206573486328125 270 270 270 270 270 270 270 90 90 90 90 270 90 90 90 102.14427947998046875 116.952178955078125 153.0834503173828125 262.1846923828125 279.46234130859375 283.134033203125 271.46881103515625 212.59259033203125 172.405364990234375 152.878692626953125 157.963775634765625 153.4349517822265625 144.68878173828125 127.0565338134765625 125.5376739501953125 140.440338134765625 142.2369232177734375 168.6900634765625
165.256439208984375 163.6104583740234375 176.633544921875 159.775146484375 163.300750732421875 184.6858978271484375 184.53778076171875 151.2090301513671875 141.61346435546875 197.354034423828125 248.5400390625 256.0716552734375 254.7448883056640625 251.5650482177734375 261.869903564453125 270 268.9190673828125 256.574188232421875 212.47119140625 163.15618896484375 167.0053863525390625 182.002532958984375 189.2725982666015625 195.572540283203125 152.878692626953125 122.19573211669921875 93.50353240966796875 95.8263397216796875 95.8263397216796875 138.012786865234375 213.4078216552734375 211.67547607421875 209.623748779296875 183.3018646240234375 183.433624267578125 171.9605560302734375 148.6958770751953125 156.146087646484375 170.7538909912109375 164.357757568359375 114.7342987060546875 106.8762664794921875 96.3401947021484375 87.81420135498046875 83.0470428466796875
90 90 90 90 90 270 270 90 90 270 268.4925537109375 264.957550048828125 253.810791015625 250.463348388671875 262.875 270 268.66778564453125 250.5885162353515625 193.86102294921875 148.421844482421875 154.8954315185546875 195.255126953125 216.30450439453125 209.8459320068359375 181.397186279296875 176.633544921875 93.36646270751953125 95.59934234619140625 95.59934234619140625 113.498565673828125 186.07244873046875 208.009185791015625 206.113922119140625 185.4923248291015625 185.710601806640625 184.20062255859375 154.6871185302734375 150.5498046875 194.349334716796875 203.7494964599609375 118.6639556884765625 109.7988739013671875 98.13010406494140625 87.63375091552734375 84.40065765380859375
6.7304840087890625 6.3401947021484375 3.215484619140625 16.46001434326171875 14.19855499267578125 6.7098388671875 10.30484771728515625 53.426967620849609375 80.83765411376953125 180 241.58734130859375 230.1021728515625 216.404083251953125 225 237.094757080078125 225.9963531494140625 199.7723541259765625 191.5186614990234375 176.987213134765625 168.8671875 164.69073486328125 204.193206787109375 220.0728912353515625 200.1363067626953125 183.691375732421875 183.468231201171875 145.191497802734375 120.4998321533203125 90.78482818603515625 88.43492889404296875 106.55706787109375 215.21759033203125 197.10272216796875 195.255126953125 200.5560455322265625 189.78240966796875 153.9542236328125 147.02227783203125 208.6441802978515625 210.80889892578125 153.7586517333984375 98.13010406494140625 64.9831085205078125 75.846588134765625 60.59281158447265625
3.1995391845703125 3.012786865234375 1.9305877685546875 18.82470703125 18.01976776123046875 25.2011260986328125 36.027374267578125 64.85521697998046875 84.1736602783203125 126.86989593505859375 226.6846771240234375 225 225 233.595916748046875 227.827117919921875 214.957977294921875 184.856597900390625 171.641937255859375 169.354339599609375 184.820770263671875 186.691253662109375 208.201629638671875 223.1221160888671875 200.1363067626953125 180 180 174.0194091796875 165.650665283203125 90.9093780517578125 88.484588623046875 99.90418243408203125 149.534454345703125 165.6186065673828125 208.6104583740234375 216.869903564453125 178.025054931640625 150.5809326171875 151.5429840087890625 212.2212677001953125 214.53082275390625 203.5870361328125 260.837646484375 64.9831085205078125 75.60640716552734375 59.6763916015625
193.5704345703125 209.5778350830078125 144.4623260498046875 125.04937744140625 128.211029052734375 97.69605255126953125 76.3286895751953125 72.79044342041015625 84.28940582275390625 111.644439697265625 210.3236083984375 216.3628692626953125 220.9858245849609375 218.3455810546875 195.01837158203125 188.130096435546875 177.0351409912109375 176.2994537353515625 171.869903564453125 255.4110870361328125 281.611480712890625 290.637542724609375 280.762542724609375 294.4439697265625 111.8014068603515625 155.5560455322265625 190.762542724609375 191.3099365234375 133.7269744873046875 106.72796630859375 123.83512115478515625 132.026275634765625 129.5962066650390625 235.46917724609375 242.7648468017578125 202.166351318359375 90 90 270 270 270 270 90 90 90
219.2176055908203125 242.4747772216796875 118.30075836181640625 122.774871826171875 150.4221649169921875 102.2647705078125 68.6293792724609375 71.886932373046875 85.74114990234375 105.04639434814453125 185.389312744140625 190.581634521484375 217.61395263671875 215.04937744140625 178.602813720703125 172.9074859619140625 174.764404296875 205.7613525390625 226.827972412109375 259.930938720703125 277.9801025390625 292.21759033203125 281.3099365234375 294.4439697265625 98.13010406494140625 128.1572265625 193.477813720703125 194.153411865234375 153.4349517822265625 108.4349517822265625 116.75414276123046875 134.2257843017578125 131.775482177734375 229.23638916015625 235.4742279052734375 218.7459716796875 116.11391448974609375 84.4724578857421875 221.8201751708984375 194.6567535400390625 199.9831085205078125 199.9831085205078125 169.3077850341796875 134.20428466796875 119.47589111328125
206.9657135009765625 196.975494384765625 170.059417724609375 171.3843536376953125 239.9314117431640625 37.8749847412109375 23.1985931396484375 60.018360137939453125 74.19748687744140625 60.94539642333984375 17.10272979736328125 23.96248626708984375 265.91436767578125 219.4724578857421875 160.3461761474609375 152.7838897705078125 168.6900634765625 237.4904022216796875 258.00665283203125 270 270 270 270 270 90 90 270 270 90 90 90 90 90 270 255.31121826171875 239.5889129638671875 195.642242431640625 84.0938568115234375 123.23171234130859375 155.955780029296875 199.9831085205078125 199.9831085205078125 195.255126953125 184.02825927734375 127.40535736083984375
171.027374267578125 179.6688232421875 191.9969024658203125 227.662994384765625 261.43084716796875 357.87890625 358.83087158203125 60.018360137939453125 74.19748687744140625 60.94539642333984375 31.607501983642578125 41.633541107177734375 116.5650482177734375 173.2901611328125 150.255126953125 143.3929290771484375 165.9637451171875 233.572998046875 231.9867095947265625 207.012664794921875 203.08514404296875 191.2303466796875 206.053497314453125 199.536651611328125 143.1942596435546875 119.6871795654296875 176.87786865234375 178.6251678466796875 170.816070556640625 138.551727294921875 134.4694976806640625 138.5763397216796875 126.25383758544921875 205.615478515625 192.724365234375 206.92388916015625 207.030853271484375 163.44293212890625 111.614776611328125 113.45902252197265625 234.1301727294921875 235.304840087890625 224.012237548828125 187.0578460693359375 163.85565185546875
144.865814208984375 265.601287841796875 296.5650634765625 278.26715087890625 270 270 270 90 90 90 90 90 90 90 90 90 90 255.5102386474609375 232.214263916015625 197.41796875 194.69732666015625 185.9766998291015625 212.4986572265625 213.38433837890625 170.083465576171875 157.71441650390625 126.995269775390625 149.7150726318359375 166.2061920166015625 148.061553955078125 152.795989990234375 152.10272216796875 140.710601806640625 147.225128173828125 163.13134765625 209.257965087890625 226.1457672119140625 211.865966796875 110.89776611328125 112.69379425048828125 234.95062255859375 239.0362396240234375 206.995849609375 152.987335205078125 153.4349517822265625
163.95098876953125 209.427459716796875 217.405364990234375 241.0258636474609375 258.3262939453125 266.1859130859375 288.4349365234375 91.00508880615234375 91.39717864990234375 78.206573486328125 2.35329437255859375 1.16913604736328125 6.52783966064453125 5.58986663818359375 26.46030426025390625 50.599338531494140625 38.190948486328125 273.71527099609375 216.25384521484375 189.409210205078125 188.05181884765625 179.045166015625 217.687835693359375 221.775482177734375 188.4711456298828125 189.68878173828125 146.410980224609375 135.65106201171875 149.3813934326171875 115.78733062744140625 145.7131195068359375 165.650665283203125 167.347442626953125 152.94244384765625 145.933807373046875 247.2936248779296875 264.652923583984375 247.2490234375 114.09201812744140625 122.04723358154296875 205.253173828125 192.942626953125 177.397430419921875 159.39373779296875 159.75494384765625
114.8636932373046875 196.699249267578125 214.76519775390625 247.6552276611328125 261.2802734375 267.273681640625 283.39251708984375 90.85509490966796875 91.49954986572265625 71.5650482177734375 315.79571533203125 334.21978759765625 356.8675537109375 357.32000732421875 38.627887725830078125 62.40270233154296875 49.8792724609375 81.3843536376953125 162.5528106689453125 179.672607421875 179.72052001953125 169.61114501953125 219.0684661865234375 228.126495361328125 195.461212158203125 197.5924224853515625 161.04180908203125 153.1780242919921875 190.40771484375 110.50142669677734375 125.362457275390625 158.4286956787109375 160.866363525390625 165.09423828125 202.619873046875 285.4498291015625 282.74530029296875 225 110.77225494384765625 117.96984100341796875 187.5238189697265625 166.29302978515625 166.5618133544921875 157.075286865234375 157.8613433837890625
32.11181640625 70.387908935546875 182.202606201171875 221.633544921875 215.059417724609375 193.3693389892578125 197.807647705078125 132.5633544921875 67.5035247802734375 0.3472442626953125 332.52557373046875 331.55706787109375 352.303955078125 352.049224853515625 47.087982177734375 56.61446380615234375 27.228679656982421875 23.33403778076171875 23.33403778076171875 9.6598968505859375 11.5921783447265625 46.68468475341796875 255.8542022705078125 233.6156463623046875 198.4349517822265625 199.470306396484375 184.7942352294921875 189.11785888671875 188.130096435546875 119.6871795654296875 90 79.2156982421875 110.854461669921875 160.942291259765625 259.04595947265625 263.72271728515625 200.05609130859375 177.1505279541015625 150.945404052734375 129.6441802978515625 164.744873046875 121.2005157470703125 106.073577880859375 90 90
46.53777313232421875 83.0143890380859375 136.1233062744140625 211.8907928466796875 206.16156005859375 206.462188720703125 213.9297943115234375 176.1859283447265625 300.004913330078125 334.98309326171875 334.3590087890625 333.4349365234375 354.136138916015625 353.941009521484375 44.37384033203125 55.366321563720703125 28.101352691650390625 23.33403778076171875 23.33403778076171875 18.79988861083984375 22.30620574951171875 62.10272979736328125 119.40718841552734375 218.1572265625 201.3294677734375 202.4964752197265625 209.305084228515625 227.04541015625 155.282562255859375 133.18170166015625 90 83.088775634765625 103.6269989013671875 162.8240966796875 237.470458984375 226.6365814208984375 165.0101318359375 167.4986572265625 179.0906219482421875 178.025054931640625 147.52880859375 130.855377197265625 150.101104736328125 125.42577362060546875 111.90317535400390625
80.79740142822265625 84.03551483154296875 78.4078216552734375 250.0168914794921875 202.932098388671875 223.4088592529296875 223.4088592529296875 214.159698486328125 263.11358642578125 287.37890625 296.878143310546875 269.215179443359375 173.0470428466796875 176.5526123046875 116.73209381103515625 90.6793670654296875 78.31063079833984375 93.012786865234375 116.9657135009765625 136.5911407470703125 127.64762115478515625 99.71324920654296875 96.7360076904296875 277.792083740234375 282.3807373046875 274.1849365234375 270 263.884490966796875 116.5650482177734375 110.5560455322265625 270 90 90 90 270 270 90 90 270 270 90 101.1038360595703125 131.583404541015625 135.842529296875 120.20323944091796875
