helipistas/1494275846_152_420/INPUT/LCP/Aspect.asc
ncols        160
nrows        207
xllcorner    365696.508271717466
yllcorner    4565265.056038195267
cellsize     100.000000000000
NODATA_value  -9999
[rows 60 to 79 of 207, columns 90 to 134 of 160]
59.036243438720703125 4.763641357421875 36.634113311767578125 45 57.33908843994140625 55.30484771728515625 59.93141937255859375 105.25511932373046875 185.389312744140625 207.121307373046875 202.380126953125 195.802520751953125 191.523712158203125 169.2868804931640625 204.29095458984375 209.5778350830078125 178.726959228515625 177.51043701171875 116.5650482177734375 94.8990936279296875 94.57392120361328125 286.927490234375 337.380126953125 283.298583984375 270 270 -9999 90 90 90 270 270 90 90 90 90 90 270 270 222.397430419921875 159.581573486328125 152.80535888671875 170.837646484375 166.607513427734375 151.5348358154296875
60.1240081787109375 14.03624725341796875 45 53.365886688232421875 55.95406341552734375 53.8806610107421875 66.2505035400390625 96.1886138916015625 148.091888427734375 195.01837158203125 192.17144775390625 201.614776611328125 188.285797119140625 164.39605712890625 206.76751708984375 208.790985107421875 205.0168914794921875 222.397430419921875 122.0053863525390625 95.194427490234375 94.57392120361328125 277.5238037109375 323.88067626953125 321.07244873046875 307.40533447265625 300.9637451171875 147.339080810546875 153.103759765625 176.633544921875 176.839630126953125 205.559967041015625 220.236358642578125 98.13010406494140625 64.707977294921875 34.3302154541015625 23.28235626220703125 29.2075958251953125 311.633544921875 196.699249267578125 176.3714599609375 157.70635986328125 157.056427001953125 180 180 162.5972900390625
73.7397918701171875 50.194427490234375 80.5376739501953125 90 91.7357025146484375 81.3843536376953125 84.0938568115234375 88.9583740234375 90 270 270 270 270 90 270 270 270 270 90 90 90 270 283.298583984375 305.340087890625 307.40533447265625 78.6900634765625 117.47443389892578125 146.8886566162109375 172.92108154296875 173.351348876953125 222.397430419921875 238.2405242919921875 210.9637451171875 37.50414276123046875 23.70264434814453125 33.448993682861328125 40.638427734375 74.5778350830078125 135.9710235595703125 171.400909423828125 164.8904266357421875 171.968353271484375 180 180 167.38067626953125
73.7397918701171875 63.434947967529296875 81.86989593505859375 90 92.12109375 88.1523895263671875 78.6900634765625 70.86635589599609375 47.29061126708984375 9.16234588623046875 120.9637603759765625 236.633636474609375 193.6713104248046875 138.366455078125 216.3474578857421875 202.3194427490234375 213.079254150390625 216.773284912109375 168.1113433837890625 115.42687225341796875 118.68614959716796875 213.02386474609375 204.9047698974609375 204.31591796875 202.2639923095703125 148.1340179443359375 123.23171234130859375 130.4860076904296875 152.650115966796875 156.8014068603515625 242.690887451171875 240.9453887939453125 194.4207763671875 169.159698486328125 161.5650482177734375 142.48504638671875 139.0219879150390625 120.30268096923828125 95.194427490234375 30.963756561279296875 354.610687255859375 349.854461669921875 9.46231842041015625 14.03624725341796875 11.97613525390625
90 90 90 90 90 96.3401947021484375 81.86989593505859375 64.7988739013671875 47.29061126708984375 51.519802093505859375 94.39870452880859375 225 184.635467529296875 146.3099365234375 176.7602996826171875 178.191253662109375 217.94769287109375 221.8201751708984375 186.009002685546875 117.80146026611328125 116.17529296875 194.0362548828125 190.124664306640625 199.195465087890625 197.507171630859375 152.8188934326171875 133.0585174560546875 146.689361572265625 144.09027099609375 149.0362396240234375 241.745758056640625 239.962158203125 176.1859283447265625 155.250640869140625 160.3013763427734375 146.911224365234375 143.60137939453125 139.0856170654296875 100.175506591796875 348.6900634765625 313.9390869140625 331.771240234375 26.565052032470703125 36.86989593505859375 8.6156463623046875
113.83873748779296875 120.9637603759765625 116.14684295654296875 107.1759033203125 115.559967041015625 99.4623260498046875 85.60129547119140625 81.86989593505859375 75.141387939453125 70.2777252197265625 64.74683380126953125 330.945404052734375 344.744873046875 14.534454345703125 24.4439544677734375 21.03751373291015625 285.642242431640625 215.537689208984375 186.76617431640625 141.2710723876953125 117.284210205078125 168.6900634765625 173.1572265625 214.7960205078125 215.7274017333984375 26.565052032470703125 18.4349517822265625 12.60015869140625 36.792781829833984375 67.4258575439453125 255.7354888916015625 235.2039794921875 163.300750732421875 152.52557373046875 146.3099365234375 37.8749847412109375 18.20391845703125 1.5207672119140625 359.62054443359375 355.702606201171875 334.328125 338.498565673828125 13.60453033447265625 12.40288543701171875 1.951202392578125
119.93151092529296875 119.05460357666015625 120.9637603759765625 110.6954498291015625 117.64597320556640625 102.094757080078125 81.86989593505859375 80.7538909912109375 73.1785888671875 67.98871612548828125 61.99082183837890625 29.05460357666015625 320.7105712890625 324.865814208984375 15.25511932373046875 12.9946136474609375 67.61986541748046875 154.0934906005859375 180.9710235595703125 160.88702392578125 142.9434661865234375 139.0856170654296875 152.52557373046875 216.0850830078125 217.0303955078125 273.69140625 332.354034423828125 18.83843231201171875 55.1656951904296875 77.7908782958984375 245.5560455322265625 218.8298187255859375 153.4349517822265625 186.8427734375 251.5650482177734375 329.57421875 346.05426025390625 344.65911865234375 344.104736328125 355.0445556640625 330.8380126953125 333.66693115234375 8.05683135986328125 7.32975006103515625 3.0971527099609375
100.49147796630859375 96.3401947021484375 94.39870452880859375 91.46880340576171875 86.987213134765625 53.74616241455078125 351.869903564453125 30.256435394287109375 21.2505035400390625 25.2328338623046875 23.790771484375 10.40771484375 358.726959228515625 343.6104736328125 15.64225006103515625 20.22486114501953125 55.49147796630859375 43.264293670654296875 6.009002685546875 32.905242919921875 62.52556610107421875 52.1250152587890625 19.7988739013671875 324.5931396484375 332.42987060546875 303.231689453125 309.3455810546875 35.90972137451171875 63.88608551025390625 70.114837646484375 343.810791015625 270 90 270 270 270 270 270 270 270 270 270 90 90 90
101.3099365234375 96.8427734375 94.63545989990234375 91.54815673828125 86.63353729248046875 344.744873046875 324.462310791015625 4.763641357421875 3.17983245849609375 21.91486358642578125 20.62353515625 8.13010406494140625 11.30992889404296875 3.36646270751953125 27.474430084228515625 34.380344390869140625 42.27368927001953125 30.465545654296875 11.8886566162109375 55.784297943115234375 77.57405853271484375 307.875 340.20111083984375 313.00213623046875 321.775634765625 307.9835205078125 314.37725830078125 31.349582672119140625 61.99082183837890625 65.10870361328125 36.430858612060546875 321.009002685546875 48.270488739013671875 325.954071044921875 303.17852783203125 307.568603515625 320.9061279296875 326.46954345703125 322.55633544921875 348.388519287109375 327.078643798828125 322.060302734375 5.02146148681640625 4.33542633056640625 12.61932373046875
76.26373291015625 69.3045501708984375 42.95458984375 29.8759918212890625 356.987213134765625 339.775146484375 346.469512939453125 354.70989990234375 355.236358642578125 14.09561920166015625 17.85031890869140625 14.6567535400390625 27.072078704833984375 29.74488067626953125 68.96248626708984375 90 90 90 90 90 90 270 270 270 270 270 270 90 90 81.64192962646484375 64.4765777587890625 54.09027862548828125 315 320.042449951171875 310.364532470703125 297.758544921875 310.10089111328125 320.26239013671875 311.15399169921875 338.33404541015625 334.45379638671875 330.079132080078125 355.931427001953125 356.488067626953125 23.40468597412109375
74.2488250732421875 66.4477386474609375 17.24146270751953125 10.84030914306640625 329.931427001953125 317.23699951171875 337.097900390625 348.486175537109375 349.61114501953125 25.237579345703125 31.1537933349609375 30.963756561279296875 42.33699798583984375 30.068584442138671875 38.990993499755859375 16.92751312255859375 18.4349517822265625 19.612091064453125 16.69924163818359375 50.974323272705078125 40.54439544677734375 338.78204345703125 337.32867431640625 305.64703369140625 304.44818115234375 306.33587646484375 312.51043701171875 19.7988739013671875 60.395549774169921875 58.4652099609375 44.012241363525390625 0 337.40985107421875 350.445709228515625 349.2646484375 329.98162841796875 289.093505859375 255.784149169921875 259.6241455078125 241.0908203125 237.9527587890625 242.878692626953125 225 240.52410888671875 75.6997222900390625
90 90 -9999 -9999 270 270 270 270 270 90 90 90 90 45 32.005382537841796875 12.2647705078125 21.69510650634765625 23.03943634033203125 21.8014068603515625 50.376705169677734375 36.3136444091796875 342.377685546875 341.131011962890625 308.581207275390625 298.1683349609375 311.9552001953125 323.972625732421875 348.6900634765625 59.23728179931640625 57.264774322509765625 40.840358734130859375 329.4207763671875 323.063232421875 356.78875732421875 356.383880615234375 12.52880859375 48.012786865234375 255.4110870361328125 258.6900634765625 237.011474609375 240.662109375 245.304473876953125 235.124664306640625 248.498565673828125 34.69515228271484375
31.759479522705078125 22.7509765625 349.186126708984375 352.13092041015625 335.618194580078125 309.628997802734375 303.486175537109375 288.946502685546875 303.886962890625 55.25119781494140625 43.007907867431640625 38.34557342529296875 44.497417449951171875 4.21417999267578125 15.01836395263671875 17.4471893310546875 36.25383758544921875 40.236358642578125 53.13010406494140625 49.9271087646484375 6.9529571533203125 347.47119140625 349.315093994140625 342.05059814453125 320.38153076171875 322.125 318.57635498046875 306.25384521484375 72.57456207275390625 54.7003936767578125 25.94229888916015625 317.3984375 311.925079345703125 358.322357177734375 358.4151611328125 25.463348388671875 26.952178955078125 331.26019287109375 298.0858154296875 312.5318603515625 310.840362548828125 292.963775634765625 279.9041748046875 256.60748291015625 176.87786865234375
8.13010406494140625 5.5275421142578125 330.18585205078125 337.47943115234375 336.3057861328125 328.877532958984375 356.00909423828125 284.48974609375 296.82196044921875 41.86363983154296875 30.106525421142578125 41.3670501708984375 50.397747039794921875 12.464935302734375 22.52056884765625 25.9065093994140625 40.9143829345703125 66.9911346435546875 94.763641357421875 333.4349365234375 331.42218017578125 338.1986083984375 341.2413330078125 349.6241455078125 348.39849853515625 6.3401947021484375 332.10272216796875 320.7105712890625 62.612579345703125 40.552616119384765625 9.211029052734375 310.0189208984375 311.2635498046875 354.978546142578125 355.255096435546875 28.354961395263671875 29.953609466552734375 354.47247314453125 304.5225830078125 305.6075439453125 327.094757080078125 307.14666748046875 286.55706787109375 247.932098388671875 133.9769744873046875
354.52264404296875 355.179229736328125 339.962799072265625 338.57470703125 348.310638427734375 45 137.290618896484375 215.7538909912109375 204.775146484375 177.5804901123046875 174.0938568115234375 64.38451385498046875 47.405971527099609375 23.1985931396484375 31.759479522705078125 40.9143829345703125 33.05582427978515625 57.80426788330078125 58.4652099609375 307.7630615234375 295.559967041015625 294.20587158203125 309.85723876953125 342.928985595703125 359.283843994140625 11.55322265625 352.0303955078125 353.1182861328125 6.9427947998046875 5.94313812255859375 4.14983367919921875 318.865478515625 302.40667724609375 342.99713134765625 345.09423828125 46.96141815185546875 49.93416595458984375 30.963756561279296875 284.2645263671875 270 270 270 270 270 90
346.89080810546875 348.4248046875 343.6104736328125 342.439727783203125 22.47943115234375 79.9920196533203125 120.5792236328125 189.09027099609375 185.85601806640625 208.779815673828125 248.805938720703125 338.86016845703125 33.2935638427734375 39.1843719482421875 42.13759613037109375 51.709835052490234375 9.90418243408203125 50.24713897705078125 45 321.7098388671875 306.25384521484375 287.978424072265625 301.075225830078125 331.48443603515625 346.6397705078125 9.7187957763671875 343.300750732421875 345.49981689453125 357.25360107421875 357.651641845703125 12.27977752685546875 338.57470703125 312.026275634765625 335.5560302734375 338.412109375 49.484607696533203125 52.414630889892578125 28.6104583740234375 330.350128173828125 301.651275634765625 329.931427001953125 322.495849609375 5.194427490234375 178.53118896484375 128.211029052734375
345.465545654296875 345.113739013671875 2.12109375 18.4349517822265625 118.8724212646484375 113.27021026611328125 125.788970947265625 156.2505035400390625 162.5528106689453125 241.1721649169921875 258.6900634765625 258.111328125 100.097503662109375 77.27564239501953125 56.633632659912109375 51.17017364501953125 15.80251312255859375 75.31121063232421875 70.0168914794921875 315 275.194427490234375 268.69805908203125 270 270 270 90 270 270 270 270 90 270 270 270 270 90 90 23.1985931396484375 322.765167236328125 313.754638671875 341.5650634765625 336.1612548828125 77.82854461669921875 127.40535736083984375 122.988525390625
346.798919677734375 346.476837158203125 42.79740142822265625 83.1572265625 111.08768463134765625 113.0565948486328125 145.885528564453125 139.9697418212890625 149.0362396240234375 244.2197723388671875 255.15155029296875 230.5275421142578125 130.236358642578125 61.69924163818359375 52.35237884521484375 46.68468475341796875 45 77.0053863525390625 63.434947967529296875 1.97493743896484375 261.869903564453125 256.900146484375 242.38238525390625 221.2686004638671875 233.972625732421875 225 294.145538330078125 305.03619384765625 328.851409912109375 336.90869140625 28.739795684814453125 359.104827880859375 301.349578857421875 283.24053955078125 289.440032958984375 61.17215728759765625 39.408443450927734375 356.92254638671875 338.498565673828125 327.52880859375 341.5650634765625 343.072479248046875 49.61064910888671875 41.775478363037109375 44.4490966796875
206.810943603515625 213.5034332275390625 110.820892333984375 113.51039886474609375 120.149658203125 106.14434051513671875 90 90 90 270 270 270 90 90 90 90 90 90 90 90 108.4349517822265625 253.7203216552734375 234.066497802734375 222.5633544921875 247.166351318359375 268.15240478515625 289.6871337890625 299.232818603515625 314.37725830078125 324.211029052734375 24.61083221435546875 27.276763916015625 354.610687255859375 281.888671875 287.52557373046875 31.2005157470703125 15.31685638427734375 5.5275421142578125 11.97613525390625 8.6156463623046875 336.8013916015625 338.62939453125 40.683971405029296875 42.229785919189453125 35.66500091552734375
216.573028564453125 224.181549072265625 112.5572509765625 108.5792694091796875 124.8907012939453125 132.0643310546875 150.0684814453125 148.6269989013671875 147.339080810546875 237.63336181640625 247.166351318359375 232.4958648681640625 188.130096435546875 315 49.0856170654296875 30.30268096923828125 42.27368927001953125 50.599338531494140625 14.4702911376953125 10.0079803466796875 11.30992889404296875 325.45989990234375 277.5238037109375 250.7960205078125 261.95391845703125 264.400665283203125 264.23736572265625 253.15618896484375 213.4078216552734375 197.723236083984375 167.36663818359375 160.2879638671875 173.5652618408203125 216.702850341796875 217.725006103515625 206.896240234375 271.6365966796875 48.366458892822265625 94.8990936279296875 138.8654632568359375 180.4373626708984375 180.339019775390625 170.174713134765625 159.26678466796875 166.3902587890625
