helipistas/1494275846_152_420/INPUT/LCP/Aspect.asc
ncols        160
nrows        207
xllcorner    365696.508271717466
yllcorner    4565265.056038195267
cellsize     100.000000000000
NODATA_value  -9999
[rows 20 to 39 of 207, columns 90 to 134 of 160]
143.3929290771484375 200.820892333984375 213.366363525390625 259.07720947265625 289.311859130859375 333.0343017578125 292.01129150390625 261.869903564453125 288.4349365234375 336.8013916015625 58.49573516845703125 97.55634307861328125 124.40523529052734375 146.1546630859375 150.0684814453125 173.47216796875 172.6781005859375 146.23443603515625 122.8069610595703125 127.81146240234375 109.6538238525390625 85.9143829345703125 57.042575836181640625 38.8448333740234375 24.93692779541015625 358.629547119140625 343.42120361328125 340.57086181640625 339.895477294921875 26.458354949951171875 40.563526153564453125 69.63613128662109375 71.86191558837890625 37.160736083984375 15.25511932373046875 17.46802520751953125 19.7988739013671875 41.14936065673828125 38.796550750732421875 47.489551544189453125 45 30.963756561279296875 157.932098388671875 235.619659423828125 249.8874053955078125
112.21759033203125 236.4587554931640625 241.1645050048828125 248.051300048828125 239.664459228515625 182.2457427978515625 199.11297607421875 201.8014068603515625 173.6598052978515625 175.73211669921875 164.63153076171875 127.3493499755859375 126.7176513671875 130.5328369140625 135 170.31121826171875 171.869903564453125 152.5650177001953125 119.261199951171875 47.60256195068359375 59.036243438720703125 78.6900634765625 90 90 90 270 270 270 270 90 90 90 90 90 90 90 90 78.9435882568359375 45.9710235595703125 54.56009674072265625 52.49585723876953125 72.012664794921875 115.665191650390625 237.236114501953125 252.204010009765625
110.637542724609375 239.2067718505859375 243.6669158935546875 244.6538238525390625 231.2034454345703125 173.6598052978515625 208.300750732421875 214.9920196533203125 149.0362396240234375 158.051300048828125 155.758331298828125 130.46221923828125 136.7489471435546875 126.7536773681640625 131.1345367431640625 159.9047698974609375 162.9794769287109375 168.5697021484375 186.4993438720703125 312.397430419921875 51.225830078125 45.95484161376953125 26.029590606689453125 25.68364715576171875 30.677280426025390625 45 201.194061279296875 192.4989166259765625 188.6156463623046875 157.3925018310546875 155.383026123046875 142.90716552734375 119.76764678955078125 135.66619873046875 142.016510009765625 142.765167236328125 147.757537841796875 128.38653564453125 149.69732666015625 123.366363525390625 89.21517181396484375 76.84905242919921875 75.83782958984375 257.275634765625 227.5113677978515625
131.2847137451171875 217.316009521484375 219.3362884521484375 234.78240966796875 254.5778350830078125 90 270 270 90 90 90 90 90 90 90 90 90 90 270 270 68.1985931396484375 39.805572509765625 25.30797576904296875 24.96898651123046875 39.709918975830078125 79.69515228271484375 141.4830780029296875 166.4295654296875 170.631561279296875 161.9840240478515625 160.3097686767578125 155.907989501953125 133.2100830078125 147.6995849609375 141.05419921875 141.809051513671875 163.705963134765625 122.38067626953125 133.12213134765625 149.0362396240234375 87.87890625 76.6074981689453125 75.5792236328125 122.47119140625 186.8013153076171875
129.9363861083984375 219.766143798828125 221.8201751708984375 229.2506561279296875 218.0189361572265625 171.2094573974609375 194.534454345703125 193.134033203125 165.7354888916015625 163.6104583740234375 152.41796875 138.1016693115234375 156.595306396484375 138.53228759765625 132.646697998046875 150.592803955078125 142.90716552734375 203.1985931396484375 262.9542236328125 249.179107666015625 135 138.1798248291015625 135 144.4623260498046875 136.8328399658203125 117.36354827880859375 122.81634521484375 109.9831085205078125 100.30484771728515625 94.9697418212890625 83.1572265625 31.239215850830078125 31.483432769775390625 8.0394439697265625 8.2758941650390625 6.61345672607421875 359.81695556640625 18.54907989501953125 22.19545745849609375 359.242828369140625 359.28680419921875 25.88414764404296875 28.1416015625 26.821979522705078125 55.619655609130859375
90 270 270 249.3863677978515625 203.922515869140625 165.547576904296875 188.426971435546875 187.594635009765625 173.23382568359375 172.1847076416015625 146.9060516357421875 138.1016693115234375 163.11785888671875 145.097503662109375 139.398712158203125 162.8240966796875 157.47943115234375 239.0362396240234375 263.6597900390625 227.04541015625 131.8201751708984375 135 125.5376739501953125 135 132.86309814453125 122.11483001708984375 144.619720458984375 113.96248626708984375 102.52880859375 94.9697418212890625 77.61923980712890625 331.58734130859375 5.7545623779296875 358.38189697265625 353.774169921875 355.0302734375 356.5262451171875 25.41159820556640625 32.9432373046875 355.717132568359375 355.965087890625 30.03044891357421875 32.505664825439453125 38.58121490478515625 73.42121124267578125
123.5304718017578125 232.1250152587890625 233.2758941650390625 193.5125274658203125 176.59722900390625 167.275634765625 186.044097900390625 185.9061431884765625 172.464935302734375 173.36749267578125 149.70831298828125 132.337005615234375 159.5196533203125 152.43487548828125 144.648040771484375 208.85565185546875 329.0362548828125 313.740966796875 309.2894287109375 355.364532470703125 57.80426788330078125 83.6598052978515625 94.84400177001953125 92.91083526611328125 61.99082183837890625 36.2221832275390625 5.73773193359375 22.61986541748046875 26.565052032470703125 27.14968109130859375 353.8939208984375 340.873382568359375 357.87890625 357.768829345703125 349.8621826171875 349.99200439453125 0 41.97275543212890625 47.423770904541015625 351.9605712890625 352.049224853515625 40.467739105224609375 41.44582366943359375 55.454833984375 80.3902587890625
126.995269775390625 232.9893341064453125 234.1301727294921875 161.5650482177734375 165.165008544921875 178.1523895263671875 184.707855224609375 184.60009765625 164.898895263671875 166.655548095703125 161.906097412109375 136.432098388671875 151.5348358154296875 165.5406036376953125 160.688140869140625 247.9540863037109375 290.40020751953125 315.65106201171875 312.30572509765625 358.45184326171875 67.47943115234375 85.81508636474609375 95.01311492919921875 83.530181884765625 350.537689208984375 8.49855804443359375 6.28000640869140625 30.256435394287109375 34.9920196533203125 19.74683380126953125 331.445587158203125 329.779571533203125 0.7073211669921875 0.74405670166015625 349.1285400390625 349.267333984375 11.30992889404296875 50.215862274169921875 48.833675384521484375 351.32684326171875 351.42230224609375 41.573207855224609375 42.55593109130859375 62.30483245849609375 80.55828094482421875
136.87786865234375 223.090850830078125 216.634124755859375 155.3532257080078125 160.04620361328125 188.7147216796875 194.641876220703125 200.637542724609375 133.3397216796875 138.7640380859375 152.3116455078125 128.36749267578125 137.9814605712890625 177.5804901123046875 175.364532470703125 261.2802734375 257.8812255859375 243.71173095703125 241.7826385498046875 178.7811279296875 95.389312744140625 58.091892242431640625 37.613956451416015625 21.2328948974609375 342.228668212890625 2.81555938720703125 12.13132476806640625 62.4093017578125 80.11859130859375 90 270 270 90 90 270 270 90 90 90 270 270 90 90 90 88.6621246337890625
146.944183349609375 214.114471435546875 208.300750732421875 156.4767913818359375 167.43255615234375 195.89013671875 209.5778350830078125 219.2894134521484375 128.246429443359375 133.6196441650390625 141.96826171875 128.36749267578125 147.236114501953125 203.5870361328125 219.957550048828125 260.719970703125 265.0445556640625 269.29266357421875 247.52056884765625 176.3477783203125 108.4349517822265625 24.4439544677734375 25.42687225341796875 17.4471893310546875 353.453704833984375 11.30992889404296875 11.1038360595703125 46.580173492431640625 35.746593475341796875 6.241912841796875 330.037811279296875 319.51397705078125 357.330108642578125 357.8067626953125 350.97686767578125 348.807952880859375 40.38935089111328125 76.79891204833984375 76.6074981689453125 343.6104736328125 258.6900634765625 98.9017181396484375 102.89374542236328125 95.042449951171875 82.665618896484375
159.663818359375 203.6942138671875 201.73681640625 156.8014068603515625 168.9765472412109375 191.8214874267578125 197.7446746826171875 195.4221649169921875 163.779815673828125 158.682098388671875 147.52880859375 123.206573486328125 119.93151092529296875 270 270 270 275.4923095703125 296.5650634765625 321.3402099609375 90 270 270 90 90 90 90 90 43.025066375732421875 17.28150177001953125 359.104827880859375 336.10009765625 332.000091552734375 345.197998046875 347.755462646484375 2.21204376220703125 2.75542449951171875 52.399593353271484375 78.6900634765625 76.357086181640625 37.40535736083984375 94.39870452880859375 98.31027984619140625 102.05078125 95.9061431884765625 79.902496337890625
167.76849365234375 198.681915283203125 197.076416015625 160.67681884765625 164.744873046875 183.99090576171875 189.09027099609375 187.853302001953125 177.9174346923828125 177.207305908203125 158.7723388671875 146.9293212890625 171.607086181640625 223.8983001708984375 227.337310791015625 247.1094512939453125 247.592559814453125 215.134185791015625 185.8263397216796875 188.130096435546875 188.130096435546875 188.130096435546875 145.5391845703125 136.101715087890625 167.47119140625 202.8905487060546875 330.0684814453125 349.75592041015625 351.869903564453125 351.4444580078125 320.552978515625 292.619873046875 250.40771484375 231.4588165283203125 147.52880859375 156.1813507080078125 118.94001007080078125 91.755035400390625 74.33526611328125 67.3286590576171875 115.09625244140625 106.4675445556640625 88.91907501220703125 74.17607879638671875 71.12545013427734375
90 270 270 90 90 -9999 270 270 270 236.3099365234375 116.5650482177734375 117.64597320556640625 156.8014068603515625 227.0825653076171875 230.4923248291015625 242.3933258056640625 243.82470703125 212.19573974609375 201.194061279296875 208.495635986328125 188.130096435546875 188.130096435546875 153.886077880859375 129.193267822265625 150.945404052734375 245.1125946044921875 288.78863525390625 335.9735107421875 340.5885009765625 354.4400634765625 357.82525634765625 21.8014068603515625 237.52880859375 215.073760986328125 132.8524169921875 143.2127838134765625 132.662689208984375 92.41333770751953125 71.5650482177734375 77.5119171142578125 103.94573211669921875 113.325347900390625 88.4234466552734375 68.85047149658203125 70.82099151611328125
225 296.5650634765625 296.5650634765625 64.440032958984375 74.05460357666015625 101.3099365234375 198.4349517822265625 190.175506591796875 239.82647705078125 306.027374267578125 38.088771820068359375 55.30484771728515625 65.5560455322265625 247.932098388671875 211.2392120361328125 230.7105865478515625 241.8316650390625 210.256439208984375 197.2717437744140625 193.94573974609375 183.908538818359375 184.059356689453125 179.1448974609375 151.55706787109375 145.954071044921875 234.819305419921875 226.9414825439453125 202.7509765625 204.145538330078125 189.372100830078125 165.5102386474609375 155.5560455322265625 175.74615478515625 177.1216278076171875 153.7586517333984375 154.7864990234375 164.054595947265625 136.1632080078125 142.315521240234375 128.7459716796875 117.9622344970703125 127.09283447265625 125.27242279052734375 108.01976776123046875 74.85207366943359375
264.0938720703125 296.5650634765625 296.5650634765625 62.35402679443359375 77.47119140625 93.8140716552734375 152.3540191650390625 164.2488250732421875 254.3100128173828125 289.98309326171875 23.45902252197265625 57.094757080078125 73.6104583740234375 149.0362396240234375 171.607086181640625 232.352386474609375 240.21258544921875 202.619873046875 183.366455078125 182.6897735595703125 186.02752685546875 186.259033203125 194.237274169921875 172.8749847412109375 148.1340179443359375 227.5447998046875 219.5076751708984375 205.82098388671875 207.349884033203125 198.76806640625 171.689727783203125 151.3895416259765625 151.0258636474609375 159.479034423828125 151.6351165771484375 152.720062255859375 165.9637451171875 142.3625946044921875 149.339935302734375 137.7702178955078125 126.0850677490234375 128.480194091796875 126.51105499267578125 135 60.395549774169921875
252.89727783203125 213.43988037109375 197.969146728515625 155.7460784912109375 142.4314117431640625 29.05460357666015625 33.366367340087890625 45 247.4427490234375 200.9734954833984375 173.431243896484375 162.121307373046875 137.726318359375 77.7352294921875 45 263.2901611328125 220.74114990234375 186.4907684326171875 177.760528564453125 177.7352447509765625 197.049041748046875 205.144775390625 222.2297821044921875 185.710601806640625 143.259429931640625 214.380340576171875 207.47442626953125 209.649871826171875 213.9297943115234375 188.130096435546875 180.400665283203125 170.25634765625 119.82708740234375 90.7639007568359375 83.1572265625 87.70938873291015625 90 90 90 90 90 90 89.21517181396484375 296.5650634765625 88.66777801513671875
143.130096435546875 205.253173828125 173.829833984375 154.707977294921875 217.5685882568359375 289.79888916015625 45 56.633632659912109375 132.95458984375 159.0265045166015625 174.1175537109375 197.878692626953125 222.273681640625 45 12.2647705078125 123.6900634765625 169.346099853515625 177.59979248046875 178.3999786376953125 178.38189697265625 213.157928466796875 225 228.317779541015625 181.909149169921875 135 200.224853515625 195.642242431640625 215.8698272705078125 220.5153961181640625 164.898895263671875 187.568389892578125 208.16253662109375 142.495849609375 91.7357025146484375 84.1226043701171875 89.15747833251953125 105.83238983154296875 107.7446746826171875 126.3136444091796875 120.9637603759765625 115.0168914794921875 111.948699951171875 106.14434051513671875 167.0053863525390625 161.5650482177734375
158.385223388671875 185.01312255859375 168.3406982421875 163.300750732421875 214.957977294921875 214.48736572265625 164.1342926025390625 153.0041656494140625 111.2505035400390625 108.76805877685546875 153.0604705810546875 219.8718109130859375 214.57928466796875 191.08258056640625 195.8323974609375 135 102.0305938720703125 102.2647705078125 161.5650482177734375 135 270 270 270 -9999 90 270 270 270 270 90 270 270 90 90 90.400665283203125 100.275360107421875 127.7110443115234375 116.86981201171875 126.98291015625 124.69515228271484375 118.30075836181640625 118.85565948486328125 104.6763916015625 138.09405517578125 261.027374267578125
160.2777252197265625 174.98687744140625 166.607513427734375 170.537689208984375 214.271148681640625 213.8048858642578125 188.972625732421875 195.802520751953125 113.6293792724609375 105.642242431640625 135 211.94476318359375 207.228668212890625 206.80084228515625 216.17962646484375 165.256439208984375 108.4349517822265625 99.78240966796875 144.09027099609375 163.5231170654296875 239.0362396240234375 246.39288330078125 219.6441802978515625 174.400665283203125 145.7843017578125 196.7625579833984375 198.904571533203125 237.458251953125 238.2405242919921875 136.3478851318359375 177.23614501953125 201.595306396484375 181.2188720703125 181.46881103515625 134.0977783203125 118.50847625732421875 132.5104522705078125 113.4429168701171875 110.03720855712890625 118.03385162353515625 123.51800537109375 142.8533172607421875 131.0548095703125 152.0377655029296875 241.2602081298828125
164.357757568359375 173.6598052978515625 131.4236602783203125 90 270 270 270 270 90 90 90 270 270 270 270 270 90 90 109.4861297607421875 136.709808349609375 242.7097320556640625 249.4039764404296875 191.3099365234375 163.6104583740234375 156.2505035400390625 202.864501953125 205.615478515625 237.946502685546875 213.8182373046875 141.641510009765625 167.9694061279296875 195.1540679931640625 190.840301513671875 192.9946136474609375 141.6207733154296875 115.85772705078125 116.5650482177734375 102.464935302734375 108.07232666015625 115.2328338623046875 120.37912750244140625 133.3153076171875 128.181793212890625 157.833648681640625 244.0934906005859375
