helipistas/1494275846_152_420/INPUT/LCP/Elevation.asc
ncols        160
nrows        207
xllcorner    365696.508271717466
yllcorner    4565265.056038195267
cellsize     100.000000000000
NODATA_value -9999
[rows 0 to 41 of 207, columns 0 to 93 of 160]
32767 32767 32767 32767 670 728 728 751 751 773 773 790 826 826 853 853 870 870 845 809 809 776 776 780 780 797 829 829 853 853 868 868 879 32767 32767 32767 32767 32767 32767 32767 32767 32767 32767 32767 32767 32767 32767 32767 32767 32767 32767 32767 32767 32767 32767 32767 32767 32767 32767 32767 32767 32767 32767 32767 32767 32767 32767 32767 32767 32767 32767 32767 32767 32767 32767 32767 32767 32767 32767 32767 32767 32767 32767 32767 32767 32767 32767 32767 32767 32767 32767 32767 32767 32767
32767 32767 32767 32767 670 728 728 751 751 773 773 790 826 826 853 853 870 870 845 809 809 776 776 780 780 797 829 829 853 853 868 868 879 885 885 870 870 844 823 823 818 818 788 788 761 734 734 734 734 710 710 703 724 724 708 708 712 712 710 680 680 686 686 686 686 692 688 688 671 671 659 659 673 681 681 684 684 688 688 688 692 692 695 695 696 697 697 699 699 704 32767 32767 32767 32767
32767 32767 32767 32767 603 656 656 730 730 764 764 800 839 839 880 880 870 870 845 809 809 776 776 780 780 797 829 829 853 853 868 868 879 885 885 870 870 844 823 823 818 818 788 788 761 734 734 734 734 710 710 703 724 724 708 708 712 712 710 680 680 686 686 686 686 692 688 688 671 671 659 673 673 681 681 684 684 688 688 688 692 692 695 695 696 697 697 699 699 704 704 700 667 667
32767 32767 32767 32767 603 656 656 730 730 764 764 800 839 839 880 880 888 888 851 816 816 836 836 846 846 841 837 837 854 854 859 859 847 827 827 816 816 825 802 802 767 767 768 768 753 725 725 698 698 691 691 687 709 709 717 717 705 705 694 676 676 669 669 699 699 708 701 701 678 678 649 669 669 681 681 684 684 688 688 688 692 692 695 695 696 697 697 699 699 704 704 700 667 667
32767 32767 32767 32767 603 656 656 730 730 764 764 800 839 839 880 880 888 888 851 816 816 836 836 846 846 841 837 837 854 854 859 847 847 827 827 816 816 825 802 802 767 767 768 768 753 725 725 698 698 691 691 687 709 709 717 717 705 705 694 676 676 669 669 699 699 708 701 701 678 678 649 669 669 684 684 690 690 698 702 702 703 703 708 708 710 710 710 716 716 724 724 711 678 678
32767 32767 32767 32767 635 638 638 668 668 743 743 788 819 819 848 848 848 848 844 840 840 858 858 888 888 875 856 856 835 835 825 810 810 784 784 773 773 800 803 803 768 768 727 727 721 702 702 683 683 674 674 694 735 735 728 728 705 705 694 676 676 669 669 699 708 708 701 701 678 678 649 669 669 684 684 690 690 698 702 702 703 703 708 708 710 710 710 716 716 724 724 711 678 678
32767 32767 32767 32767 635 638 638 668 668 743 743 788 819 819 848 848 848 848 844 840 840 858 858 888 875 875 856 856 835 835 825 810 810 784 784 773 773 800 803 803 768 768 727 727 721 702 702 683 683 674 674 694 735 735 728 728 707 707 689 673 673 649 649 665 701 701 701 701 668 668 647 683 683 693 693 705 705 715 719 719 719 719 722 722 726 733 733 741 741 749 749 716 698 698
32767 32767 32767 32767 699 704 704 717 717 719 719 761 798 798 809 809 827 827 831 857 857 888 888 927 913 913 875 875 845 845 816 810 810 785 785 768 768 735 745 745 768 768 727 727 721 702 702 683 683 674 674 694 735 735 728 728 707 689 689 673 673 649 649 665 701 701 701 701 668 668 647 683 683 693 693 705 705 715 719 719 719 719 722 722 726 733 733 741 741 749 749 716 698 698
32767 32767 32767 32767 699 704 704 717 717 719 719 761 798 798 809 809 827 827 831 857 857 888 888 927 913 913 875 875 845 845 816 810 810 785 785 768 768 735 745 745 748 748 707 707 689 683 683 669 669 661 661 696 735 735 727 727 712 706 706 685 685 660 660 640 653 653 654 654 642 642 644 682 682 706 706 727 727 745 745 745 738 738 732 732 743 759 759 776 776 757 717 717 708 708
32767 32767 32767 32767 777 788 788 802 802 777 777 761 768 768 785 785 807 811 811 838 838 859 859 927 913 913 875 875 845 845 816 810 810 785 785 768 768 735 745 745 748 748 707 707 689 683 683 669 669 661 661 696 735 735 727 727 712 706 706 685 685 660 660 640 653 653 654 654 642 642 644 682 682 706 706 727 727 745 745 745 738 738 732 732 743 759 759 776 776 757 717 717 708 708
32767 32767 32767 32767 777 788 788 802 802 777 777 761 768 768 785 785 807 811 811 838 838 859 859 882 886 886 866 866 841 841 805 769 769 750 750 739 739 726 697 697 705 705 694 694 670 670 670 660 660 652 679 679 712 712 749 749 745 731 731 725 725 684 684 656 631 631 619 619 626 626 654 683 683 703 703 719 719 742 759 759 738 738 732 732 743 759 759 776 776 757 717 717 708 708
32767 32767 32767 32767 792 830 788 802 802 777 777 761 768 768 785 785 807 811 811 838 838 859 859 882 886 886 866 866 841 841 805 769 769 750 750 739 739 726 697 697 705 705 694 694 670 670 670 660 660 652 679 679 712 712 749 749 745 731 731 725 725 684 684 656 631 631 619 619 626 626 654 683 683 703 703 719 719 742 759 759 754 754 748 755 755 785 785 782 782 744 717 717 725 725
32767 32767 32767 32767 792 830 830 850 850 836 813 813 788 788 774 774 788 796 796 821 821 839 839 844 858 858 844 844 821 821 797 765 765 741 741 713 713 699 682 682 670 670 663 663 655 657 657 656 656 646 662 662 689 689 715 715 734 745 745 731 731 696 696 670 631 631 619 619 626 626 654 683 683 703 703 719 719 742 759 759 754 754 748 755 755 785 785 782 782 744 717 717 725 725
32767 32767 32767 32767 792 830 830 850 850 836 813 813 788 788 774 774 788 796 796 821 821 839 839 844 858 858 844 844 821 821 797 765 765 741 741 713 713 699 682 682 670 670 663 655 655 657 657 656 656 646 662 662 689 689 715 715 734 745 745 731 731 696 696 670 640 640 615 615 620 620 648 676 676 719 719 745 745 759 775 775 783 783 780 787 787 788 788 754 754 729 730 730 764 764
32767 32767 32767 792 792 828 828 851 851 838 819 819 804 804 812 812 828 827 827 813 813 823 823 831 826 826 831 831 808 808 777 755 755 735 735 713 713 695 681 681 669 669 661 648 648 641 641 656 656 646 662 662 689 689 715 715 734 745 745 731 731 696 696 670 640 640 615 615 620 620 648 676 676 719 719 745 759 759 775 775 783 783 780 787 787 788 788 754 754 729 730 730 764 764
32767 32767 32767 792 792 828 828 851 851 838 819 819 804 804 812 812 828 827 827 813 813 823 823 831 826 826 831 831 808 808 777 755 755 735 735 713 713 695 681 681 669 669 661 648 648 641 641 643 643 639 657 657 675 675 676 676 688 699 699 709 709 693 693 652 622 622 606 606 623 623 646 668 668 684 684 707 732 732 756 756 775 775 789 809 809 774 774 742 742 740 760 760 788 788
32767 32767 32767 777 777 793 793 813 813 807 810 810 798 798 825 825 840 836 836 832 832 829 829 820 809 809 808 808 783 783 777 755 755 735 735 713 695 695 681 681 669 669 661 648 648 641 641 643 643 639 657 657 675 675 676 676 688 699 699 709 709 693 693 652 622 622 606 606 623 623 646 668 668 684 684 707 732 732 756 756 775 775 789 809 809 774 774 742 742 740 760 760 788 788
32767 32767 32767 777 777 793 793 813 813 807 810 810 798 798 825 825 840 836 836 832 832 829 829 820 809 809 808 808 783 783 754 733 733 709 709 699 682 682 671 671 658 658 659 654 654 645 645 633 633 629 635 635 640 640 644 644 646 656 656 658 658 661 661 648 619 619 603 603 628 654 654 678 678 670 670 681 704 704 736 736 772 772 802 782 782 762 762 742 742 740 760 760 788 788
32767 32767 32767 734 734 772 772 781 781 774 773 773 799 798 825 825 840 836 836 832 832 829 829 820 809 809 808 808 783 754 754 733 733 709 709 699 682 682 671 671 658 658 659 654 654 645 645 633 633 629 635 635 640 640 644 644 646 656 656 658 658 661 661 648 619 619 603 603 628 654 654 678 678 670 670 681 704 704 736 736 772 772 802 782 782 762 762 762 762 765 763 763 754 754
32767 32767 32767 734 734 772 772 781 781 774 773 773 799 799 826 826 832 832 832 833 833 824 824 811 793 793 796 796 763 731 731 713 713 696 696 674 664 664 659 659 655 655 648 640 640 633 633 625 625 617 619 619 626 626 632 632 631 633 633 621 621 616 619 619 607 607 601 601 616 636 636 678 678 670 670 681 704 704 736 736 772 772 802 782 782 762 762 762 762 765 763 763 754 754
32767 32767 32767 734 734 772 772 781 781 774 773 773 799 799 826 826 832 832 832 833 833 824 824 811 793 793 796 796 763 731 731 713 713 696 696 674 664 664 659 659 655 655 648 640 640 633 633 625 625 617 619 619 626 626 632 632 631 633 633 621 621 616 619 619 607 607 601 601 616 636 636 652 652 660 660 689 722 722 763 763 792 792 775 749 749 753 753 782 782 754 720 720 741 741
32767 32767 32767 701 701 717 717 740 740 752 773 773 798 798 819 819 829 830 830 854 854 837 812 812 783 783 788 788 776 747 747 705 705 683 683 665 662 662 660 660 647 647 639 634 634 626 626 619 619 612 614 614 618 618 632 632 631 633 633 621 621 616 619 619 607 607 601 601 616 636 636 652 652 660 660 689 722 722 763 763 792 792 775 749 749 753 753 782 782 754 720 720 741 741
32767 32767 32767 701 701 717 717 740 740 752 773 773 798 798 819 819 829 830 830 854 854 837 812 812 783 783 788 788 776 747 747 705 705 683 683 665 662 662 660 660 647 647 639 634 634 626 626 619 619 612 614 614 618 618 625 632 632 625 625 614 614 607 595 595 602 602 615 615 631 652 652 666 666 680 680 687 712 712 741 741 751 751 739 719 719 739 739 765 765 744 704 704 730 730
32767 32767 32767 661 661 731 731 765 765 768 782 782 805 805 813 817 817 812 812 825 825 813 797 797 766 766 771 771 779 752 752 722 722 689 689 678 691 662 660 660 647 647 639 634 634 626 626 619 619 612 614 614 618 618 625 632 632 625 625 614 614 607 595 595 602 602 615 615 631 652 652 666 666 680 680 687 712 712 741 741 751 751 739 719 719 739 739 765 744 744 704 704 730 730
32767 32767 32767 661 661 731 731 765 765 768 782 782 805 805 813 817 817 812 812 825 825 813 797 797 766 766 771 771 779 752 752 722 722 689 689 678 691 691 675 675 658 658 648 642 642 639 639 634 634 618 607 607 613 613 640 638 638 624 624 625 625 620 600 600 615 615 648 648 660 660 660 670 670 675 675 684 696 696 717 717 723 723 720 706 706 706 706 734 711 711 667 667 698 698
32767 32767 32767 642 642 665 665 699 699 716 764 764 792 792 790 797 797 796 796 786 825 813 797 797 766 766 771 771 779 752 752 722 722 689 689 678 691 691 675 675 658 658 648 642 642 639 639 634 618 618 607 607 613 613 640 638 638 624 624 625 625 620 600 600 615 615 648 648 660 660 660 670 670 675 675 684 696 696 717 717 723 723 720 706 706 706 706 734 711 711 667 667 698 698
32767 32767 32767 642 642 665 665 699 716 716 764 764 792 792 790 797 797 796 796 786 786 752 750 750 774 774 778 778 775 749 749 725 725 698 698 690 691 691 678 678 661 661 655 652 652 642 642 635 629 629 634 634 624 624 615 614 614 590 590 606 606 621 593 593 628 628 654 654 666 678 678 686 686 688 688 685 700 700 717 717 723 720 720 706 706 706 706 734 711 711 667 667 698 698
32767 32767 32767 590 642 665 665 699 716 716 764 764 792 792 790 797 797 796 796 786 786 752 750 750 774 774 778 778 775 749 749 725 725 698 698 690 691 691 678 678 661 655 655 652 652 642 642 635 629 629 634 634 624 624 615 614 614 590 590 606 606 621 593 593 628 628 654 654 666 678 678 686 686 688 688 685 700 700 714 714 722 725 725 710 710 678 678 703 676 676 642 642 675 675
32767 32767 32767 590 590 604 604 635 695 695 729 729 750 750 773 775 775 790 790 746 746 723 767 767 764 764 751 751 745 712 712 709 709 717 717 731 732 732 719 719 696 693 693 683 683 669 669 652 645 645 639 639 633 633 650 654 654 636 636 607 607 621 593 593 628 628 654 654 666 678 678 686 686 688 688 685 700 700 714 714 722 725 725 710 710 678 678 703 676 676 642 642 675 675
32767 32767 32767 590 590 604 604 635 695 695 729 729 750 750 773 775 775 790 790 746 746 723 767 767 764 764 751 751 745 712 712 709 709 717 717 731 732 732 719 719 696 693 693 683 683 669 669 652 645 645 639 639 633 633 650 654 654 636 636 607 607 580 588 588 633 633 659 659 674 688 688 688 688 693 716 716 722 722 735 735 726 717 717 669 669 627 627 652 631 631 615 615 632 632
32767 32767 32767 555 555 580 580 610 635 635 653 653 719 719 766 740 740 727 727 698 698 729 751 751 729 729 705 705 688 697 697 726 726 753 787 787 796 796 767 767 749 741 741 729 683 669 669 652 645 645 639 639 633 633 650 654 654 636 636 607 607 580 588 588 633 633 659 659 674 688 688 688 688 693 716 716 722 722 735 735 726 717 717 669 669 627 627 652 631 631 615 615 632 632
32767 32767 32767 555 555 580 580 610 635 635 653 653 719 719 766 740 740 727 727 698 698 729 751 751 729 729 705 705 688 697 697 726 726 753 787 787 796 796 767 767 749 741 741 729 729 710 710 688 670 670 654 654 646 646 665 671 671 665 665 655 655 623 575 575 581 581 654 654 673 667 667 688 688 714 738 738 749 749 741 741 693 672 672 640 640 602 602 609 587 587 582 582 592 592
32767 32767 32767 539 539 558 558 569 585 585 615 615 661 661 717 686 686 659 659 646 646 708 697 697 678 678 654 705 688 697 697 726 726 753 787 787 796 796 767 767 749 741 741 729 729 710 710 688 670 670 654 654 646 646 665 671 671 665 665 655 655 623 575 575 581 581 654 673 673 667 667 688 688 714 738 738 749 749 741 741 693 672 672 640 640 602 602 609 587 587 582 582 592 592
32767 32767 32767 539 539 558 558 569 585 585 615 615 661 661 717 686 686 659 659 646 646 708 697 697 678 678 654 678 678 707 707 746 746 785 786 786 784 784 783 783 785 793 793 783 783 754 754 731 697 697 664 664 661 661 687 703 703 696 696 671 671 655 605 605 569 569 634 638 638 667 667 690 690 706 721 721 729 729 700 700 649 630 630 647 647 602 602 609 587 587 582 582 592 592
32767 32767 32767 524 524 551 551 581 609 609 615 615 661 661 717 686 686 659 659 646 646 708 697 697 678 678 654 678 678 707 707 746 746 785 786 786 784 784 783 783 785 793 793 783 783 754 754 731 697 697 664 664 661 661 687 703 703 696 696 671 655 655 605 605 569 569 634 638 638 667 667 690 690 706 721 721 729 729 700 700 649 630 630 647 647 593 593 563 566 566 587 587 597 597
32767 32767 32767 524 524 551 551 581 609 609 615 615 638 638 646 643 643 613 613 612 651 651 628 628 620 620 630 665 665 705 705 765 765 749 730 730 717 717 723 723 739 770 770 790 790 784 784 750 706 706 680 680 679 679 667 659 659 648 648 635 625 625 593 593 556 556 587 627 638 667 667 690 690 706 721 721 729 729 700 700 649 630 630 647 647 593 593 563 566 566 587 587 597 597
32767 32767 32767 524 524 551 551 581 609 609 615 615 638 638 646 643 643 613 613 612 651 651 628 628 620 620 630 665 665 705 705 765 765 749 730 730 717 717 723 723 739 770 770 790 790 784 784 750 706 706 680 680 679 679 667 659 659 648 648 635 625 625 593 593 556 556 587 627 627 640 640 674 674 685 695 695 672 672 660 660 621 592 592 583 583 554 554 561 586 586 575 575 580 569
32767 32767 32767 515 515 534 534 556 580 580 607 607 583 583 580 595 595 570 570 611 622 622 594 594 581 581 618 655 655 696 696 727 727 699 682 682 672 672 709 709 745 771 771 792 792 809 809 776 744 744 715 680 679 667 667 659 659 648 648 635 625 625 593 593 556 556 587 627 627 640 640 674 674 685 695 695 672 672 660 660 621 592 592 583 583 554 554 561 586 586 575 575 580 569
32767 32767 32767 515 515 534 534 556 580 580 607 607 583 580 580 595 595 570 570 611 622 622 594 594 581 581 618 655 655 696 696 727 727 699 682 682 672 672 709 709 745 771 771 792 792 809 809 776 744 744 715 715 710 679 679 651 651 628 628 615 618 618 623 623 563 563 544 547 547 586 586 614 614 612 634 634 622 622 597 597 568 549 549 544 544 535 535 549 558 558 549 549 544 541
32767 32767 32767 493 493 502 502 511 543 543 554 554 541 559 559 581 581 556 556 559 572 572 566 566 572 572 600 640 640 684 684 694 694 656 639 682 672 672 709 709 745 771 771 792 792 809 776 776 744 744 715 715 710 679 679 651 651 628 628 615 618 618 623 623 563 563 544 547 547 586 586 614 614 612 634 634 622 622 597 597 568 549 549 544 544 535 549 549 558 558 549 549 544 541
32767 32767 32767 493 493 502 511 511 543 543 554 554 541 559 559 581 581 556 556 559 572 572 566 566 572 572 600 640 640 684 684 694 694 656 639 639 677 677 699 699 722 729 729 774 774 827 780 780 735 735 731 731 690 650 650 626 626 607 607 601 592 592 602 602 607 607 604 552 552 526 526 546 546 565 566 566 559 559 541 541 531 533 533 532 532 524 516 516 528 528 534 534 544 541
32767 32767 32767 473 473 474 492 492 514 514 518 518 552 562 562 543 543 532 556 559 572 572 566 566 572 572 600 640 640 684 684 694 694 656 639 639 677 677 699 699 722 729 729 774 774 827 780 780 735 735 731 731 690 650 650 626 626 607 607 601 592 592 602 602 607 607 604 552 552 526 526 546 546 565 566 566 559 559 541 531 531 533 533 532 532 524 516 516 528 528 534 534 537 536
