helipistas/1494275846_152_420/INPUT/LCP/Elevation.asc
ncols        160
nrows        207
xllcorner    365696.508271717466
yllcorner    4565265.056038195267
cellsize     100.000000000000
NODATA_value -9999
[rows 42 to 83 of 207, columns 0 to 93 of 160]
32767 32767 32767 473 473 474 492 492 514 514 518 518 552 562 562 543 543 532 532 553 541 541 544 544 561 561 584 611 611 665 665 688 688 658 611 611 629 629 643 656 656 692 692 744 744 788 782 782 707 707 673 673 643 622 622 626 626 638 638 620 599 599 568 568 560 560 557 553 553 531 531 518 518 522 515 566 559 559 541 531 531 533 533 532 532 524 516 516 528 528 534 534 537 536
32767 32767 32767 473 473 474 492 492 514 514 518 518 552 562 562 543 543 532 532 553 541 541 544 544 561 561 584 611 611 665 665 688 688 658 611 611 629 629 643 656 656 692 692 744 744 788 782 782 707 707 673 673 643 622 622 626 626 638 638 620 599 599 568 568 560 560 557 553 553 531 531 518 518 522 515 515 513 513 516 519 519 520 520 521 521 517 506 506 513 513 522 522 519 518
32767 32767 32767 457 457 469 488 488 490 490 509 509 526 515 515 522 522 545 545 541 528 528 554 554 564 564 578 596 596 616 616 616 608 608 589 589 621 621 644 656 656 690 690 725 725 731 735 735 684 684 649 649 639 650 650 660 660 651 638 620 599 599 568 568 560 560 557 553 553 531 531 518 522 522 515 515 513 513 516 519 519 520 520 521 521 517 506 506 513 513 522 522 519 518
32767 32767 32767 457 457 469 488 488 490 490 509 509 526 515 515 522 522 545 545 541 528 528 554 554 564 564 578 596 596 616 616 616 608 608 589 589 621 621 644 656 656 690 690 725 725 731 735 735 684 684 649 649 639 650 650 660 660 651 651 619 599 599 576 576 560 560 570 564 564 552 552 561 540 540 525 525 514 514 499 496 496 496 496 497 497 499 494 494 500 500 505 505 503 505
32767 32767 32767 452 452 468 479 479 491 491 497 497 500 490 490 498 498 502 502 512 546 546 580 580 582 582 597 600 600 581 581 566 563 563 564 564 580 580 604 629 629 661 690 725 725 731 735 735 684 684 649 649 639 650 650 660 660 651 651 619 599 599 576 576 560 570 570 564 564 552 552 561 540 540 525 525 514 514 499 496 496 496 496 497 497 499 494 494 500 500 505 505 503 505
32767 32767 32767 452 452 468 479 479 491 491 497 497 500 490 490 498 498 502 502 512 546 546 580 580 582 597 597 600 600 581 581 566 563 563 564 564 580 580 604 629 629 661 661 684 684 681 677 677 667 667 665 665 664 679 679 674 674 654 654 653 625 625 590 590 580 588 588 576 576 574 574 556 535 535 523 523 511 511 500 488 488 485 485 482 482 483 483 483 487 487 493 493 495 500
32767 32767 32767 462 462 473 482 482 484 484 487 487 486 484 484 498 498 506 506 518 531 531 528 528 535 597 597 600 600 581 581 566 563 563 564 564 580 580 604 629 629 661 661 684 684 681 677 677 667 667 665 665 664 679 679 674 674 654 654 653 625 625 590 590 580 588 588 576 576 574 574 556 535 535 523 523 511 511 500 488 488 485 485 482 482 483 483 483 487 487 493 493 495 500
32767 32767 32767 462 462 473 482 482 484 484 487 487 486 484 484 498 498 506 518 518 531 531 528 528 535 539 539 545 545 545 545 541 550 550 559 559 588 588 626 667 667 706 706 709 709 666 662 662 701 701 714 714 724 759 759 734 734 704 689 689 641 641 603 603 585 559 559 547 547 543 543 547 538 538 529 529 521 521 512 508 508 504 485 482 482 483 483 483 487 487 493 493 495 500
32767 32767 32767 456 456 466 471 471 484 484 487 487 486 484 484 498 498 506 518 518 531 531 528 528 535 539 539 545 545 545 545 541 550 550 559 559 588 588 626 667 667 706 706 709 709 666 662 662 701 701 714 714 724 759 759 734 734 704 689 689 641 641 603 603 585 559 559 547 547 543 543 547 538 538 529 529 521 521 512 508 508 504 504 499 499 493 480 480 480 480 490 490 489 486
32767 32767 32767 456 456 466 471 471 478 478 480 480 469 473 473 482 482 489 501 501 505 505 503 503 521 540 540 550 550 571 571 594 603 603 600 600 625 625 672 689 689 690 690 670 670 641 657 657 699 699 693 729 729 742 742 731 731 695 658 658 639 639 605 605 580 578 559 547 547 543 543 547 538 538 529 529 521 521 512 508 508 504 504 499 499 493 480 480 480 480 490 489 489 486
32767 32767 32767 456 456 466 471 471 478 478 480 469 469 473 473 482 482 489 501 501 505 505 503 503 521 540 540 550 550 571 571 594 603 603 600 600 625 625 672 689 689 690 690 670 670 641 657 657 699 699 693 729 729 742 742 731 731 695 658 658 639 639 605 605 580 578 578 571 571 567 567 560 539 539 522 522 524 524 520 513 513 521 521 523 523 513 497 497 480 480 478 483 483 479
32767 32767 32767 459 459 466 472 472 473 473 468 457 457 471 471 482 482 487 486 486 513 513 526 526 542 551 551 580 580 596 596 582 590 590 603 603 623 623 645 617 617 617 617 620 620 619 640 640 664 699 693 729 729 742 742 731 731 695 658 658 639 639 605 605 580 578 578 571 571 567 567 560 539 539 522 522 524 524 520 513 513 521 521 523 523 513 497 497 480 480 478 483 483 479
32767 32767 32767 459 466 466 472 472 473 473 468 457 457 471 471 482 482 487 486 486 513 513 526 526 542 551 551 580 580 596 596 582 590 590 603 603 623 623 645 617 617 617 617 620 619 619 640 640 664 664 684 699 699 712 712 698 698 675 649 649 630 630 631 631 637 612 612 579 579 559 559 547 542 542 563 563 566 566 547 531 531 526 526 528 514 514 506 506 488 488 470 465 465 468
32767 32767 32767 456 462 462 466 466 463 463 454 450 450 465 465 466 466 475 492 492 522 522 534 534 528 525 525 552 552 553 553 566 590 590 603 603 623 623 645 617 617 617 617 620 619 619 640 640 664 664 684 699 699 712 712 698 698 675 649 649 630 630 631 631 637 612 612 579 579 559 559 547 542 542 563 563 566 566 547 531 531 526 526 528 514 514 506 506 488 488 470 465 465 468
32767 32767 32767 456 462 462 466 466 463 463 454 450 450 465 465 466 466 475 492 492 522 522 534 534 528 525 525 552 552 553 553 566 584 584 563 563 576 593 593 616 616 629 629 612 643 643 672 672 700 700 710 708 708 689 689 674 674 674 663 663 668 668 645 645 607 596 596 610 610 613 613 579 568 568 597 597 592 561 561 558 558 552 552 540 520 520 501 501 488 488 470 465 465 468
32767 32767 32767 451 454 454 457 457 443 443 442 444 444 456 456 466 466 475 492 492 522 522 534 534 528 525 525 552 552 553 553 566 584 584 563 563 576 593 593 616 616 629 629 612 643 643 672 672 700 700 710 708 708 689 689 674 674 674 663 663 668 668 645 645 607 596 596 610 610 613 613 579 568 568 597 597 592 561 561 558 558 552 552 540 520 520 501 501 488 488 476 466 466 463
32767 32767 32767 451 454 454 457 457 443 443 442 444 444 456 456 471 471 485 506 506 521 521 520 520 505 514 514 522 522 522 522 529 540 540 555 555 598 638 638 643 643 620 620 617 653 653 647 647 661 661 669 665 665 653 653 645 645 648 658 658 632 632 612 612 629 661 661 655 655 610 610 578 585 568 597 597 592 561 561 558 558 552 552 540 520 520 501 501 488 488 476 466 466 463
32767 32767 32767 451 454 454 457 457 443 443 442 444 444 456 456 471 471 485 506 506 521 521 520 520 505 514 514 522 522 522 529 529 540 540 555 555 598 638 638 643 643 620 620 617 653 653 647 647 661 661 669 665 665 653 653 645 645 648 658 658 632 632 612 612 629 661 661 655 655 610 578 578 585 585 599 599 603 597 597 599 599 593 593 570 545 545 536 536 506 506 484 484 484 478
32767 32767 32767 437 439 439 429 429 425 425 432 448 448 453 453 460 460 477 491 491 492 492 492 492 524 544 544 558 558 571 573 573 548 548 559 559 583 596 596 593 593 594 594 611 646 646 629 629 617 617 621 633 633 616 616 622 645 648 658 658 632 632 612 612 629 661 661 655 655 610 578 578 585 585 599 599 603 597 597 599 599 593 593 570 545 545 536 536 506 506 484 484 484 478
32767 32767 32767 437 439 439 429 429 425 425 432 448 448 453 453 460 460 477 491 491 492 492 492 524 524 544 544 558 558 571 573 573 548 548 559 559 583 596 596 593 593 594 594 611 646 646 629 629 617 617 621 633 633 616 616 622 622 628 633 633 644 644 654 652 652 634 634 622 622 611 620 620 641 641 652 652 670 661 661 642 642 609 609 586 555 555 533 533 519 519 499 495 495 484
32767 32767 32767 408 417 417 426 426 431 431 453 470 470 487 487 485 485 485 489 489 482 482 510 560 560 601 601 622 622 620 607 607 580 580 575 575 587 608 608 593 593 594 594 611 646 646 629 629 617 617 621 633 633 616 616 622 622 628 633 633 644 644 654 652 652 634 634 622 622 611 620 620 641 641 652 652 670 661 661 642 642 609 609 586 555 555 533 533 519 519 499 495 495 484
32767 32767 32767 408 417 417 426 426 431 431 453 470 470 487 487 485 485 485 489 489 482 482 510 560 560 601 601 622 622 620 607 607 580 580 575 575 587 608 608 614 614 617 617 606 617 617 624 624 594 594 596 602 602 608 608 636 636 654 655 655 649 649 634 631 631 647 647 668 668 684 696 696 714 714 730 730 725 712 712 708 708 697 697 656 583 583 536 536 522 522 510 498 498 483
32767 32767 32767 392 411 411 435 435 454 454 468 488 488 497 497 503 514 514 525 525 522 522 510 560 560 601 601 622 622 620 607 607 580 580 575 575 587 608 608 614 614 617 617 606 617 617 624 624 594 594 596 602 602 608 608 636 654 654 655 655 649 649 634 631 631 647 647 668 668 684 696 696 714 714 730 730 725 712 712 708 708 697 697 656 583 583 536 536 522 522 510 498 498 483
32767 32767 32767 392 411 411 435 435 454 454 468 488 488 497 497 503 514 514 525 525 522 522 531 575 575 604 604 630 630 640 647 647 643 643 625 625 661 666 666 682 682 664 664 630 615 615 595 595 573 573 579 595 595 629 629 639 626 626 611 611 603 603 617 658 658 681 681 699 699 700 721 721 759 759 759 759 750 746 746 722 708 697 697 656 583 583 536 536 522 522 510 498 498 483
32767 32767 32767 401 416 416 435 435 454 468 468 488 488 497 497 503 514 514 525 525 522 522 531 575 575 604 604 630 630 640 647 647 643 643 625 625 661 666 666 682 682 664 664 630 615 615 595 595 573 579 579 595 595 629 629 639 626 626 611 611 603 603 617 658 658 681 681 699 699 700 721 721 759 759 759 759 750 746 746 722 722 710 710 699 630 630 573 573 530 504 504 490 490 480
32767 32767 32767 401 416 416 432 432 444 460 460 476 476 495 495 512 526 526 541 541 560 560 574 575 575 585 585 596 596 632 670 670 706 706 707 707 748 741 741 702 702 666 666 634 618 618 604 604 571 577 577 589 589 592 592 596 606 606 617 617 622 622 633 658 658 681 681 699 699 700 721 721 759 759 759 759 750 746 746 722 722 710 710 699 630 630 573 573 530 504 504 490 490 480
32767 32767 32767 401 416 416 432 432 444 460 460 476 476 495 495 512 526 526 541 541 560 560 574 575 575 585 585 596 596 632 670 670 706 706 707 707 748 741 741 702 702 666 666 634 618 618 604 604 571 577 577 589 589 592 592 596 606 606 617 617 622 622 633 644 644 666 666 670 670 686 718 718 754 754 747 747 709 708 708 679 679 638 638 657 608 608 560 560 524 501 501 489 489 480
32767 32767 419 419 430 430 439 439 457 473 473 484 484 492 492 496 510 510 522 522 533 533 552 590 590 639 639 655 655 676 706 706 707 707 750 750 758 720 720 689 689 643 606 606 581 581 604 604 571 577 577 589 589 592 592 596 606 606 617 617 622 622 633 644 644 666 666 670 670 686 718 718 754 754 747 747 709 708 708 679 679 638 657 657 608 608 560 560 524 501 501 489 489 480
32767 32767 419 419 430 430 439 439 457 473 473 484 484 492 492 496 510 510 522 522 533 533 552 590 590 639 639 655 655 676 706 706 707 707 750 750 758 720 720 689 689 643 606 606 581 581 571 571 567 553 553 573 573 612 612 643 663 663 669 669 660 660 632 612 612 618 618 653 653 671 671 671 690 690 686 686 652 653 653 632 632 594 579 579 594 594 576 576 526 503 503 494 494 494
32767 32767 417 417 433 433 429 429 428 438 438 444 444 450 450 464 493 493 535 535 579 579 601 617 617 633 633 651 651 676 706 706 707 707 750 758 758 720 720 689 689 643 606 606 581 581 571 571 567 553 553 573 573 612 612 643 663 663 669 669 660 660 632 612 612 618 618 653 653 671 671 671 690 690 686 652 652 653 653 632 632 594 579 579 594 594 576 576 526 503 503 494 494 494
32767 32767 417 417 433 433 429 429 428 438 438 444 444 450 450 464 493 493 535 535 579 579 601 617 617 633 633 651 651 656 644 644 658 658 677 661 661 642 642 636 636 617 598 598 583 583 565 565 548 566 566 600 600 632 632 646 649 649 667 667 665 665 662 670 670 623 623 593 593 595 607 607 636 636 640 590 590 596 596 578 578 566 551 551 532 532 540 576 526 503 503 494 494 494
32767 32767 395 395 400 400 401 401 408 423 423 436 436 450 450 464 493 493 535 535 579 579 601 617 617 633 633 651 656 656 644 644 658 658 677 661 661 642 642 636 636 617 598 598 583 583 565 565 548 566 566 600 600 632 632 646 649 649 667 667 665 665 662 670 670 623 623 593 593 595 607 607 636 636 640 590 590 596 596 578 578 566 551 551 532 532 540 540 524 511 511 512 512 529
32767 32767 395 395 400 400 401 401 408 423 423 436 436 446 446 458 497 497 544 544 564 564 582 583 583 579 579 603 592 592 590 590 608 608 595 592 592 599 599 597 597 564 566 566 549 549 549 549 575 607 607 626 626 637 637 634 639 639 689 689 704 704 704 681 681 624 624 569 559 559 607 607 636 636 640 590 590 596 596 578 578 566 551 551 532 532 540 540 524 511 511 512 512 529
32767 32767 395 395 400 400 401 401 408 423 423 436 436 446 446 458 497 497 544 544 564 564 582 583 583 579 579 603 592 592 590 590 608 608 595 592 592 599 599 597 597 564 566 566 549 549 549 549 575 607 607 626 626 637 637 634 639 639 689 689 704 704 704 681 681 624 624 569 559 559 565 565 580 580 581 560 560 542 542 527 527 526 532 532 523 523 509 509 523 545 545 556 556 567
32767 32767 387 387 393 393 410 410 422 423 423 441 441 461 461 476 515 515 548 548 538 547 547 536 536 540 540 551 552 552 546 546 552 552 561 572 572 585 585 548 548 526 534 534 557 557 589 589 595 599 599 591 591 637 637 634 639 639 689 689 704 704 704 681 681 624 624 569 559 559 565 565 580 580 581 560 560 542 542 527 527 526 532 532 523 523 509 509 523 545 545 556 556 567
32767 32767 387 387 393 393 410 410 422 423 423 441 441 461 461 476 515 515 548 548 538 547 547 536 536 540 540 551 552 552 546 546 552 552 561 572 572 585 585 548 548 526 534 534 557 557 589 589 595 599 599 591 591 594 594 631 663 663 669 669 685 658 658 615 615 580 580 565 554 554 542 542 542 542 533 525 525 514 514 508 508 512 517 517 507 507 497 497 538 586 586 595 595 558
32767 32767 411 411 407 407 419 419 437 453 453 474 474 509 532 532 539 539 520 520 500 510 510 519 519 509 509 520 533 533 537 537 554 554 571 578 578 585 585 548 548 526 534 534 557 557 589 589 595 599 599 591 591 594 631 631 663 663 669 669 685 658 658 615 615 580 580 565 554 554 542 542 542 542 533 525 525 514 514 508 508 512 517 517 507 507 497 497 538 586 586 595 595 558
32767 32767 411 411 407 407 419 419 437 453 453 474 474 509 532 532 539 539 520 520 500 510 510 519 519 509 509 520 533 533 537 537 554 554 571 578 578 563 563 530 530 510 535 535 541 541 542 542 551 553 553 558 558 598 620 620 613 613 622 622 640 629 629 624 624 614 614 609 588 588 580 580 576 576 562 540 540 519 519 503 503 498 495 495 489 489 485 485 511 560 560 580 580 549
32767 32767 443 443 450 450 451 457 457 460 460 477 477 515 526 526 509 509 485 485 500 510 510 519 519 509 509 520 533 533 537 537 554 554 571 578 578 563 563 530 530 510 535 535 541 541 542 542 551 553 553 558 558 598 620 620 613 613 622 622 640 629 629 624 624 614 614 609 588 588 580 580 576 576 562 540 540 519 519 503 503 498 495 495 489 489 485 485 511 560 560 580 580 549
32767 32767 443 443 450 450 451 457 457 460 460 477 477 515 526 526 509 509 485 485 483 496 496 494 494 517 517 548 562 562 554 554 551 551 560 561 561 538 538 511 511 502 504 504 506 506 539 536 536 536 536 549 549 575 596 596 622 622 630 630 639 655 655 685 685 699 699 678 619 619 586 586 573 573 548 539 539 519 519 503 503 498 495 495 489 489 485 511 511 560 560 580 580 549
32767 32767 447 443 450 450 451 457 457 460 460 477 477 515 526 526 509 509 485 485 483 496 496 494 494 517 517 548 562 562 554 554 551 551 560 561 561 538 538 511 511 502 504 504 506 506 539 536 536 536 536 549 549 575 596 596 622 622 630 630 639 655 655 685 685 699 699 678 619 619 586 586 573 573 548 539 539 519 519 522 522 539 554 554 535 535 493 488 488 541 541 532 532 551
32767 32767 447 447 445 445 443 446 446 446 446 474 474 487 473 473 477 477 475 475 470 503 503 530 530 532 532 528 535 535 545 545 547 547 521 519 519 536 536 531 547 547 528 528 495 495 503 522 522 544 544 575 575 605 640 640 675 675 696 696 639 655 655 685 685 699 699 678 619 619 586 586 573 573 548 539 539 519 519 522 522 539 554 554 535 535 493 488 488 541 541 532 532 551
