helipistas/1494275846_152_420/INPUT/LCP/Elevation.asc
ncols        160
nrows        207
xllcorner    365696.508271717466
yllcorner    4565265.056038195267
cellsize     100.000000000000
NODATA_value -9999
[rows 84 to 125 of 207, columns 0 to 93 of 160]
32767 32767 447 447 445 445 443 446 446 446 446 474 474 487 473 473 477 477 475 475 470 503 503 530 530 532 532 528 535 535 545 545 547 547 521 519 519 536 536 531 547 547 528 528 495 495 503 522 522 544 544 575 575 605 640 640 675 675 696 696 714 742 742 767 767 709 709 631 594 594 568 568 561 561 544 532 532 525 525 548 582 582 605 605 543 543 503 475 475 502 502 490 490 493
32767 32767 429 429 415 415 412 414 414 439 439 457 457 466 453 453 451 451 463 463 505 504 504 494 494 520 520 546 542 542 515 515 495 517 517 561 561 550 550 528 508 508 492 492 495 495 503 522 522 544 544 575 575 605 640 640 675 675 696 696 714 742 742 767 767 709 709 631 594 594 568 568 561 561 544 532 532 525 525 548 582 582 605 605 543 543 503 475 475 502 502 490 490 493
32767 32767 429 429 415 415 412 414 414 439 439 457 457 466 453 453 451 451 463 463 505 504 504 494 494 520 520 546 542 542 515 515 495 517 517 561 561 550 550 528 508 508 492 492 497 497 516 538 538 564 564 598 598 627 672 672 757 757 813 813 805 795 795 763 763 714 714 649 608 608 594 594 586 556 556 541 541 561 561 590 614 614 615 615 583 583 540 485 485 472 472 466 466 463
32767 32767 389 389 393 393 398 414 414 448 448 465 465 440 440 440 467 467 470 470 460 468 468 495 495 507 507 546 542 542 515 515 495 517 517 561 561 550 550 528 508 508 492 492 497 497 516 538 538 564 564 598 598 627 672 672 757 757 813 813 805 795 795 763 763 714 714 649 608 608 594 594 586 556 556 541 541 561 561 590 614 614 615 615 583 583 540 485 485 472 472 466 466 463
32767 32767 389 389 393 393 398 414 414 448 448 465 465 440 440 440 467 467 470 470 460 468 468 495 495 507 505 505 494 494 478 478 511 541 541 517 517 485 485 473 483 483 494 494 514 514 546 554 554 581 581 633 633 697 767 767 788 788 789 789 729 693 693 678 678 664 628 628 601 601 603 603 599 563 563 572 572 593 593 595 574 574 573 573 583 583 540 485 485 472 472 466 466 463
32767 32767 409 409 428 428 429 435 435 464 448 465 465 440 440 440 467 467 470 470 460 468 468 495 495 507 505 505 494 494 478 478 511 541 541 517 517 485 485 473 483 483 494 494 514 514 546 554 554 581 581 633 633 697 767 767 788 788 789 789 729 693 693 678 678 664 628 628 601 601 603 603 599 563 563 572 572 593 593 595 574 574 573 573 550 550 519 501 501 511 511 510 510 509
32767 32767 409 409 428 428 429 435 435 464 464 441 441 434 446 446 436 436 455 470 470 479 479 473 473 470 468 468 463 463 490 490 517 499 499 476 476 456 456 475 498 498 527 527 536 536 568 605 605 647 647 690 690 760 776 776 764 764 691 691 655 623 623 605 605 591 587 587 601 601 603 603 599 563 563 572 572 593 593 595 574 574 573 573 550 550 519 501 501 511 511 510 510 509
32767 32767 409 409 428 428 429 435 435 464 464 441 441 434 446 446 436 436 455 470 470 479 479 473 473 470 468 468 463 463 490 490 517 499 499 476 476 456 456 475 498 498 527 527 536 536 568 605 605 647 647 690 690 760 776 776 764 764 691 655 655 623 623 605 605 591 587 587 562 562 587 587 609 587 587 590 590 563 563 540 538 538 514 514 511 511 519 518 518 483 483 507 507 490
32767 32767 428 428 434 434 440 437 437 423 423 427 444 444 413 413 448 448 476 462 462 455 455 445 445 445 449 449 463 463 495 495 477 455 455 450 450 452 452 474 515 515 537 537 575 575 602 610 610 658 658 690 690 760 776 776 764 764 691 655 655 623 623 605 605 591 587 587 562 562 587 587 609 587 587 590 590 563 563 540 538 538 514 514 511 511 519 518 518 483 483 507 507 490
32767 32767 428 428 434 434 440 437 437 423 423 427 444 444 413 413 448 448 476 462 462 455 455 445 445 445 449 449 463 463 495 495 477 455 455 450 450 452 452 474 515 515 537 537 575 575 602 610 610 658 658 699 686 686 640 640 642 642 610 575 575 581 581 583 583 555 539 539 549 549 603 603 631 580 580 560 560 535 535 515 495 495 490 490 476 476 475 490 490 464 464 450 450 467
32767 32767 413 413 418 409 409 404 404 417 417 436 408 408 403 403 444 444 438 423 423 430 430 430 430 432 444 444 483 483 496 496 452 431 455 450 450 452 452 474 515 515 537 537 575 575 602 610 610 658 658 699 686 686 640 640 642 642 610 575 575 581 581 583 583 555 539 539 549 549 603 603 631 580 580 560 560 535 535 515 495 495 490 490 476 476 475 490 490 464 464 450 467 467
32767 32767 413 413 418 409 409 404 404 417 417 436 408 408 403 403 444 444 438 423 423 430 430 430 430 432 444 444 483 483 496 496 452 431 431 445 445 452 452 473 500 500 545 545 596 654 654 632 632 602 602 606 596 596 564 564 547 547 542 516 516 516 516 519 519 519 522 522 555 555 603 603 599 568 568 550 550 547 547 524 516 516 516 516 507 507 470 451 451 446 446 450 467 467
32767 32767 385 385 390 398 398 415 415 422 422 419 388 388 395 395 422 444 438 423 423 430 430 430 430 432 444 444 483 483 496 496 452 431 431 445 445 452 452 473 500 500 545 545 596 654 654 632 632 602 602 606 596 596 564 564 547 547 542 516 516 516 516 519 519 519 522 522 555 555 603 603 599 568 568 550 550 547 547 524 516 516 516 516 507 470 470 451 451 446 446 431 445 445
32767 32767 385 385 390 398 398 415 415 422 422 419 388 388 395 395 422 422 429 429 429 421 421 421 421 438 472 472 492 492 452 452 420 422 422 434 434 448 448 478 508 508 589 589 657 642 642 565 565 541 541 551 543 543 523 523 499 499 489 488 488 508 508 519 519 529 536 536 562 562 603 603 588 568 568 550 550 547 547 524 516 516 516 516 507 470 470 451 451 446 446 431 445 445
32767 32767 385 385 390 398 398 415 415 422 422 419 388 388 395 395 422 422 429 429 429 421 421 421 421 438 472 472 492 492 452 452 420 422 422 434 434 448 478 478 508 508 589 589 657 642 642 565 565 541 541 551 543 543 523 523 499 499 489 488 488 508 508 519 519 529 536 536 562 562 603 603 588 568 568 536 536 523 523 517 504 504 489 489 479 466 466 487 487 490 490 444 406 406
32767 32767 370 370 400 390 390 408 408 397 397 379 380 380 395 395 416 416 426 422 422 430 430 434 434 458 460 460 428 428 407 407 415 442 442 468 468 485 494 494 552 552 637 637 658 567 567 509 509 498 498 494 502 502 481 481 463 463 489 488 488 508 508 519 519 529 536 536 562 562 603 603 588 568 568 536 536 523 517 517 504 504 489 489 479 466 466 487 487 490 490 444 406 406
32767 32767 370 370 400 390 390 408 408 397 397 379 380 380 395 395 416 416 426 422 422 430 430 434 434 458 460 460 428 428 407 415 415 442 442 468 468 485 494 494 552 552 637 637 658 567 567 509 509 498 498 494 502 502 481 481 463 463 469 490 490 501 501 506 506 531 577 577 605 605 615 615 576 534 534 508 508 506 516 516 526 526 501 501 489 493 493 517 517 496 496 455 413 413
32767 32767 375 375 401 387 387 377 377 368 368 373 391 391 400 400 404 404 403 410 410 421 421 422 422 415 402 402 397 397 413 449 449 497 497 544 544 557 544 544 599 552 637 637 658 567 567 509 509 498 498 494 502 502 481 481 463 463 469 490 490 501 501 506 506 531 577 577 605 605 615 576 576 534 534 508 508 506 516 516 526 526 501 501 489 493 493 517 517 496 496 455 413 413
32767 32767 375 375 401 387 387 377 377 368 368 373 391 391 400 400 404 404 403 410 410 421 421 422 415 415 402 402 397 397 413 449 449 497 497 544 544 557 544 544 599 599 627 627 626 551 551 492 492 465 465 457 460 460 450 450 449 449 490 521 521 512 512 529 529 560 576 576 621 621 598 591 591 565 565 528 528 495 472 472 496 496 525 525 515 495 495 497 497 477 477 459 410 410
32767 32767 391 391 405 384 384 363 363 365 365 380 391 391 393 393 372 372 368 390 390 398 398 386 415 415 402 402 397 397 413 449 449 497 497 544 544 557 544 544 599 599 627 627 626 551 551 492 492 465 465 457 460 460 450 450 449 449 490 521 521 512 512 529 560 560 576 576 621 621 598 591 591 565 565 528 528 495 472 472 496 496 525 525 515 495 495 497 497 477 477 459 410 410
32767 32767 391 391 405 384 384 363 363 365 365 380 391 391 393 393 372 368 368 390 390 398 398 386 381 381 391 391 414 414 443 485 485 545 545 631 631 645 619 619 600 600 532 532 519 507 507 473 473 449 449 437 433 433 432 432 466 466 508 487 487 490 490 532 587 587 597 597 570 570 529 552 552 535 535 495 495 466 449 449 449 449 525 525 515 495 495 497 497 477 477 459 410 410
32767 32767 385 385 380 356 356 372 363 365 365 380 391 391 393 393 372 368 368 390 390 398 398 386 381 381 391 391 414 414 443 485 485 545 545 631 631 645 619 619 600 600 532 532 519 507 507 473 473 449 449 437 433 433 432 432 466 508 508 487 487 490 490 532 587 587 597 597 570 570 529 552 552 535 535 495 495 466 449 449 449 449 468 468 468 462 462 439 439 451 451 461 436 436
32767 32767 385 385 380 356 356 372 372 384 392 392 386 386 375 375 367 367 367 375 375 384 384 396 411 411 423 423 435 435 455 498 498 556 556 624 624 595 577 577 541 541 481 481 454 452 452 441 441 435 435 438 420 420 448 448 472 461 461 463 463 493 493 538 599 587 597 597 570 570 529 552 552 535 535 495 495 466 449 449 449 449 468 468 468 462 462 439 439 451 451 461 436 436
32767 32767 385 385 380 356 356 372 372 384 392 392 386 386 375 375 367 367 367 375 375 384 384 396 411 411 423 423 435 435 455 498 498 556 556 624 624 595 577 577 541 541 481 481 454 452 452 441 441 435 435 438 420 420 448 448 472 461 461 463 463 493 493 538 599 599 584 584 564 564 518 484 484 496 496 476 476 466 487 487 466 466 422 422 419 418 418 417 417 438 438 426 414 414
32767 32767 358 358 345 357 357 376 376 378 363 363 353 353 354 354 367 383 383 402 402 400 400 422 435 435 457 457 479 479 492 534 534 603 603 597 597 535 497 497 464 464 447 447 430 418 418 424 441 435 438 438 420 420 448 448 472 461 461 463 463 493 493 538 599 599 584 584 564 564 518 484 484 496 496 476 476 466 487 487 466 466 422 422 419 418 418 417 417 438 438 426 414 414
32767 32767 358 345 345 357 357 376 376 378 363 363 353 353 354 354 367 383 383 402 402 400 400 422 435 435 457 457 479 479 492 534 534 603 603 597 597 535 497 497 464 464 447 447 430 418 418 424 424 432 420 420 414 414 438 438 425 432 432 456 456 494 494 551 620 620 641 641 589 589 541 490 490 442 442 443 443 435 441 441 439 439 420 420 396 415 415 413 413 386 379 379 374 374
32767 32767 325 333 333 354 354 367 367 357 344 344 353 353 379 379 389 410 410 428 428 422 422 439 474 474 521 521 576 576 587 534 534 603 603 597 597 535 497 497 464 464 447 430 430 418 418 424 424 432 420 420 414 414 438 438 425 432 432 456 456 494 494 551 620 620 641 641 589 589 541 490 490 442 442 443 443 435 441 441 439 439 420 420 396 415 415 413 413 386 379 379 374 374
32767 32767 325 333 333 354 354 367 367 357 344 344 353 353 379 379 389 410 410 428 428 422 422 439 474 474 521 521 576 576 587 570 570 567 567 570 570 549 503 503 454 454 421 405 405 402 402 407 407 416 410 410 403 403 400 400 399 432 432 474 474 532 532 559 554 554 572 572 592 592 544 471 471 433 433 404 404 402 415 415 419 419 411 386 386 389 389 416 416 386 379 379 374 374
32767 32767 346 350 350 353 353 351 351 343 343 343 385 385 396 379 389 410 410 428 428 422 422 439 474 474 521 521 576 576 587 570 570 567 567 570 549 549 503 503 454 454 421 405 405 402 402 407 407 416 410 410 403 403 400 400 399 432 432 474 474 532 532 559 554 554 572 572 592 592 544 471 471 433 433 404 404 402 415 415 419 419 411 386 386 389 389 416 416 413 386 386 354 354
32767 32767 346 350 350 353 353 351 351 343 343 343 385 385 396 396 405 418 418 433 433 456 456 463 499 499 547 547 581 581 546 524 524 480 480 483 471 471 445 445 423 423 395 388 388 390 390 388 388 391 412 412 399 399 378 378 392 421 421 474 474 528 528 498 459 459 470 470 511 511 513 496 471 433 433 404 402 402 415 415 419 419 411 386 386 389 389 416 416 413 386 386 354 354
32767 32767 346 350 350 353 353 351 351 343 343 343 385 385 396 396 405 418 418 433 433 456 456 463 499 499 547 547 581 546 546 524 524 480 480 483 471 471 445 445 423 423 395 388 388 390 390 388 388 391 412 412 399 399 378 378 392 421 421 474 474 528 528 498 459 459 470 470 511 511 513 496 496 451 451 412 388 388 363 363 379 379 413 391 391 365 365 403 403 410 384 384 363 363
32767 32767 345 336 336 334 334 327 327 331 354 354 386 386 394 394 402 413 413 433 433 461 461 489 515 515 531 531 512 471 471 487 487 476 476 426 425 425 412 412 392 392 375 377 377 375 375 376 376 402 401 401 388 388 375 378 392 421 421 474 474 528 528 498 459 459 470 470 511 511 513 496 496 451 451 412 388 388 363 363 379 379 413 391 391 365 365 403 403 410 384 384 363 363
32767 32767 345 336 336 334 334 327 327 331 354 354 386 386 394 394 402 413 413 433 433 461 489 489 515 515 531 531 512 471 471 487 487 476 476 426 425 425 412 412 392 392 375 377 377 375 375 376 376 402 401 401 388 388 375 375 373 395 395 439 439 445 445 434 401 401 414 414 457 461 461 425 425 410 410 401 397 397 375 375 356 356 351 354 354 397 397 434 434 421 400 400 396 396
32767 32767 326 315 315 322 322 342 342 365 381 381 382 382 389 389 399 412 412 426 426 446 479 479 490 490 460 460 451 432 432 427 427 418 418 396 394 394 387 412 392 392 375 377 377 375 375 376 376 402 401 401 388 388 375 375 373 395 395 439 439 445 445 434 401 401 414 414 457 461 461 425 425 410 410 401 397 397 375 375 356 356 351 354 354 397 397 434 434 421 400 400 396 396
32767 32767 326 315 315 322 322 342 342 365 381 381 382 382 389 399 399 412 412 426 426 446 479 479 490 490 460 460 451 432 432 427 427 418 418 396 394 394 387 387 374 374 369 364 364 363 363 378 378 409 405 405 422 422 404 404 375 361 361 368 368 380 375 375 382 382 406 406 431 399 399 379 379 363 363 356 365 365 379 379 357 357 335 389 389 438 438 419 419 392 347 347 365 365
32767 32767 321 339 339 358 358 372 372 375 375 375 376 376 386 404 404 440 440 466 466 454 479 479 490 490 460 460 451 432 432 427 427 418 418 396 394 394 387 387 374 374 369 364 364 363 363 378 378 409 405 405 422 422 404 404 375 361 361 368 368 380 375 375 382 382 406 406 431 399 399 379 379 363 363 356 365 365 379 379 357 357 335 389 389 438 438 419 419 392 347 347 365 365
32767 32767 321 339 339 358 358 372 372 375 375 375 376 376 386 404 404 440 440 466 466 454 485 485 458 458 417 417 408 399 399 389 389 374 374 368 376 376 373 373 363 363 363 351 351 371 371 411 411 436 440 440 438 438 407 390 390 378 378 362 362 342 350 350 356 356 364 364 371 352 352 341 341 344 344 344 339 339 341 379 357 357 335 389 389 438 438 419 419 392 347 347 365 365
32767 32767 354 364 364 358 358 372 375 375 375 375 376 376 386 404 404 440 440 466 466 454 485 485 458 458 417 417 408 399 399 389 389 374 374 368 376 376 373 373 363 363 363 351 351 371 371 411 411 436 440 440 438 438 407 390 390 378 378 362 362 342 350 350 356 356 364 364 371 352 352 341 341 344 344 344 339 339 341 341 325 325 333 391 391 418 418 393 393 351 315 315 299 299
32767 32767 354 364 364 367 367 367 365 365 368 368 377 377 391 419 419 470 470 485 485 455 423 423 404 404 386 386 381 377 377 365 365 365 365 351 361 361 370 370 365 365 345 350 350 373 373 397 441 441 485 485 471 471 472 450 450 427 427 400 400 356 350 350 356 356 364 364 371 352 352 341 341 344 344 344 339 339 341 341 325 325 333 391 391 418 418 393 393 351 315 315 299 299
32767 354 354 364 364 367 367 367 365 365 368 368 377 377 391 419 419 470 470 485 485 455 423 423 404 404 386 386 381 377 377 365 365 365 365 351 361 361 370 370 365 365 345 350 350 373 373 397 441 441 485 485 471 471 472 450 450 427 427 400 400 356 333 333 326 326 327 327 318 322 322 324 324 354 354 367 347 347 316 316 302 302 329 377 377 401 401 389 389 347 295 295 268 268
32767 343 343 355 355 358 358 359 368 368 385 385 392 392 405 444 444 469 469 433 433 402 377 377 361 361 358 358 361 362 362 355 355 356 356 344 335 335 334 334 342 330 330 340 340 360 373 397 441 441 485 485 471 471 472 450 450 427 427 400 400 356 333 333 326 326 327 327 318 322 322 324 324 354 354 367 347 347 316 316 302 302 329 377 377 401 401 389 347 347 295 295 268 268
32767 343 343 355 355 358 358 359 368 368 385 385 392 392 405 444 444 469 469 433 433 402 377 377 361 361 358 358 361 362 362 355 355 356 356 344 335 335 334 334 342 330 330 340 340 360 360 390 433 433 490 490 524 524 472 431 431 416 416 390 390 365 352 352 341 341 321 321 304 305 305 327 327 343 343 339 330 330 297 297 296 296 335 373 373 388 388 353 312 312 267 267 246 246
