helipistas/1494275846_152_420/INPUT/LCP/Elevation.asc
ncols        160
nrows        207
xllcorner    365696.508271717466
yllcorner    4565265.056038195267
cellsize     100.000000000000
NODATA_value -9999
[rows 126 to 167 of 207, columns 0 to 93 of 160]
32767 339 339 348 348 357 357 386 420 420 437 437 422 422 437 444 444 417 417 388 388 371 360 360 347 347 346 346 351 362 362 355 355 356 344 344 335 335 334 334 342 330 330 340 340 360 360 390 433 433 490 490 524 524 472 431 431 416 416 390 390 365 352 352 341 341 321 321 304 305 305 327 327 343 343 339 330 330 297 297 296 335 335 373 373 388 388 353 312 312 267 267 246 246
32767 339 339 348 348 357 357 386 420 420 437 437 422 422 437 444 444 417 417 388 388 371 360 360 347 347 346 346 351 351 351 348 348 340 340 340 321 321 316 316 323 325 325 343 343 360 360 402 442 442 436 436 454 454 439 437 437 394 394 371 371 357 355 355 344 344 327 327 314 301 301 324 324 361 361 364 353 353 302 302 293 355 355 356 356 319 388 353 312 312 267 267 246 246
32767 341 341 354 354 364 364 383 408 408 410 410 422 422 437 444 444 417 417 388 388 371 360 360 347 347 346 346 351 351 351 348 348 340 340 340 321 321 316 316 323 325 325 343 343 360 360 402 442 442 436 436 454 454 439 437 437 394 394 371 371 357 355 355 344 344 327 327 314 301 301 324 324 361 364 364 353 353 302 302 293 355 355 356 356 319 319 294 258 258 244 244 238 238
32767 341 341 354 354 364 364 383 408 408 410 410 387 387 395 419 419 394 394 361 361 353 347 347 339 339 337 339 339 336 336 331 331 330 324 324 305 305 307 307 328 357 357 383 383 382 382 390 408 408 370 370 361 361 360 387 387 378 378 372 372 340 337 337 350 350 340 340 334 328 301 324 324 361 364 364 353 353 302 302 293 355 355 356 356 319 319 294 258 258 244 244 238 238
32767 341 341 354 354 364 364 383 408 408 410 410 387 387 395 419 419 394 394 361 361 353 347 347 339 339 337 339 339 336 336 331 331 330 324 324 305 305 307 307 328 357 357 383 383 382 382 390 408 408 370 370 361 361 360 387 387 378 378 372 372 340 337 337 350 350 340 334 334 328 328 301 301 347 344 344 331 331 313 313 274 295 295 297 297 261 261 243 232 232 226 226 230 230
32767 342 342 351 351 371 371 393 395 395 388 388 374 374 375 371 371 354 354 343 340 340 335 335 332 332 328 326 326 321 321 309 309 316 325 325 299 299 319 319 348 380 380 370 370 338 338 327 330 330 324 324 310 361 360 387 387 378 378 372 372 340 337 337 350 350 340 334 334 328 328 301 301 347 344 344 331 331 313 313 274 295 295 297 297 261 261 243 232 232 226 226 230 230
32767 342 342 351 351 371 371 393 395 395 388 388 374 374 375 371 371 354 354 343 340 340 335 335 332 332 328 326 326 321 321 309 309 316 325 325 299 299 319 319 348 380 380 370 370 338 338 327 330 330 324 324 310 310 316 320 320 325 325 340 340 313 301 301 323 323 308 309 309 316 316 280 280 293 294 294 297 297 294 294 278 261 261 252 252 248 248 250 248 248 221 221 220 220
32767 345 345 353 353 369 369 385 380 380 374 374 364 354 354 346 346 340 340 332 330 330 329 329 328 328 323 324 324 318 318 304 304 301 298 298 299 299 319 319 348 380 380 370 370 338 338 327 330 330 324 324 310 310 316 320 320 325 325 340 313 313 301 301 323 323 308 309 309 316 316 280 280 293 294 294 297 297 294 294 278 261 261 252 252 248 248 250 248 248 221 221 220 220
32767 345 345 353 353 369 369 385 380 380 374 374 364 354 354 346 346 340 340 332 330 330 329 329 328 328 323 324 324 318 318 304 304 301 298 298 287 287 287 287 316 353 353 362 362 353 353 322 303 303 289 289 286 286 290 289 289 289 289 294 291 291 281 281 280 280 268 277 277 264 264 262 262 265 292 292 280 280 265 265 251 270 270 277 277 280 280 266 244 244 221 221 211 211
32767 335 335 346 346 357 362 362 356 356 359 359 351 341 341 337 337 333 333 332 330 330 329 329 328 328 323 324 324 318 318 304 304 301 298 298 287 287 287 287 316 353 353 362 362 353 353 322 303 303 289 289 286 290 290 289 289 289 289 294 291 291 281 281 280 280 268 277 277 264 264 262 262 265 292 292 280 280 265 265 251 270 270 277 277 280 280 266 244 244 221 221 211 211
32767 335 335 346 346 357 362 362 356 356 359 359 351 341 341 337 337 333 333 326 323 323 331 331 339 339 334 336 336 338 338 336 336 315 305 305 312 312 299 299 278 278 278 292 292 330 330 334 305 305 279 279 266 265 265 273 273 269 269 263 263 263 276 276 241 241 241 264 264 264 264 272 272 269 267 267 264 280 265 265 251 270 270 277 277 280 280 266 244 244 221 221 211 211
32767 332 335 346 346 357 362 362 356 356 359 359 351 341 341 337 337 333 333 326 323 323 331 331 339 339 334 336 336 338 338 336 336 315 305 305 312 312 299 299 278 278 278 292 292 330 334 334 305 305 279 279 266 265 265 273 273 269 269 263 263 263 276 276 241 241 241 264 264 264 264 272 272 269 267 267 264 264 267 267 239 268 268 271 271 259 259 237 222 222 210 210 204 205
32767 332 332 336 336 340 344 344 342 342 340 340 336 331 331 327 327 324 324 320 318 318 327 327 342 342 341 338 338 354 354 353 353 333 326 326 336 336 329 329 323 296 296 272 272 260 296 296 293 293 284 284 265 256 256 260 260 253 253 248 263 263 276 276 241 241 241 264 264 264 264 272 272 269 267 267 264 264 267 267 239 268 268 271 271 259 259 237 222 222 210 210 204 205
32767 332 332 336 336 340 344 344 342 342 340 340 336 331 331 327 327 324 324 320 318 318 327 327 342 342 341 338 338 354 354 353 353 333 326 326 336 336 329 323 323 296 296 272 272 260 296 296 293 293 284 284 265 256 256 260 260 253 253 248 253 253 266 266 251 251 231 243 243 237 237 242 242 253 238 238 229 229 247 247 229 230 230 237 237 223 213 213 208 208 202 202 196 198
32767 324 324 330 330 332 334 334 335 335 328 328 324 323 323 318 318 317 317 313 316 316 325 325 339 339 344 346 346 351 351 361 361 366 335 335 313 313 303 318 318 328 328 272 272 260 296 296 293 293 284 284 265 256 256 260 260 253 253 248 253 253 266 266 251 251 231 243 243 237 237 242 242 253 238 238 229 229 247 247 229 230 230 237 237 223 213 213 208 208 202 202 196 198
32767 324 324 330 330 332 334 334 335 335 328 328 324 323 323 318 318 317 317 313 316 316 325 325 339 339 344 346 346 351 351 361 366 366 335 335 313 313 303 318 318 328 328 315 315 274 252 252 237 237 242 242 257 245 245 247 247 239 239 230 237 237 245 245 242 242 223 213 213 214 214 214 214 221 219 219 210 210 212 208 208 209 209 209 209 209 201 201 196 196 193 193 191 194
32767 316 316 322 322 323 320 320 319 319 318 318 312 313 313 310 310 310 310 310 317 317 328 328 342 342 344 346 346 351 351 361 366 366 335 335 313 313 303 318 318 328 328 315 315 274 252 252 237 237 242 242 257 245 245 247 247 239 239 230 237 237 245 245 242 242 223 213 213 214 214 214 214 221 219 219 210 210 212 208 208 209 209 209 209 209 201 201 196 196 193 193 191 194
32767 316 316 322 322 323 320 320 319 319 318 318 312 313 313 310 310 310 310 310 317 317 328 328 342 349 349 356 356 366 366 365 351 351 318 318 304 304 290 276 276 277 277 269 269 271 261 261 240 240 234 234 249 241 241 231 231 227 227 228 220 220 225 225 223 223 216 209 209 202 202 199 194 194 200 200 197 197 195 192 192 192 192 195 209 209 201 201 196 196 193 193 191 194
32767 317 317 318 318 319 314 314 307 307 318 318 312 313 313 310 310 310 310 310 317 317 328 328 342 349 349 356 356 366 366 365 351 351 318 318 304 304 290 276 276 277 277 269 269 271 261 261 240 240 234 234 249 241 241 231 231 227 227 228 220 220 225 225 223 223 216 209 209 202 202 199 194 194 200 200 197 197 195 192 192 192 192 195 195 198 191 191 185 185 180 180 185 186
32767 317 317 318 318 319 314 314 307 307 305 305 304 304 304 304 304 304 311 311 320 320 329 329 338 345 345 347 347 367 367 370 328 328 309 309 299 299 280 280 280 284 284 272 272 254 240 240 249 249 243 243 225 224 224 231 231 216 216 214 209 209 204 204 211 210 210 209 209 202 202 199 194 194 200 200 197 197 195 192 192 192 192 195 195 198 191 191 185 185 180 180 185 186
32767 317 317 318 318 319 314 314 307 307 305 305 304 304 304 304 304 304 311 311 320 320 329 329 338 345 345 347 347 367 367 370 328 328 309 309 299 299 280 280 280 284 284 272 272 254 240 240 249 249 243 243 225 224 224 231 231 216 216 214 209 209 204 204 211 210 210 206 206 202 202 198 189 189 187 187 189 189 187 184 184 180 180 185 185 187 184 184 177 177 177 177 177 179
32767 316 316 313 313 309 305 305 301 301 296 296 296 296 296 297 297 303 312 312 325 325 342 342 366 372 372 358 358 355 355 353 344 344 315 315 303 303 313 331 331 316 316 302 302 279 250 250 233 233 243 243 225 224 224 231 231 216 214 214 209 209 204 204 211 210 210 206 206 202 202 198 189 189 187 187 189 189 187 184 184 180 180 185 185 187 184 184 177 177 177 177 177 179
32767 316 316 313 313 309 305 305 301 301 296 296 296 296 296 297 297 303 312 312 325 325 342 342 366 372 372 358 358 355 355 353 344 344 315 315 303 303 313 331 331 316 316 302 302 279 250 250 233 233 231 231 237 225 225 206 206 212 209 209 199 199 195 195 206 218 218 204 204 197 197 193 192 192 183 183 187 187 181 177 177 172 172 176 176 176 174 174 169 169 172 172 169 171
32767 304 304 301 295 295 293 293 292 292 290 294 294 297 297 299 299 307 317 317 326 326 339 339 361 380 380 365 365 340 340 327 310 344 315 315 303 303 313 331 331 316 316 302 302 279 250 250 233 233 231 237 237 225 225 206 206 212 209 209 199 199 195 195 206 218 218 204 204 197 197 193 192 192 183 183 187 187 181 177 177 172 172 176 176 176 174 174 169 169 172 172 169 171
32767 304 304 301 295 295 293 293 292 292 290 294 294 297 297 299 299 307 317 317 326 326 339 339 361 380 380 365 365 340 340 327 310 310 306 306 310 310 312 317 317 277 277 274 274 250 234 234 230 230 223 219 219 223 223 206 206 195 193 193 193 193 192 192 198 216 216 204 204 197 197 191 182 182 180 180 176 176 178 171 171 166 166 168 168 168 165 165 163 163 164 172 169 171
32767 296 296 290 287 287 286 286 286 286 288 293 293 298 298 302 302 307 317 317 326 326 339 339 361 380 380 365 365 340 340 327 310 310 306 306 310 310 312 317 317 277 277 274 250 250 234 234 230 230 223 219 219 223 223 206 206 195 193 193 193 193 192 192 198 216 216 204 204 197 197 191 182 182 180 180 176 176 178 171 171 166 166 168 168 168 165 165 163 163 164 164 164 165
32767 296 296 290 287 287 286 286 286 286 288 293 293 298 298 302 302 308 316 316 325 325 334 334 347 369 369 382 382 382 382 368 329 329 298 298 283 283 271 273 273 259 259 241 236 236 229 229 218 218 212 203 203 209 209 210 210 194 188 188 184 184 184 184 199 200 200 197 197 201 201 192 183 183 180 180 176 176 178 171 171 166 166 168 168 168 165 165 163 163 164 164 164 165
32767 296 296 290 287 287 286 286 286 286 288 293 293 298 298 302 302 308 316 316 325 325 334 334 347 369 369 382 382 382 382 368 329 329 298 298 283 271 271 273 273 259 259 241 236 236 229 229 218 218 212 203 203 209 209 210 210 194 188 188 184 184 184 184 199 200 200 197 197 201 201 192 183 183 177 177 167 167 170 167 167 163 163 160 160 159 157 157 156 156 156 158 158 160
32767 292 292 283 280 280 279 279 280 280 284 289 289 294 294 300 300 305 312 312 321 321 333 333 335 347 347 348 348 354 354 341 353 353 354 354 332 303 303 276 276 259 259 252 245 245 234 234 224 224 216 204 204 194 194 201 201 194 188 188 184 184 184 184 199 200 200 197 197 201 201 192 183 183 177 177 167 167 170 167 167 163 163 160 159 159 157 157 156 156 156 158 158 160
32767 292 292 283 280 280 279 279 280 280 284 289 289 294 294 300 300 305 312 312 321 321 333 333 335 347 347 348 348 354 341 341 353 353 354 354 332 303 303 276 276 259 259 252 245 245 234 234 224 224 216 204 204 194 194 201 201 196 185 185 180 180 180 180 195 196 196 186 186 205 205 216 208 208 195 195 169 169 162 162 162 160 160 156 152 152 152 152 151 151 151 154 154 153
32767 292 292 280 275 275 277 277 279 279 283 288 288 293 293 301 301 312 323 323 334 334 347 347 342 323 323 313 313 317 326 326 347 347 364 364 349 309 309 294 294 259 259 252 245 245 234 234 224 224 216 204 204 194 194 201 201 196 185 185 180 180 180 180 195 196 196 186 186 205 205 216 208 208 195 195 169 162 162 162 162 160 160 156 152 152 152 152 151 151 151 154 154 153
32767 292 292 280 275 275 277 277 279 279 283 288 288 293 293 301 301 312 323 323 334 334 347 342 342 323 323 313 313 317 326 326 347 347 364 364 349 309 309 294 294 286 286 271 255 255 242 242 231 231 213 200 200 191 191 187 187 186 183 183 175 175 179 179 197 204 204 181 181 203 203 204 191 191 183 183 169 163 163 157 157 153 153 153 150 150 146 146 145 145 145 146 146 146
32767 283 283 276 271 271 274 274 277 277 283 289 289 297 297 312 312 322 326 326 326 326 323 328 342 323 323 313 313 317 326 326 347 347 364 364 349 309 309 294 294 286 286 271 255 255 242 242 231 231 213 200 200 191 191 187 187 186 183 183 175 175 179 179 197 204 204 181 181 203 204 204 191 191 183 183 169 163 163 157 157 153 153 153 150 150 146 146 145 145 145 146 146 146
32767 283 283 276 271 271 274 274 277 277 283 289 289 297 297 312 322 322 326 326 326 326 323 328 328 320 320 299 299 307 335 335 350 350 360 360 357 330 330 308 308 300 300 272 252 252 247 247 245 245 231 205 205 192 192 184 184 178 174 174 169 169 178 178 199 182 182 164 164 157 155 155 153 153 158 158 161 153 153 150 150 153 153 153 150 150 146 146 145 145 145 146 146 146
32767 275 275 270 268 268 271 274 277 277 283 289 289 297 297 312 322 322 326 326 326 326 323 328 328 320 320 299 299 307 335 335 350 350 360 360 357 330 330 308 308 300 300 272 252 252 247 247 245 245 231 205 205 192 192 184 184 178 174 174 169 169 178 199 199 182 182 164 164 157 155 155 153 153 158 158 161 153 153 150 150 146 146 147 147 147 142 142 139 139 141 140 140 140
32767 275 275 270 268 268 271 271 274 280 280 291 291 305 305 322 332 332 335 335 327 327 306 298 298 301 301 291 291 300 313 313 321 321 341 341 357 342 342 307 307 289 289 288 271 271 256 256 249 249 233 211 211 196 196 187 187 182 176 176 167 167 171 177 177 182 182 164 164 157 155 155 153 153 158 158 161 153 153 150 150 146 146 147 147 147 142 142 139 139 141 140 140 140
32767 275 275 270 268 268 271 271 274 280 280 291 291 305 305 322 332 332 335 335 327 327 306 298 298 301 301 291 291 300 313 313 321 321 341 341 357 342 342 307 307 289 289 288 271 271 256 256 249 249 233 211 211 196 196 187 182 182 176 176 167 167 171 177 177 187 187 176 176 173 166 166 153 153 146 146 144 142 142 140 140 139 139 139 142 142 140 140 135 135 132 133 133 133
32767 268 266 266 267 267 269 269 270 277 277 287 287 302 302 323 327 327 310 310 323 323 316 293 293 280 280 281 281 292 295 295 323 323 324 324 316 332 332 338 338 300 300 278 280 280 261 261 249 249 233 211 211 196 196 187 182 182 176 176 167 167 171 177 177 187 187 176 176 173 166 166 153 153 146 146 144 142 142 140 140 139 139 139 142 142 140 140 135 135 132 133 133 133
32767 268 266 266 267 267 269 269 270 277 277 287 287 302 302 323 327 327 310 310 323 323 316 293 293 280 280 281 281 292 295 295 323 323 324 324 316 332 332 338 338 300 300 278 280 280 261 261 232 220 220 207 207 198 198 195 182 182 171 171 171 171 184 211 211 206 206 188 188 180 170 170 159 159 149 149 143 137 137 137 137 137 137 132 137 137 135 135 140 140 133 127 127 129
32767 263 264 264 264 264 265 265 267 273 273 281 281 294 294 312 337 337 312 312 293 293 296 288 288 275 275 275 275 281 279 295 323 323 324 324 316 332 332 338 338 300 300 278 280 280 261 261 232 220 220 207 207 198 198 195 182 182 171 171 171 171 184 211 211 206 206 188 188 180 170 170 159 159 149 149 143 137 137 137 137 137 137 132 137 137 135 135 140 140 133 127 127 129
32767 263 264 264 264 264 265 265 267 273 273 281 281 294 294 312 337 337 312 312 293 293 296 288 288 275 275 275 275 281 279 279 296 296 297 297 300 331 331 319 319 314 285 285 257 257 237 237 229 233 233 216 216 201 201 187 181 181 197 197 197 197 203 223 223 211 211 203 203 203 183 183 180 180 166 166 159 154 154 144 144 136 136 131 129 129 130 130 131 140 133 127 127 129
32767 261 261 261 262 262 262 262 264 268 268 272 272 280 294 312 337 337 312 312 293 293 296 288 288 275 275 275 275 281 279 279 296 296 297 297 300 331 331 319 319 314 285 285 257 257 237 237 229 233 233 216 216 201 201 187 181 181 197 197 197 197 203 223 223 211 211 203 203 203 183 183 180 180 166 166 159 154 154 144 144 136 136 131 129 129 130 130 131 133 133 127 127 125
