helipistas/1494275846_152_420/INPUT/LCP/Slope.asc
ncols        160
nrows        207
xllcorner    365696.508271717466
yllcorner    4565265.056038195267
cellsize     100.000000000000
NODATA_value  -9999
[rows 36 to 53 of 207, columns 0 to 40 of 160]
-9999 -9999 -9999 2.0374739170074462891 7.7764925956726074219 8.2938051223754882812 9.6028909683227539062 16.701435089111328125 11.005863189697265625 7.4857072830200195312 4.9670224189758300781 6.4836716651916503906 12.595609664916992188 16.169025421142578125 16.472024917602539062 14.714045524597167969 15.34503936767578125 14.780521392822265625 9.60906219482421875 12.7994232177734375 10.98810577392578125 10.970762252807617188 11.516589164733886719 10.326977729797363281 10.997431755065917969 10.298403739929199219 15.468231201171875 10.4868316650390625 11.698917388916015625 11.667363166809082031 15.428503990173339844 16.9770050048828125 12.731770515441894531 16.630075454711914062 14.549679756164550781 13.715518951416015625 13.322691917419433594 11.229127883911132812 7.3313393592834472656 6.5170235633850097656 14.238450050354003906
-9999 -9999 -9999 2.0374739170074462891 6.7598819732666015625 7.3525271415710449219 8.7017230987548828125 15.259501457214355469 10.629797935485839844 9.147369384765625 7.2570204734802246094 6.6282114982604980469 12.920186042785644531 16.502061843872070312 16.832735061645507812 14.986598968505859375 15.006866455078125 14.4265899658203125 12.5631256103515625 14.549679756164550781 8.0890836715698242188 11.414843559265136719 11.938291549682617188 10.52463531494140625 11.182165145874023438 12.466645240783691406 19.085592269897460938 10.752508163452148438 11.832387924194335938 11.801230430603027344 11.738640785217285156 13.787309646606445312 13.501375198364257812 17.483392715454101562 14.456256866455078125 13.6195831298828125 13.223467826843261719 13.322691917419433594 10.32888031005859375 9.1684789657592773438 16.23834228515625
-9999 -9999 -9999 4.9700884819030761719 8.4013118743896484375 9.5925970077514648438 11.289683341979980469 16.661136627197265625 13.189841270446777344 13.227438926696777344 15.144141197204589844 15.258584976196289062 12.460466384887695312 7.92494964599609375 7.2977185249328613281 6.5578908920288085938 8.1530294418334960938 8.1530294418334960938 11.117015838623046875 16.727687835693359375 14.518617630004882812 13.999788284301757812 11.407598495483398438 7.0320057868957519531 4.5839176177978515625 10.349775314331054688 20.313409805297851562 11.558690071105957031 12.438813209533691406 12.312692642211914062 8.8090410232543945312 10.71832275390625 13.170996665954589844 17.333652496337890625 9.3275575637817382812 3.0841519832611083984 2.8624053001403808594 10.481218338012695312 10.481218338012695312 10.203973770141601562 17.223436355590820312
-9999 -9999 -9999 4.9700884819030761719 7.7066607475280761719 8.6771097183227539062 9.397335052490234375 15.33077239990234375 13.821328163146972656 12.313866615295410156 14.371303558349609375 14.751302719116210938 11.20349884033203125 8.3016185760498046875 7.9526576995849609375 7.3094015121459960938 8.1530294418334960938 8.1530294418334960938 7.5808496475219726562 13.73316192626953125 14.580664634704589844 12.942408561706542969 10.042650222778320312 6.6403622627258300781 3.9490633010864257812 9.1668567657470703125 19.570371627807617188 11.939911842346191406 12.826745033264160156 12.704973220825195312 6.5671076774597167969 8.9964694976806640625 14.091390609741210938 18.341936111450195312 12.198164939880371094 11.006750106811523438 2.0846774578094482422 9.44564056396484375 9.6013479232788085938 10.017619132995605469 16.514556884765625
-9999 -9999 -9999 4.5202274322509765625 6.5847349166870117188 7.6322226524353027344 5.7608895301818847656 10.517179489135742188 11.214800834655761719 9.1213178634643554688 10.058810234069824219 6.9224553108215332031 4.2903399467468261719 4.7910633087158203125 3.9490633010864257812 8.5686168670654296875 11.489131927490234375 7.5490536689758300781 3.0957269668579101562 4.57392120361328125 3.7189939022064208984 1.7183580398559570312 1.7183580398559570312 1.7183580398559570312 1.7183580398559570312 7.9696102142333984375 18.778032302856445312 11.309932708740234375 12.407418251037597656 12.407418251037597656 2.8624053001403808594 2.8624053001403808594 10.757966995239257812 15.376251220703125 3.5577368736267089844 11.848749160766601562 7.6675772666931152344 7.3450160026550292969 7.547061920166015625 8.3638505935668945312 12.738554000854492188
-9999 -9999 -9999 4.5202274322509765625 6.33492279052734375 8.6034002304077148438 7.5337681770324707031 9.2566823959350585938 10.228991508483886719 8.8898820877075195312 9.8509855270385742188 9.344524383544921875 9.7483129501342773438 3.7189939022064208984 3.2518546581268310547 8.2775516510009765625 10.598414421081542969 7.8609585762023925781 7.8507709503173828125 6.2748856544494628906 7.3094015121459960938 8.24857330322265625 6.9947290420532226562 6.0352697372436523438 4.6587405204772949219 8.368618011474609375 18.263380050659179688 12.645867347717285156 14.98160552978515625 14.367367744445800781 5.8756680488586425781 4.6192822456359863281 10.265437126159667969 16.95203399658203125 9.0749874114990234375 13.134669303894042969 15.163850784301757812 15.069955825805664062 15.595019340515136719 15.614346504211425781 17.13303375244140625
-9999 -9999 -9999 0 0.28647652268409729004 5.4268126487731933594 5.1427645683288574219 6.2772984504699707031 6.2772984504699707031 1.1457628011703491211 1.1457628011703491211 9.6480455398559570312 12.407418251037597656 2.8624053001403808594 5.4268126487731933594 5.4268126487731933594 3.1480960845947265625 2.2363352775573730469 7.4743123054504394531 5.6830472946166992188 7.2403974533081054688 8.1829748153686523438 6.9166398048400878906 6.828784942626953125 5.6544680595397949219 7.7358379364013671875 16.012302398681640625 11.234332084655761719 16.150499343872070312 15.591150283813476562 7.1986637115478515625 6.2231812477111816406 9.159824371337890625 19.77155303955078125 12.544739723205566406 11.371724128723144531 13.702703475952148438 14.707665443420410156 15.883416175842285156 15.179227828979492188 17.546855926513671875
-9999 -9999 -9999 3.6188831329345703125 3.9387240409851074219 6.6289715766906738281 5.3525109291076660156 5.4936347007751464844 7.2646265029907226562 6.1873755455017089844 4.2665400505065917969 9.2486524581909179688 12.355283737182617188 11.865085601806640625 11.965412139892578125 8.5889253616333007812 3.6469705104827880859 1.474414825439453125 4.6368613243103027344 1.8614575862884521484 5.0521574020385742188 3.2518546581268310547 2.7845401763916015625 4.9547381401062011719 4.5661311149597167969 5.9270853996276855469 12.923892974853515625 7.92494964599609375 14.362119674682617188 16.939128875732421875 16.01432037353515625 19.272945404052734375 20.464513778686523438 21.88837432861328125 13.876102447509765625 8.0717763900756835938 6.9507350921630859375 4.9259538650512695312 8.2612638473510742188 3.6483690738677978516 10.0661468505859375
-9999 -9999 -9999 3.6188831329345703125 4.6192822456359863281 8.2467584609985351562 5.4908666610717773438 3.2628302574157714844 5.7810573577880859375 7.2237339019775390625 5.6759161949157714844 7.1369938850402832031 8.8478755950927734375 11.899311065673828125 11.448445320129394531 7.8303542137145996094 5.4677476882934570312 4.3410615921020507812 2.0374739170074462891 3.4602868556976318359 5.1516370773315429688 6.138202667236328125 5.9065737724304199219 4.1059498786926269531 3.6259255409240722656 4.65000152587890625 10.478410720825195312 6.8228864669799804688 10.464359283447265625 13.907484054565429688 15.389863967895507812 18.842325210571289062 19.743295669555664062 16.857110977172851562 11.020046234130859375 9.6419010162353515625 8.7359437942504882812 6.1447825431823730469 9.378887176513671875 3.5057158470153808594 9.788211822509765625
-9999 -9999 -9999 1.1322598457336425781 3.8905436992645263672 8.6051349639892578125 5.2520904541015625 2.2636361122131347656 1.3586339950561523438 4.5482735633850097656 5.1476955413818359375 5.8679156303405761719 6.3959555625915527344 7.8130841255187988281 7.3477482795715332031 7.2126026153564453125 9.662876129150390625 11.964199066162109375 11.173008918762207031 5.9441227912902832031 1.8253340721130371094 9.7619695663452148438 10.447469711303710938 7.2091207504272460938 6.1472482681274414062 6.603839874267578125 9.14791107177734375 4.6368613243103027344 3.3630213737487792969 7.7590966224670410156 11.015172958374023438 13.009553909301757812 13.153936386108398438 11.963794708251953125 9.398914337158203125 11.395654678344726562 13.06166839599609375 13.201784133911132812 14.948470115661621094 9.6136875152587890625 12.227402687072753906
-9999 -9999 -9999 1.1322598457336425781 4.4384489059448242188 8.0494670867919921875 4.2221512794494628906 3.2939858436584472656 2.7531449794769287109 2.7251410484313964844 3.6427712440490722656 4.8037738800048828125 6.4368343353271484375 7.7590966224670410156 7.3886036872863769531 7.2542529106140136719 8.545345306396484375 11.099893569946289062 11.318536758422851562 10.052937507629394531 6.5916194915771484375 10.684933662414550781 11.309932708740234375 6.9362478256225585938 7.1200780868530273438 8.4397783279418945312 7.3559384346008300781 2.9416713714599609375 3.1171090602874755859 7.6577734947204589844 11.406319618225097656 13.385881423950195312 13.0737457275390625 11.364876747131347656 8.6051349639892578125 9.9895620346069335938 11.8760986328125 13.269590377807617188 16.342487335205078125 10.552542686462402344 12.017034530639648438
-9999 -9999 -9999 2.2636361122131347656 4.9011445045471191406 7.3777322769165039062 3.1675095558166503906 2.7232637405395507812 3.0086684226989746094 2.6797225475311279297 3.0441288948059082031 3.1996014118194580078 3.5848848819732666016 3.2376880645751953125 3.0086684226989746094 2.7531449794769287109 1.4604451656341552734 1.6699715852737426758 3.2690854072570800781 11.1034088134765625 8.6311197280883789062 9.8289384841918945312 13.87371063232421875 14.266261100769042969 11.852018356323242188 7.712505340576171875 2.2110123634338378906 0.85937225818634033203 5.4268126487731933594 5.4268126487731933594 4.2891530990600585938 5.1427645683288574219 0.85937225818634033203 0.28647652268409729004 0.28647652268409729004 4.57392120361328125 4.57392120361328125 6.8427734375 13.766301155090332031 7.1250162124633789062 9.0902767181396484375
-9999 -9999 -9999 2.2636361122131347656 4.3045558929443359375 6.4180006980895996094 2.8979041576385498047 1.2968668937683105469 1.8225256204605102539 2.4649434089660644531 2.8570420742034912109 3.1480960845947265625 3.3493292331695556641 2.5606389045715332031 3.8003835678100585938 3.6019246578216552734 2.0248682498931884766 3.3371107578277587891 4.4521846771240234375 7.6734528541564941406 5.9065737724304199219 7.1369938850402832031 12.189852714538574219 14.325643539428710938 18.198648452758789062 18.213140487670898438 16.00624847412109375 15.609294891357421875 14.636307716369628906 12.180345535278320312 10.047060012817382812 7.86159515380859375 4.57392120361328125 3.2628302574157714844 2.1807045936584472656 5.5203146934509277344 5.6616268157958984375 8.4768848419189453125 16.913282394409179688 12.595227241516113281 14.613180160522460938
-9999 -9999 -9999 1.3586339950561523438 3.5577368736267089844 5.7924246788024902344 3.6637182235717773438 2.7251410484313964844 1.571980595588684082 0.85937225818634033203 0.85937225818634033203 0.28647652268409729004 0.85937225818634033203 0.57293868064880371094 4.0041728019714355469 4.0041728019714355469 2.2906100749969482422 4.9331660270690917969 3.8377680778503417969 4.6532807350158691406 3.7189939022064208984 0.85937225818634033203 0.85937225818634033203 2.0045340061187744141 8.3441572189331054688 13.29796600341796875 16.037355422973632812 15.641357421875 14.163975715637207031 11.592247962951660156 9.6280622482299804688 7.0576930046081542969 4.8834934234619140625 3.7299497127532958984 2.8336837291717529297 7.3532094955444335938 7.4588665962219238281 10.305555343627929688 20.54515838623046875 14.103463172912597656 15.236574172973632812
-9999 -9999 -9999 1.3586339950561523438 3.4351167678833007812 5.1437511444091796875 3.3371107578277587891 3.7476837635040283203 3.2518546581268310547 1.9553900957107543945 2.0871322154998779297 2.8979041576385498047 3.8905436992645263672 3.5791869163513183594 5.0521574020385742188 5.5678272247314453125 5.1437511444091796875 7.3777322769165039062 5.9398679733276367188 6.2909531593322753906 7.4265241622924804688 7.3777322769165039062 7.2376227378845214844 6.9253611564636230469 6.2207465171813964844 2.3545162677764892578 2.0846774578094482422 2.3084168434143066406 3.2955358028411865234 6.1085028648376464844 9.3318023681640625 13.419655799865722656 15.045130729675292969 14.132921218872070312 12.518641471862792969 13.719326972961425781 13.279295921325683594 15.70052337646484375 22.828180313110351562 12.631802558898925781 9.1011810302734375
-9999 -9999 -9999 0 2.8624053001403808594 4.2891530990600585938 1.4320962429046630859 2.4711627960205078125 2.7531449794769287109 1.9022841453552246094 2.7232637405395507812 4.9269847869873046875 4.5972118377685546875 3.6469705104827880859 4.5661311149597167969 5.1318988800048828125 5.0842070579528808594 7.2708430290222167969 5.9398679733276367188 5.778430938720703125 7.0004773139953613281 7.3641190528869628906 7.2237339019775390625 7.6812801361083984375 9.41259002685546875 4.430416107177734375 2.6393363475799560547 2.8192124366760253906 5.3676443099975585938 7.4211192131042480469 10.359258651733398438 14.760202407836914062 15.045130729675292969 14.036243438720703125 12.407418251037597656 13.416460037231445312 12.964588165283203125 16.574098587036132812 21.195604324340820312 10.269265174865722656 4.6663737297058105469
-9999 -9999 -9999 0.67941254377365112305 2.7251410484313964844 4.1565041542053222656 1.5189278125762939453 1.5817295312881469727 1.8669528961181640625 1.9343231916427612305 4.3644495010375976562 5.900577545166015625 3.6651105880737304688 2.2636361122131347656 2.7531449794769287109 2.7232637405395507812 1.8669528961181640625 4.5661311149597167969 4.1894578933715820312 3.8444049358367919922 2.8641905784606933594 3.3992619514465332031 5.5203146934509277344 8.1112794876098632812 11.020046234130859375 6.0844697952270507812 6.1579203605651855469 8.3184213638305664062 9.8929281234741210938 9.3275575637817382812 5.9678912162780761719 6.4751110076904296875 4.4212179183959960938 2.5924062728881835938 0.40513560175895690918 6.790348052978515625 6.7755045890808105469 11.743595123291015625 15.760890960693359375 16.967344284057617188 19.863239288330078125
-9999 -9999 -9999 1.1810154914855957031 2.7624161243438720703 3.4529032707214355469 1.6607419252395629883 0.73034119606018066406 1.2320023775100708008 2.1452000141143798828 5.0158514976501464844 4.6532807350158691406 4.265346527099609375 3.5332677364349365234 3.0357236862182617188 3.0086684226989746094 1.5817295312881469727 2.6022534370422363281 3.4232072830200195312 6.6099414825439453125 6.0985698699951171875 4.2760763168334960938 6.0952553749084472656 7.9419646263122558594 9.6028909683227539062 5.0672063827514648438 8.22676849365234375 9.9287271499633789062 9.516567230224609375 8.9255619049072265625 4.7021884918212890625 1.320368647575378418 4.3422341346740722656 3.6413705348968505859 2.5924062728881835938 6.0852999687194824219 6.0686707496643066406 8.3710002899169921875 9.6490688323974609375 17.48882293701171875 19.862363815307617188
