helipistas/1494275846_152_420/INPUT/LCP/Slope.asc
ncols        160
nrows        207
xllcorner    365696.508271717466
yllcorner    4565265.056038195267
cellsize     100.000000000000
NODATA_value  -9999
[rows 72 to 89 of 207, columns 82 to 122 of 160]
9.0245561599731445312 10.752508163452148438 15.248501777648925781 15.5147247314453125 13.159383773803710938 10.252025604248046875 17.357677459716796875 6.0578360557556152344 3.5332677364349365234 4.8037738800048828125 6.4618577957153320312 8.8225688934326171875 10.800169944763183594 11.735749244689941406 5.5641875267028808594 5.0601892471313476562 5.7608895301818847656 9.5848684310913085938 11.498010635375976562 12.055589675903320312 11.394373893737792969 6.790348052978515625 6.0578360557556152344 5.2404880523681640625 5.31352996826171875 4.8668208122253417969 4.2891530990600585938 5.8756680488586425781 8.8045263290405273438 12.979350090026855469 15.092256546020507812 15.635425567626953125 13.768024444580078125 6.5046343803405761719 3.2439920902252197266 2.6624896526336669922 10.175507545471191406 11.850383758544921875 11.62528228759765625 18.672143936157226562 23.1910858154296875
4.2891530990600585938 5.4268126487731933594 5.4268126487731933594 2.2906100749969482422 5.4936347007751464844 6.8809065818786621094 11.527973175048828125 4.701107025146484375 3.0357236862182617188 4.4521846771240234375 7.3066544532775878906 9.4498281478881835938 10.743859291076660156 8.7983150482177734375 3.0841519832611083984 6.5548157691955566406 7.1059498786926269531 7.3641190528869628906 9.75640869140625 12.581480979919433594 12.707995414733886719 6.9340720176696777344 6.3317356109619140625 5.555988311767578125 5.6678829193115234375 5.6616268157958984375 5.1604943275451660156 2.5606389045715332031 9.9307117462158203125 13.622025489807128906 15.635128974914550781 15.145681381225585938 10.906460762023925781 5.1742415428161621094 2.7531449794769287109 2.0349590778350830078 6.6645951271057128906 9.0667848587036132812 10.615041732788085938 21.14817047119140625 23.462072372436523438
7.4454083442687988281 6.6547613143920898438 5.7424120903015136719 4.2076525688171386719 7.3004693984985351562 7.1221952438354492188 3.6483690738677978516 7.2956547737121582031 10.389067649841308594 11.762979507446289062 12.745333671569824219 11.978341102600097656 8.4226398468017578125 2.4293971061706542969 5.0551710128784179688 8.75640869140625 12.121136665344238281 10.073966026306152344 4.1687397956848144531 5.778430938720703125 11.889950752258300781 9.1927709579467773438 7.0398650169372558594 5.6678829193115234375 5.3676443099975585938 9.0640497207641601562 7.3538918495178222656 6.4054131507873535156 7.2646265029907226562 8.4962530136108398438 10.064680099487304688 9.4288682937622070312 11.310792922973632812 13.003298759460449219 14.167644500732421875 16.28331756591796875 18.842325210571289062 21.721906661987304688 21.667509078979492188 21.471652984619140625 18.805385589599609375
6.9166398048400878906 5.7424120903015136719 4.6489081382751464844 4.8037738800048828125 7.65450286865234375 6.9507350921630859375 5.6401228904724121094 8.11435699462890625 10.613195419311523438 11.958941459655761719 12.489399909973144531 11.703476905822753906 8.91832733154296875 9.7942571640014648438 7.2811923027038574219 7.214691162109375 11.090662002563476562 11.448445320129394531 7.4850373268127441406 5.7397670745849609375 11.331430435180664062 10.863361358642578125 8.0593900680541992188 6.9013490676879882812 4.5705842971801757812 9.8689851760864257812 9.6316518783569335938 6.9013490676879882812 5.31352996826171875 11.223919868469238281 12.42797088623046875 10.240995407104492188 11.616092681884765625 12.927968978881835938 14.628281593322753906 16.675130844116210938 18.733829498291015625 21.63243865966796875 22.073942184448242188 17.653268814086914062 15.248501777648925781
4.5258507728576660156 5.0961728096008300781 5.2181773185729980469 5.6678829193115234375 5.2520904541015625 6.1085028648376464844 14.416140556335449219 12.612006187438964844 11.815590858459472656 11.549862861633300781 7.6936559677124023438 0.90585035085678100586 8.6839857101440429688 14.714365005493164062 7.5490536689758300781 3.9062356948852539062 5.2404880523681640625 10.429140090942382812 13.269590377807617188 5.5450367927551269531 5.2953662872314453125 6.796276092529296875 6.9968852996826171875 7.495746612548828125 3.9387240409851074219 7.5815105438232421875 6.6759228706359863281 2.9347128868103027344 2.3718414306640625 12.410523414611816406 12.133880615234375 5.9940929412841796875 4.0041728019714355469 2.0045340061187744141 5.4268126487731933594 5.4268126487731933594 2.5765719413757324219 2.5765719413757324219 6.5601963996887207031 2.5765719413757324219 9.0902767181396484375
4.4761190414428710938 5.1712985038757324219 5.2915339469909667969 5.31352996826171875 4.8668208122253417969 9.8289384841918945312 21.099781036376953125 15.100918769836425781 11.749785423278808594 11.482361793518066406 10.424904823303222656 7.175601959228515625 11.583868980407714844 14.837491035461425781 5.3477725982666015625 4.6663737297058105469 5.8263897895812988281 11.533450126647949219 15.537759780883789062 6.2837281227111816406 3.6539580821990966797 3.1691219806671142578 6.3061785697937011719 6.8574662208557128906 5.3525109291076660156 8.5360174179077148438 5.1110897064208984375 2.0772957801818847656 0.50641471147537231445 11.533450126647949219 12.025480270385742188 9.2566823959350585938 7.7455377578735351562 0.20257033407688140869 6.796276092529296875 7.5656313896179199219 7.5709285736083984375 9.9426107406616210938 12.460466384887695312 9.0913677215576171875 7.2570204734802246094
5.7740507125854492188 6.5170235633850097656 6.000835418701171875 5.3020653724670410156 4.560558319091796875 11.431871414184570312 23.878862380981445312 15.35717010498046875 7.4211192131042480469 6.0753278732299804688 10.752508163452148438 13.565011024475097656 13.572021484375 11.188700675964355469 1.4320962429046630859 3.7189939022064208984 3.7189939022064208984 11.034209251403808594 15.376251220703125 4.57392120361328125 0.85937225818634033203 0.85937225818634033203 4.57392120361328125 4.57392120361328125 5.1427645683288574219 8.8107328414916992188 3.7189939022064208984 1.1457628011703491211 0.90585035085678100586 8.3710002899169921875 9.5518178939819335938 9.4430217742919921875 11.648634910583496094 4.43386077880859375 8.234043121337890625 8.8742246627807617188 9.237934112548828125 11.243000984191894531 12.030303955078125 10.204936981201171875 3.8070867061614990234
5.7176795005798339844 6.3157749176025390625 5.7810573577880859375 4.9700884819030761719 4.1687397956848144531 9.5538873672485351562 22.244577407836914062 15.474240303039550781 8.2364664077758789062 7.054843902587890625 9.9796972274780273438 17.424833297729492188 13.04187774658203125 7.8609585762023925781 5.4380078315734863281 6.845714569091796875 6.606128692626953125 11.867941856384277344 17.183330535888671875 7.7170481681823730469 2.0248682498931884766 0.40513560175895690918 4.2569823265075683594 6.3611540794372558594 8.4557027816772460938 10.269265174865722656 9.0946407318115234375 9.7942571640014648438 8.6971492767333984375 6.6645951271057128906 3.8231253623962402344 6.71878814697265625 13.556592941284179688 7.3004693984985351562 7.797698974609375 8.102039337158203125 8.01213836669921875 14.283115386962890625 16.55169677734375 13.944559097290039062 9.4978475570678710938
0.85937225818634033203 1.7183580398559570312 1.7183580398559570312 1.1457628011703491211 1.9942889213562011719 8.2697134017944335938 18.985189437866210938 13.766301155090332031 5.7105932235717773438 5.7105932235717773438 8.8107328414916992188 18.843263626098632812 10.569248199462890625 5.6999464035034179688 7.0655226707458496094 6.7030286788940429688 6.45795440673828125 10.290291786193847656 18.146945953369140625 10.328404426574707031 3.2628302574157714844 2.5924062728881835938 2.83548736572265625 5.5203146934509277344 9.2459735870361328125 9.0421314239501953125 8.828762054443359375 10.048529624938964844 8.9848766326904296875 5.6293392181396484375 1.3164808750152587891 6.3197689056396484375 14.491698265075683594 8.699436187744140625 6.2555480003356933594 6.6342897415161132812 7.2230386734008789062 13.880200386047363281 16.28331756591796875 13.156842231750488281 9.6280622482299804688
15.248501777648925781 15.7782135009765625 14.066202163696289062 11.011183738708496094 4.6718182563781738281 5.2530560493469238281 16.327297210693359375 15.069955825805664062 8.3016185760498046875 12.051178932189941406 11.318536758422851562 15.266829490661621094 10.411717414855957031 7.5550260543823242188 7.2984066009521484375 4.3187246322631835938 4.3888702392578125 7.3450160026550292969 16.2725830078125 12.273470878601074219 10.328404426574707031 8.6351537704467773438 5.1712985038757324219 2.83548736572265625 6.816982269287109375 6.3833231925964355469 4.2509975433349609375 4.9986133575439453125 6.5170235633850097656 7.9274730682373046875 8.5686168670654296875 9.0223560333251953125 14.386049270629882812 9.1191425323486328125 2.6393363475799560547 6.7777333259582519531 11.46753692626953125 12.036731719970703125 10.015652656555175781 8.83438873291015625 6.9803366661071777344
15.5099334716796875 16.154207229614257812 14.495594024658203125 13.731779098510742188 8.8965845108032226562 4.430416107177734375 15.765004158020019531 15.566123008728027344 7.4937396049499511719 11.526708602905273438 10.228991508483886719 7.2091207504272460938 9.0749874114990234375 8.2024688720703125 7.9677286148071289062 6.4148564338684082031 6.4618577957153320312 6.9485640525817871094 12.71441650390625 10.047060012817382812 11.339158058166503906 9.8364610671997070312 7.9148488044738769531 6.6494603157043457031 4.9011445045471191406 5.6544680595397949219 4.0143413543701171875 4.3737688064575195312 6.0544986724853515625 7.6577734947204589844 8.3208189010620117188 8.334590911865234375 11.778214454650878906 7.683887481689453125 3.1996014118194580078 7.0112423896789550781 11.874876022338867188 12.423320770263671875 10.001877784729003906 10.538133621215820312 8.493907928466796875
14.538041114807128906 14.050053596496582031 9.9722919464111328125 11.958941459655761719 14.677316665649414062 3.7093808650970458984 14.150295257568359375 15.8364715576171875 11.565410614013671875 11.965816497802734375 13.599672317504882812 14.019042015075683594 13.913273811340332031 10.45122528076171875 7.1250162124633789062 7.8405699729919433594 7.921794891357421875 6.3698725700378417969 10.617348670959472656 6.828784942626953125 9.0749874114990234375 10.026951789855957031 11.58847808837890625 11.983185768127441406 6.2837281227111816406 0.91149336099624633789 5.9949359893798828125 6.8486542701721191406 6.2837281227111816406 6.6312513351440429688 7.3094015121459960938 7.2091207504272460938 7.1419196128845214844 4.3551096916198730469 7.4857072830200195312 6.0561676025390625 6.6007871627807617188 7.4803471565246582031 0.9607893824577331543 8.3232164382934570312 7.6884479522705078125
14.925286293029785156 18.047197341918945312 15.262249946594238281 11.690207481384277344 17.448442459106445312 6.6736588478088378906 10.968536376953125 13.136124610900878906 11.670689582824707031 12.067209243774414062 13.096766471862792969 13.958135604858398438 12.914623260498046875 8.8826160430908203125 4.4384489059448242188 8.1112794876098632812 8.1896820068359375 4.854278564453125 9.5456075668334960938 7.2708430290222167969 8.0519495010375976562 9.11859893798828125 11.20610809326171875 11.61525726318359375 8.2697134017944335938 8.7637853622436523438 6.7992382049560546875 6.8955144882202148438 6.33492279052734375 6.4618577957153320312 7.1566762924194335938 6.9362478256225585938 3.4808773994445800781 1.8112480640411376953 7.8386554718017578125 6.2620005607604980469 8.0550508499145507812 7.099582672119140625 3.0591993331909179688 8.33997344970703125 8.2115907669067382812
6.66686248779296875 15.971312522888183594 17.602855682373046875 15.795806884765625 22.199506759643554688 10.917206764221191406 4.8584628105163574219 7.4769949913024902344 8.6351537704467773438 7.8507709503173828125 7.2784337997436523438 8.3823060989379882812 8.9004907608032226562 8.7268323898315429688 9.0047397613525390625 10.349775314331054688 8.69085693359375 4.9904804229736328125 9.2486524581909179688 6.6282114982604980469 4.8584628105163574219 4.8584628105163574219 7.4069123268127441406 7.4069123268127441406 8.2503871917724609375 12.680383682250976562 4.57392120361328125 1.1457628011703491211 1.1457628011703491211 0.85937225818634033203 0.85937225818634033203 0.57293868064880371094 2.2906100749969482422 2.8624053001403808594 6.8427734375 5.7679123878479003906 9.3957548141479492188 5.2064981460571289062 7.3333926200866699219 8.6466703414916992188 8.75640869140625
4.8037738800048828125 12.189456939697265625 14.3463592529296875 16.08444976806640625 25.56229400634765625 14.325643539428710938 0.85937225818634033203 5.7740507125854492188 8.3823060989379882812 7.5702667236328125 7.2784337997436523438 8.6351537704467773438 8.9004907608032226562 8.699436187744140625 8.9782457351684570312 8.9964694976806640625 7.0004773139953613281 4.7910633087158203125 11.020488739013671875 9.1452016830444335938 4.8876523971557617188 4.9700884819030761719 8.0494670867919921875 7.9696102142333984375 7.5490536689758300781 11.265503883361816406 6.5085086822509765625 8.102039337158203125 10.395207405090332031 10.140650749206542969 7.0754742622375488281 4.5258507728576660156 3.2955358028411865234 2.2838964462280273438 6.9968852996826171875 7.0198421478271484375 10.464827537536621094 5.7617678642272949219 11.922066688537597656 15.436640739440917969 16.34867095947265625
11.723348617553710938 10.796092987060546875 6.8221487998962402344 12.133880615234375 26.104854583740234375 15.376251220703125 3.7189939022064208984 3.7189939022064208984 1.7183580398559570312 1.7183580398559570312 0.85937225818634033203 3.4336304664611816406 2.5765719413757324219 0.57293868064880371094 0.57293868064880371094 3.1480960845947265625 3.1480960845947265625 1.1457628011703491211 10.76160430908203125 9.6848211288452148438 4.6137747764587402344 4.701107025146484375 9.159824371337890625 9.0902767181396484375 6.1373796463012695312 7.9224257469177246094 5.6616268157958984375 9.0864572525024414062 11.166462898254394531 10.496646881103515625 8.6432170867919921875 5.0239424705505371094 2.9347128868103027344 1.2194558382034301758 7.2784337997436523438 7.3004693984985351562 10.877748489379882812 10.652808189392089844 10.050978660583496094 14.905200958251953125 15.853986740112304688
11.723348617553710938 11.503080368041992188 10.2926788330078125 14.036243438720703125 23.511289596557617188 13.019480705261230469 6.5394177436828613281 9.656742095947265625 11.455661773681640625 12.137461662292480469 12.5631256103515625 12.920186042785644531 12.081216812133789062 9.7133207321166992188 6.3793702125549316406 5.5120487213134765625 4.4886045455932617188 1.7183580398559570312 9.8364610671997070312 11.242567062377929688 8.7410650253295898438 7.3532094955444335938 10.047060012817382812 11.492938041687011719 11.487862586975097656 15.065304756164550781 18.415706634521484375 17.600034713745117188 13.06056976318359375 10.708728790283203125 11.630290031433105469 9.0771732330322265625 8.828762054443359375 9.3862705230712890625 9.0820894241333007812 6.0453100204467773438 10.343606948852539062 12.889372825622558594 2.7624161243438720703 5.9398679733276367188 11.531343460083007812
0.28647652268409729004 4.8301453590393066406 8.1976003646850585938 12.773913383483886719 17.484685897827148438 7.9902787208557128906 6.3229622840881347656 9.5144891738891601562 11.396080970764160156 12.081616401672363281 12.550871849060058594 13.085079193115234375 12.309167861938476562 10.640850067138671875 7.7455377578735351562 7.7066607475280761719 7.0198421478271484375 2.8624053001403808594 6.8574662208557128906 10.221301078796386719 9.9267416000366210938 8.7410650253295898438 8.158538818359375 9.7786321640014648438 10.865160942077636719 14.926854133605957031 18.691864013671875 17.346454620361328125 12.69589996337890625 11.074816703796386719 12.176778793334960938 9.0771732330322265625 8.8107328414916992188 9.369384765625 7.5177836418151855469 3.1755630970001220703 8.95166778564453125 13.296889305114746094 4.5705842971801757812 5.6320371627807617188 11.381986618041992188
