helipistas/1494275846_152_420/INPUT/LCP/Slope.asc
ncols        160
nrows        207
xllcorner    365696.508271717466
yllcorner    4565265.056038195267
cellsize     100.000000000000
NODATA_value  -9999
[rows 18 to 35 of 207, columns 41 to 81 of 160]
1.4604451656341552734 3.3932490348815917969 4.1306886672973632812 4.560558319091796875 4.3222594261169433594 4.4476108551025390625 4.0647969245910644531 2.9468796253204345703 3.4336304664611816406 4.5202274322509765625 4.701107025146484375 4.43386077880859375 4.0698075294494628906 3.8003835678100585938 3.6651105880737304688 5.3411321640014648438 6.4109234809875488281 7.5596680641174316406 9.5181245803833007812 11.037746429443359375 11.938291549682617188 11.450993537902832031 12.525555610656738281 8.420864105224609375 4.71837615966796875 4.0698075294494628906 6.544811248779296875 13.568867683410644531 8.4013118743896484375 8.9605360031127929688 8.2091588973999023438 2.2906100749969482422 2.2906100749969482422 3.1480960845947265625 9.6480455398559570312 6.5601963996887207031 9.0902767181396484375 9.0902767181396484375 10.203973770141601562 10.203973770141601562 8.530765533447265625
2.0248682498931884766 4.4761190414428710938 4.3187246322631835938 4.4154591560363769531 4.1687397956848144531 4.0647969245910644531 3.6413705348968505859 3.2628302574157714844 3.6188831329345703125 4.3737688064575195312 4.8037738800048828125 4.5426783561706542969 4.1687397956848144531 3.9062356948852539062 3.6483690738677978516 4.7666044235229492188 6.1010546684265136719 7.921794891357421875 9.8043231964111328125 11.066002845764160156 11.930181503295898438 11.175625801086425781 9.6817626953125 6.5548157691955566406 3.6469705104827880859 2.7531449794769287109 5.1624603271484375 11.453539848327636719 7.7170481681823730469 10.45122528076171875 11.090662002563476562 6.3793702125549316406 4.1638498306274414062 4.701107025146484375 11.705134391784667969 8.4862813949584960938 11.251661300659179688 11.930181503295898438 12.010997772216796875 11.46753692626953125 5.7185649871826171875
3.1432237625122070312 4.7334342002868652344 2.83548736572265625 2.7401123046875 2.83548736572265625 2.9416713714599609375 2.8498754501342773438 2.7624161243438720703 2.229457855224609375 1.5423634052276611328 2.4315025806427001953 2.7401123046875 2.8624053001403808594 2.3610281944274902344 0.28647652268409729004 0.28647652268409729004 0.57293868064880371094 3.4336304664611816406 3.4336304664611816406 1.4320962429046630859 0.57293868064880371094 0.85937225818634033203 3.4336304664611816406 3.4336304664611816406 1.7183580398559570312 1.7183580398559570312 4.2891530990600585938 9.9262456893920898438 5.7105932235717773438 6.6789402961730957031 8.4674777984619140625 6.3793702125549316406 4.1638498306274414062 7.1559743881225585938 15.463122367858886719 9.7072210311889648438 12.331468582153320312 12.947217941284179688 11.251661300659179688 10.665211677551269531 2.7991917133331298828
3.2392652034759521484 4.4863371849060058594 2.5385670661926269531 2.8498754501342773438 2.9416713714599609375 2.83548736572265625 2.7401123046875 2.6490082740783691406 2.1260209083557128906 1.5423634052276611328 2.1356322765350341797 2.4814939498901367188 3.6762285232543945312 3.7761530876159667969 0.51644319295883178711 0.51644319295883178711 1.6483550071716308594 4.0257496833801269531 3.9490633010864257812 2.6624896526336669922 3.933544158935546875 5.7854318618774414062 5.8722238540649414062 3.4764754772186279297 0.3651854395866394043 2.672077178955078125 5.9577164649963378906 10.906908988952636719 7.3094015121459960938 6.2547411918640136719 6.0578360557556152344 5.1938152313232421875 5.93646240234375 7.8609585762023925781 15.248501777648925781 9.0946407318115234375 11.354597091674804688 11.992867469787597656 10.23331451416015625 12.301724433898925781 12.067209243774414062
2.2906100749969482422 3.7189939022064208984 1.4320962429046630859 2.2906100749969482422 2.2906100749969482422 2.0045340061187744141 2.0045340061187744141 2.0045340061187744141 1.4320962429046630859 0.57293868064880371094 1.1457628011703491211 1.1457628011703491211 2.5546383857727050781 4.126987457275390625 1.4951243400573730469 1.4951243400573730469 2.1356322765350341797 3.9075405597686767578 3.8284564018249511719 2.8408915996551513672 5.47608184814453125 6.2393860816955566406 5.5349788665771484375 2.8641905784606933594 2.3631947040557861328 3.5462431907653808594 6.0620055198669433594 11.161660194396972656 7.4211192131042480469 6.0578360557556152344 5.8541073799133300781 5.6857190132141113281 6.3698725700378417969 5.4677476882934570312 11.179986000061035156 8.0146331787109375 9.7982845306396484375 10.540924072265625 8.6839857101440429688 11.071732521057128906 11.832387924194335938
3.8642470836639404297 4.7366547584533691406 2.7991917133331298828 3.2768871784210205078 3.8761029243469238281 4.2844028472900390625 4.5426783561706542969 4.503314971923828125 3.3279170989990234375 1.1322598457336425781 2.2636361122131347656 2.0349590778350830078 3.4336304664611816406 5.2723307609558105469 2.7251410484313964844 2.7845401763916015625 2.5142667293548583984 2.3610281944274902344 3.2376880645751953125 3.7788531780242919922 6.5694093704223632812 4.4749822616577148438 3.2628302574157714844 4.0647969245910644531 7.2535605430603027344 9.4493045806884765625 10.021058082580566406 11.164716720581054688 5.8756680488586425781 4.2221512794494628906 3.9837572574615478516 3.3992619514465332031 3.4529032707214355469 2.5040714740753173828 8.5360174179077148438 7.184696197509765625 9.21591949462890625 9.8784694671630859375 7.5676183700561523438 8.0989561080932617188 7.8386554718017578125
4.0497269630432128906 5.0961728096008300781 2.8784341812133789062 2.9137365818023681641 3.5749073028564453125 4.1687397956848144531 4.0497269630432128906 4.1601786613464355469 5.0087609291076660156 2.4649434089660644531 2.4378077983856201172 2.2271604537963867188 6.2772984504699707031 6.71878814697265625 2.3631947040557861328 3.7093808650970458984 3.5115344524383544922 0.81023067235946655273 2.3610281944274902344 3.6469705104827880859 7.3333926200866699219 5.51572418212890625 4.2221512794494628906 4.8668208122253417969 9.4493045806884765625 11.199149131774902344 9.7982845306396484375 8.7410650253295898438 4.0760622024536132812 3.7299497127532958984 3.4573352336883544922 2.1356322765350341797 2.2202544212341308594 2.7531449794769287109 7.0377225875854492188 5.6759161949157714844 8.308223724365234375 9.0421314239501953125 7.396068572998046875 7.9394464492797851562 7.4857072830200195312
2.8192124366760253906 4.5078310966491699219 3.0441288948059082031 2.7251410484313964844 1.9237029552459716797 1.7302427291870117188 4.2891530990600585938 3.8642470836639404297 4.4476108551025390625 6.85453033447265625 6.5847349166870117188 4.3269677162170410156 5.1742415428161621094 6.4556117057800292969 6.9311695098876953125 8.871425628662109375 10.08177947998046875 8.7045803070068359375 6.6282114982604980469 4.0041728019714355469 6.5046343803405761719 6.4360508918762207031 5.7388854026794433594 6.1472482681274414062 9.4288682937622070312 9.1452016830444335938 3.8377680778503417969 4.9986133575439453125 4.3737688064575195312 5.6857190132141113281 5.4380078315734863281 4.5258507728576660156 4.1158633232116699219 3.3371107578277587891 5.5239844322204589844 3.7639784812927246094 5.7740507125854492188 5.7176795005798339844 1.7183580398559570312 1.5189278125762939453 0.9607893824577331543
2.0248682498931884766 3.0441288948059082031 2.8570420742034912109 3.3386404514312744141 2.7251410484313964844 1.9942889213562011719 4.4384489059448242188 3.4395720958709716797 4.2986383438110351562 6.5663399696350097656 6.7777333259582519531 4.6181812286376953125 0.57293868064880371094 4.5168499946594238281 6.9224553108215332031 9.6827821731567382812 10.796092987060546875 9.2679119110107421875 7.361392974853515625 4.9166655540466308594 4.8834934234619140625 7.5410828590393066406 8.5494222640991210938 8.8242588043212890625 8.5149898529052734375 8.1976003646850585938 3.8377680778503417969 6.5170235633850097656 4.9986133575439453125 5.555988311767578125 5.3020653724670410156 4.430416107177734375 4.0105314254760742188 2.8624053001403808594 4.2950839996337890625 4.1797213554382324219 4.9711098670959472656 4.9424228668212890625 1.9942889213562011719 1.6607419252395629883 0.71615993976593017578
9.8289384841918945312 10.01171875 9.3952283859252929688 9.0771732330322265625 8.5540800094604492188 7.4850373268127441406 7.0889573097229003906 4.9751944541931152344 3.8444049358367919922 2.3106329441070556641 3.0957269668579101562 3.4455034732818603516 4.4886045455932617188 8.4845209121704101562 10.965419769287109375 13.280733108520507812 13.999788284301757812 9.9465742111206054688 3.7585549354553222656 4.2233572006225585938 3.7909791469573974609 7.9696102142333984375 9.9262456893920898438 9.9262456893920898438 7.4069123268127441406 7.4069123268127441406 3.4336304664611816406 6.8427734375 3.4336304664611816406 2.2906100749969482422 2.2906100749969482422 0.57293868064880371094 0.57293868064880371094 0.85937225818634033203 3.4336304664611816406 4.2891530990600585938 4.2233572006225585938 4.2665400505065917969 2.2636361122131347656 2.5765719413757324219 1.0907473564147949219
10.602574348449707031 10.530222892761230469 9.5848684310913085938 9.28446197509765625 8.7745561599731445312 8.1014223098754882812 8.158538818359375 5.0279831886291503906 3.9023187160491943359 2.4061155319213867188 2.6393363475799560547 3.0424497127532958984 5.3477725982666015625 9.2486524581909179688 10.99210357666015625 12.912768363952636719 13.654084205627441406 11.039957046508789062 6.1546387672424316406 2.9503464698791503906 7.4676008224487304688 6.7300214767456054688 10.642690658569335938 10.642690658569335938 7.5410828590393066406 7.5410828590393066406 4.0003528594970703125 7.5231156349182128906 4.4886045455932617188 2.8624053001403808594 2.0649342536926269531 1.1140010356903076172 3.7544820308685302734 6.6350488662719726562 8.5038709640502929688 7.8002653121948242188 7.3313393592834472656 7.2126026153564453125 4.9052882194519042969 1.8476477861404418945 1.4320962429046630859
13.883273124694824219 13.6707763671875 11.678584098815917969 7.9620804786682128906 4.0041728019714355469 4.8584628105163574219 6.8427734375 2.0045340061187744141 1.7183580398559570312 1.7183580398559570312 1.7183580398559570312 1.7183580398559570312 4.8584628105163574219 5.9940929412841796875 1.1457628011703491211 5.1427645683288574219 5.1427645683288574219 8.2503871917724609375 8.2503871917724609375 5.607707977294921875 7.9902787208557128906 4.0143413543701171875 12.017034530639648438 12.017034530639648438 7.5410828590393066406 7.5410828590393066406 4.3935060501098632812 8.1976003646850585938 4.71837615966796875 2.3610281944274902344 1.2809591293334960938 1.4498792886734008789 6.761371612548828125 8.0556707382202148438 8.2467584609985351562 7.2984066009521484375 7.2570204734802246094 7.1369938850402832031 4.9751944541931152344 3.4232072830200195312 2.2363352775573730469
13.958135604858398438 13.731779098510742188 16.14593505859375 16.401676177978515625 12.658017158508300781 12.336157798767089844 12.525555610656738281 8.3662347793579101562 6.8574662208557128906 5.555988311767578125 4.5426783561706542969 4.2844028472900390625 6.3061785697937011719 7.5834932327270507812 4.8876523971557617188 7.1250162124633789062 8.5354337692260742188 11.738640785217285156 13.924164772033691406 15.275678634643554688 12.870024681091308594 1.7420461177825927734 11.84711456298828125 15.382605552673339844 15.424886703491210938 11.667363166809082031 4.7140650749206542969 7.396068572998046875 5.2443585395812988281 4.7452311515808105469 2.1260209083557128906 3.2955358028411865234 10.515780448913574219 9.0448741912841796875 6.9427709579467773438 7.618427276611328125 6.5855002403259277344 3.9075405597686767578 5.4612560272216796875 11.428467750549316406 12.320128440856933594
2.2906100749969482422 3.4336304664611816406 7.4528136253356933594 12.48516082763671875 12.905717849731445312 12.636746406555175781 13.999112129211425781 8.9964694976806640625 7.4743123054504394531 6.3061785697937011719 4.6663737297058105469 4.4154591560363769531 6.5324764251708984375 8.0544300079345703125 4.9700884819030761719 6.2579684257507324219 7.8329095840454101562 10.434783935546875 12.870024681091308594 15.630678176879882812 19.663751602172851562 9.6521387100219726562 7.8768491744995117188 12.704973220825195312 20.125705718994140625 18.541978836059570312 5.3761377334594726562 3.5634696483612060547 4.5828080177307128906 6.35480499267578125 4.7452311515808105469 6.1085028648376464844 13.302987098693847656 9.147369384765625 7.184696197509765625 7.8386554718017578125 6.2555480003356933594 3.3140785694122314453 10.877748489379882812 17.242656707763671875 12.869652748107910156
13.540792465209960938 15.041402816772460938 15.302189826965332031 15.591150283813476562 14.367367744445800781 13.788685798645019531 16.475366592407226562 10.76160430908203125 8.65874481201171875 7.0576930046081542969 3.7531232833862304688 4.3795833587646484375 7.5947165489196777344 10.496646881103515625 8.7268323898315429688 9.1906147003173828125 9.0536451339721679688 8.6771097183227539062 6.8611340522766113281 9.7619695663452148438 22.119943618774414062 15.985182762145996094 5.7141375541687011719 1.3586339950561523438 19.891927719116210938 22.600528717041015625 7.5656313896179199219 6.4953260421752929688 2.6257355213165283203 6.1373796463012695312 6.1505336761474609375 6.7030286788940429688 12.927968978881835938 7.4857072830200195312 5.8515148162841796875 6.2231812477111816406 8.11435699462890625 10.792922019958496094 17.792552947998046875 22.142042160034179688 13.274983406066894531
13.540792465209960938 14.986598968505859375 15.248501777648925781 16.150499343872070312 14.98160552978515625 13.850458145141601562 18.19840240478515625 12.172020912170410156 10.387650489807128906 9.1147918701171875 3.4410557746887207031 4.1158633232116699219 8.3829011917114257812 12.42797088623046875 9.2137689590454101562 9.2186069488525390625 9.0820894241333007812 9.8028135299682617188 8.4633579254150390625 6.6517329216003417969 19.184848785400390625 16.20969390869140625 9.11859893798828125 7.2784337997436523438 18.892757415771484375 21.268480300903320312 9.1452016830444335938 9.4120645523071289062 6.2941617965698242188 6.4203581809997558594 6.4329156875610351562 5.2867398262023925781 10.364943504333496094 6.4743323326110839844 5.6508851051330566406 6.0352697372436523438 9.8329515457153320312 12.111968040466308594 18.089857101440429688 22.246639251708984375 13.159383773803710938
9.0536451339721679688 4.4886045455932617188 0.73034119606018066406 7.5523724555969238281 9.5352468490600585938 10.617348670959472656 18.0452117919921875 10.83226776123046875 9.382579803466796875 9.7442636489868164062 4.769802093505859375 5.0511527061462402344 5.3020653724670410156 8.871425628662109375 11.115261077880859375 12.872631072998046875 13.407934188842773438 14.06048583984375 14.764967918395996094 11.880990028381347656 16.072690963745117188 13.6038665771484375 10.830913543701171875 10.875951766967773438 16.818088531494140625 20.681936264038085938 6.6615710258483886719 9.0536451339721679688 8.2503871917724609375 6.5601963996887207031 6.5601963996887207031 4.57392120361328125 8.8107328414916992188 4.2891530990600585938 2.2906100749969482422 2.2906100749969482422 8.2503871917724609375 8.2503871917724609375 14.305551528930664062 19.29004669189453125 5.4268126487731933594
10.830913543701171875 5.6857190132141113281 3.5791869163513183594 4.9547381401062011719 7.6734528541564941406 11.712175369262695312 20.619747161865234375 12.151377677917480469 8.4633579254150390625 8.8652639389038085938 4.7355813980102539062 5.0188870429992675781 2.5365509986877441406 4.8876523971557617188 10.772508621215820312 12.979350090026855469 13.509833335876464844 13.430655479431152344 13.089463233947753906 9.5181245803833007812 12.550871849060058594 11.325415611267089844 10.961855888366699219 11.006306648254394531 12.672806739807128906 20.912647247314453125 11.755559921264648438 9.6449737548828125 9.6398525238037109375 10.029406547546386719 9.0492610931396484375 6.4743323326110839844 10.037747383117675781 8.0575304031372070312 9.5786809921264648438 13.834016799926757812 16.2428741455078125 14.225184440612792969 16.858194351196289062 21.094730377197265625 11.723348617553710938
