helipistas/1494275846_152_420/INPUT/LCP/Slope.asc
ncols        160
nrows        207
xllcorner    365696.508271717466
yllcorner    4565265.056038195267
cellsize     100.000000000000
NODATA_value  -9999
[rows 0 to 17 of 207, columns 0 to 40 of 160]
-9999.0 -9999 -9999 -9999 16.172159194946289062 16.172159194946289062 6.5601963996887207031 6.5601963996887207031 6.2772984504699707031 6.2772984504699707031 4.8584628105163574219 14.842226982116699219 10.203973770141601562 7.6884479522705078125 7.6884479522705078125 4.8584628105163574219 4.8584628105163574219 7.1250162124633789062 16.961706161499023438 10.203973770141601562 9.369384765625 9.369384765625 1.1457628011703491211 1.1457628011703491211 4.8584628105163574219 13.766301155090332031 9.0902767181396484375 6.8427734375 6.8427734375 4.2891530990600585938 4.2891530990600585938 3.1480960845947265625 3.6019246578216552734 -9999 -9999 -9999 -9999 -9999 -9999 -9999 -9999
-9999 -9999 -9999 -9999 18.058370590209960938 24.3938140869140625 19.085592269897460938 13.810686111450195312 8.75640869140625 7.8939728736877441406 6.3229622840881347656 16.385152816772460938 10.961855888366699219 9.8364610671997070312 10.8970489501953125 6.4743323326110839844 3.5115344524383544922 7.1250162124633789062 16.961706161499023438 10.203973770141601562 9.369384765625 9.369384765625 1.1457628011703491211 1.1457628011703491211 4.8584628105163574219 13.766301155090332031 9.0902767181396484375 6.8427734375 6.8427734375 4.2891530990600585938 4.2891530990600585938 3.1480960845947265625 4.4521846771240234375 1.7183580398559570312 3.3932490348815917969 3.3932490348815917969 5.8679156303405761719 10.001877784729003906 4.7452311515808105469 1.1322598457336425781 1.1322598457336425781
-9999 -9999 -9999 -9999 23.680135726928710938 24.026132583618164062 23.078393936157226562 19.272945404052734375 10.1614837646484375 9.4367341995239257812 8.961090087890625 19.228391647338867188 11.3550262451171875 11.576741218566894531 12.477064132690429688 7.0633883476257324219 5.7924246788024902344 9.0245561599731445312 17.853122711181640625 10.309844017028808594 8.0500879287719726562 14.238450050354003906 17.156881332397460938 17.935230255126953125 17.1144561767578125 14.896403312683105469 8.1383199691772460938 6.5916194915771484375 6.3959555625915527344 3.6019246578216552734 4.0295453071594238281 4.4761190414428710938 9.3952283859252929688 14.440617561340332031 16.355413436889648438 15.842312812805175781 13.611203193664550781 13.483382225036621094 8.4486293792724609375 8.84450531005859375 12.751357078552246094
-9999 -9999 -9999 -9999 14.842226982116699219 14.842226982116699219 20.304473876953125 20.304473876953125 9.6480455398559570312 9.6480455398559570312 10.203973770141601562 20.5560455322265625 11.034209251403808594 11.585125923156738281 11.585125923156738281 1.632738947868347168 3.9888710975646972656 10.526032447814941406 19.255598068237304688 10.173574447631835938 6.0919389724731445312 13.288275718688964844 17.245550155639648438 18.019102096557617188 16.83110809326171875 11.549862861633300781 5.063198089599609375 5.6437125205993652344 5.4127850532531738281 2.190074920654296875 3.0086684226989746094 6.1841096878051757812 11.166462898254394531 14.906456947326660156 16.238058090209960938 15.720284461975097656 12.748722076416015625 10.192887306213378906 8.65357208251953125 11.20088958740234375 14.430179595947265625
-9999 -9999 -9999 -9999 13.994379043579101562 11.549862861633300781 19.12505340576171875 22.061614990234375 18.800909042358398438 15.155539512634277344 12.02387237548828125 21.0528564453125 11.62528228759765625 12.521715164184570312 13.441999435424804688 9.7942571640014648438 10.8880767822265625 12.088013648986816406 15.77498626708984375 9.014102935791015625 8.681121826171875 8.4674777984619140625 8.779087066650390625 11.289252281188964844 11.477281570434570312 10.054895401000976562 6.8523273468017578125 3.4632360935211181641 3.4632360935211181641 6.4992060661315917969 9.9391422271728515625 12.443456649780273438 13.547817230224609375 13.153573989868164062 12.512491226196289062 12.512491226196289062 11.529658317565917969 6.6152753829956054688 4.9700884819030761719 9.9302158355712890625 9.9302158355712890625
-9999 -9999 -9999 -9999 3.9270596504211425781 4.701107025146484375 14.095416069030761719 18.11731719970703125 22.51137542724609375 19.772655487060546875 13.137943267822265625 21.174718856811523438 10.64453125 11.146800994873046875 12.184703826904296875 9.6644086837768554688 10.772508621215820312 9.656742095947265625 7.1657953262329101562 5.7256412506103515625 8.5050420761108398438 8.2865848541259765625 10.424904823303222656 11.351596832275390625 9.9984312057495117188 10.484960556030273438 7.797698974609375 4.265346527099609375 4.265346527099609375 6.7277765274047851562 10.526964187622070312 11.020488739013671875 12.853255271911621094 13.547817230224609375 12.512491226196289062 12.512491226196289062 12.569247245788574219 8.4839334487915039062 1.8669528961181640625 9.9302158355712890625 9.9302158355712890625
-9999 -9999 -9999 -9999 14.647534370422363281 18.157794952392578125 18.496080398559570312 16.475366592407226562 17.886323928833007812 15.91829681396484375 14.225184440612792969 21.959774017333984375 11.179986000061035156 10.026951789855957031 11.945988655090332031 9.8684854507446289062 7.37705230712890625 5.4566144943237304688 2.190074920654296875 2.8979041576385498047 8.3495330810546875 9.6934823989868164062 12.846166610717773438 11.312084197998046875 9.7604532241821289062 11.409303665161132812 9.5331735610961914062 8.1536417007446289062 7.4857072830200195312 4.4761190414428710938 7.8494968414306640625 3.7038762569427490234 7.3368134498596191406 7.3395485877990722656 3.5791869163513183594 3.7135038375854492188 6.6517329216003417969 14.325643539428710938 16.68308258056640625 13.519692420959472656 7.1559743881225585938
-9999 -9999 -9999 -9999 13.994379043579101562 18.173559188842773438 17.774332046508789062 15.635425567626953125 10.431021690368652344 6.0084118843078613281 13.87371063232421875 22.311004638671875 11.867941856384277344 8.4862813949584960938 10.708728790283203125 10.494310379028320312 8.2091588973999023438 5.4566144943237304688 6.2288579940795898438 5.93646240234375 9.746288299560546875 10.908252716064453125 13.737654685974121094 12.17281341552734375 11.487862586975097656 13.230687141418457031 11.546918869018554688 9.2056989669799804688 8.62419891357421875 7.0719218254089355469 9.2470455169677734375 2.44828033447265625 7.1958723068237304688 7.1986637115478515625 4.43386077880859375 4.5426783561706542969 7.6623501777648925781 13.827159881591796875 16.782489776611328125 13.66521453857421875 8.4486293792724609375
-9999 -9999 -9999 -9999 18.105449676513671875 22.478712081909179688 23.094745635986328125 23.214376449584960938 21.403697967529296875 17.984464645385742188 14.430179595947265625 16.020946502685546875 10.509251594543457031 8.84450531005859375 8.0816717147827148438 8.4839334487915039062 8.0494670867919921875 5.2675189971923828125 9.85498809814453125 9.2443666458129882812 10.120744705200195312 11.011183738708496094 14.334855079650878906 9.3846893310546875 4.0041728019714355469 10.757966995239257812 10.757966995239257812 8.530765533447265625 8.530765533447265625 8.2503871917724609375 9.9262456893920898438 1.7183580398559570312 7.1250162124633789062 7.1250162124633789062 4.8584628105163574219 4.8584628105163574219 9.369384765625 6.5601963996887207031 2.8624053001403808594 2.7006347179412841797 4.8584628105163574219
-9999 -9999 -9999 -9999 16.916515350341796875 22.549488067626953125 23.113918304443359375 23.233404159545898438 21.887798309326171875 18.591077804565429688 12.277791976928710938 4.2221512794494628906 7.6230282783508300781 9.2137689590454101562 8.4862813949584960938 8.8512439727783203125 8.8781423568725585938 5.2675189971923828125 9.50617218017578125 9.3572282791137695312 9.0487127304077148438 10.042650222778320312 16.56552886962890625 15.149687767028808594 9.3418760299682617188 11.407598495483398438 10.236676216125488281 8.4680662155151367188 8.3136243820190429688 8.8898820877075195312 13.309798240661621094 10.236676216125488281 12.942408561706542969 12.246326446533203125 10.456856727600097656 9.7072210311889648438 10.447469711303710938 10.349775314331054688 10.827301025390625 13.209016799926757812 12.531314849853515625
-9999 -9999 -9999 -9999 7.9808912277221679688 7.3477482795715332031 3.1675095558166503906 4.0041728019714355469 7.1250162124633789062 7.1250162124633789062 4.57392120361328125 2.5765719413757324219 2.0045340061187744141 4.8584628105163574219 4.8584628105163574219 6.2772984504699707031 7.4069123268127441406 1.1457628011703491211 7.6884479522705078125 7.6884479522705078125 5.9940929412841796875 5.9940929412841796875 10.21793365478515625 12.58797454833984375 8.95166778564453125 9.4430217742919921875 7.9620804786682128906 7.7925639152526855469 7.6236858367919921875 9.8509855270385742188 17.990451812744140625 12.402759552001953125 12.544739723205566406 11.822148323059082031 10.136284828186035156 9.3588151931762695312 8.530765533447265625 12.455829620361328125 12.084815025329589844 13.288275718688964844 12.615434646606445312
-9999 -9999 -9999 -9999 9.332332611083984375 10.40087127685546875 12.365418434143066406 13.770436286926269531 15.486248970031738281 16.104213714599609375 13.785933494567871094 11.8760986328125 7.9746260643005371094 4.3888702392578125 2.8064885139465332031 6.8014588356018066406 8.4415493011474609375 4.7910633087158203125 8.7268323898315429688 8.871425628662109375 7.6682305335998535156 7.9526576995849609375 8.7268323898315429688 11.261612892150878906 8.8624620437622070312 9.1792840957641601562 8.5050420761108398438 9.2566823959350585938 9.0749874114990234375 10.514848709106445312 18.965631484985351562 10.024988174438476562 5.9712786674499511719 6.1873755455017089844 5.7679123878479003906 7.5656313896179199219 8.3638505935668945312 12.919074058532714844 8.9848766326904296875 5.7740507125854492188 8.5726823806762695312
-9999 -9999 -9999 -9999 10.757966995239257812 8.3727865219116210938 9.6357526779174804688 14.048370361328125 14.960671424865722656 16.929981231689453125 14.155969619750976562 12.728754043579101562 9.3015127182006835938 3.933544158935546875 2.0172669887542724609 5.8851294517517089844 7.9746260643005371094 4.9904804229736328125 8.4862813949584960938 8.6351537704467773438 7.3559384346008300781 7.6525397300720214844 7.4850373268127441406 10.603960037231445312 9.2566823959350585938 8.7268323898315429688 8.01213836669921875 9.0487127304077148438 8.8624620437622070312 9.0640497207641601562 16.916515350341796875 9.4743928909301757812 6.6585454940795898438 6.8523273468017578125 7.74359893798828125 9.147369384765625 8.4279623031616210938 11.659043312072753906 7.6623501777648925781 6.047817230224609375 8.75640869140625
-9999 -9999 -9999 -9999 10.620577812194824219 10.627954483032226562 5.93390655517578125 5.923671722412109375 3.9490633010864257812 10.163903236389160156 6.4360508918762207031 6.8574662208557128906 7.4743123054504394531 6.5939126014709472656 9.5347280502319335938 11.6236114501953125 11.969049453735351562 9.5766172409057617188 7.4507946968078613281 4.3888702392578125 5.3893222808837890625 6.0678377151489257812 4.6587405204772949219 6.7910895347595214844 8.1878528594970703125 8.1878528594970703125 5.7150235176086425781 7.5251145362854003906 7.5251145362854003906 8.4397783279418945312 16.026994705200195312 9.1011810302734375 7.0398650169372558594 6.85453033447265625 7.65450286865234375 7.5596680641174316406 4.2986383438110351562 8.9032802581787109375 4.6718182563781738281 3.4455034732818603516 3.4455034732818603516
-9999 -9999 -9999 0 10.343606948852539062 10.351198196411132812 6.3579802513122558594 6.34844970703125 3.8070867061614990234 9.4707384109497070312 5.8851294517517089844 5.555988311767578125 6.3061785697937011719 6.1767554283142089844 9.2566823959350585938 11.723348617553710938 11.5418701171875 9.44564056396484375 6.1841096878051757812 1.3164808750152587891 4.465877532958984375 5.2675189971923828125 4.8259358406066894531 5.6481966972351074219 7.7590966224670410156 7.7590966224670410156 5.0722126960754394531 7.5251145362854003906 7.5251145362854003906 9.3020448684692382812 15.644914627075195312 7.8303542137145996094 6.5170235633850097656 6.3157749176025390625 6.8221487998962402344 6.7150392532348632812 4.8668208122253417969 9.0426797866821289062 4.2474026679992675781 3.4455034732818603516 3.4455034732818603516
-9999 -9999 -9999 3.3932490348815917969 10.45122528076171875 12.172020912170410156 11.889543533325195312 12.240416526794433594 10.745680809020996094 10.429140090942382812 5.6571536064147949219 4.7065105438232421875 4.5078310966491699219 3.6651105880737304688 4.3422341346740722656 5.7854318618774414062 5.1762022972106933594 2.83548736572265625 4.6489081382751464844 5.7424120903015136719 4.8969969749450683594 3.2768871784210205078 1.1853482723236083984 2.4897277355194091797 4.8037738800048828125 5.3780231475830078125 6.2158746719360351562 9.4346370697021484375 9.6337032318115234375 8.82482147216796875 13.269590377807617188 6.2772984504699707031 5.7105932235717773438 5.7105932235717773438 6.2772984504699707031 7.65450286865234375 5.7459359169006347656 7.9318861961364746094 4.0041728019714355469 3.4336304664611816406 3.4336304664611816406
-9999 -9999 -9999 3.3932490348815917969 8.2503871917724609375 10.375830650329589844 11.677337646484375 12.035124778747558594 10.500383377075195312 8.2823705673217773438 4.2076525688171386719 4.3422341346740722656 4.1257529258728027344 6.3579802513122558594 6.7665820121765136719 5.6759161949157714844 4.750583648681640625 2.9416713714599609375 3.7788531780242919922 5.0672063827514648438 4.503314971923828125 2.6490082740783691406 1.4498792886734008789 4.7065105438232421875 5.1938152313232421875 5.2867398262023925781 6.1373796463012695312 9.6337032318115234375 9.8284368515014648438 8.6432170867919921875 12.966434478759765625 8.8428201675415039062 8.8512439727783203125 9.2716512680053710938 8.4839334487915039062 10.929728507995605469 8.0995731353759765625 6.9572439193725585938 4.8762063980102539062 4.5661311149597167969 4.6587405204772949219
-9999 -9999 -9999 9.6465101242065429688 12.195790290832519531 9.6827821731567382812 8.3495330810546875 9.6362657546997070312 9.3275575637817382812 9.6526508331298828125 10.219377517700195312 7.8609585762023925781 2.6257355213165283203 7.618427276611328125 7.6884479522705078125 4.2891530990600585938 3.1480960845947265625 1.1457628011703491211 1.1457628011703491211 1.1457628011703491211 0.85937225818634033203 0.85937225818634033203 2.5765719413757324219 5.7105932235717773438 3.1480960845947265625 0.28647652268409729004 0.28647652268409729004 7.1250162124633789062 9.3846893310546875 8.7637853622436523438 12.529779434204101562 8.7456140518188476562 9.2373971939086914062 9.6398525238037109375 7.5251145362854003906 9.808849334716796875 6.20693206787109375 4.8511376380920410156 4.5527443885803222656 4.6761689186096191406 4.7666044235229492188
